4.271419677734375000e+02 4.192092590332031250e+02 4.775301208496093750e+02 5.378725585937500000e+02 8.308038711547851562e-01 0.000000000000000000e+00
4.968790588378906250e+02 4.020073547363281250e+02 5.426209716796875000e+02 5.293441772460937500e+02 7.888646125793457031e-01 0.000000000000000000e+00
4.103774414062500000e+02 1.834285278320312500e+02 4.304372863769531250e+02 2.424628295898437500e+02 7.185774445533752441e-01 0.000000000000000000e+00
3.252882690429687500e+02 2.419891357421875000e+02 3.509023437500000000e+02 3.168580322265625000e+02 6.495994329452514648e-01 0.000000000000000000e+00
3.081845397949218750e+02 2.611361389160156250e+02 3.348035278320312500e+02 3.305477600097656250e+02 6.054381728172302246e-01 0.000000000000000000e+00
4.654556579589843750e+02 2.386214447021484375e+02 4.951668090820312500e+02 3.041523132324218750e+02 5.936299562454223633e-01 0.000000000000000000e+00
6.180780029296875000e+02 3.859525756835937500e+02 6.733438110351562500e+02 4.906136474609375000e+02 5.729895234107971191e-01 0.000000000000000000e+00
5.634346313476562500e+02 2.352208557128906250e+02 5.865020751953125000e+02 2.999103088378906250e+02 5.712251663208007812e-01 0.000000000000000000e+00
4.700098876953125000e+02 1.845534210205078125e+02 4.886155090332031250e+02 2.452863006591796875e+02 5.082466602325439453e-01 0.000000000000000000e+00
4.441751403808593750e+02 1.870581359863281250e+02 4.641680603027343750e+02 2.434862976074218750e+02 4.885427653789520264e-01 0.000000000000000000e+00
6.055250244140625000e+02 3.310900268554687500e+02 6.359734497070312500e+02 4.042272949218750000e+02 4.858190417289733887e-01 0.000000000000000000e+00
3.274064636230468750e+02 1.001026611328125000e+02 3.397758178710937500e+02 1.391843414306640625e+02 2.989427447319030762e-01 0.000000000000000000e+00
4.549259338378906250e+02 1.860049133300781250e+02 4.845802307128906250e+02 2.437382507324218750e+02 2.668724060058593750e-01 0.000000000000000000e+00
6.299680175781250000e+02 3.588019104003906250e+02 6.597477416992187500e+02 4.138407897949218750e+02 2.655046582221984863e-01 0.000000000000000000e+00
3.028708457946777344e+00 6.194633483886718750e+01 1.470248317718505859e+01 8.192544555664062500e+01 2.507370114326477051e-01 0.000000000000000000e+00
