9.913978881835937500e+02 3.699111328125000000e+02 1.315764404296875000e+03 5.613516235351562500e+02 7.890932559967041016e-01 2.500000000000000000e+01
4.189345397949218750e+02 5.891255493164062500e+02 5.874265747070312500e+02 7.609360351562500000e+02 7.300067543983459473e-01 7.000000000000000000e+00
4.480936279296875000e+02 3.133131408691406250e+01 5.284376831054687500e+02 7.189924621582031250e+01 6.638380885124206543e-01 2.000000000000000000e+00
2.913125305175781250e+02 1.809361724853515625e+02 4.324067687988281250e+02 3.105005798339843750e+02 6.637997031211853027e-01 5.000000000000000000e+00
7.405310058593750000e+02 9.913225555419921875e+01 8.592382202148437500e+02 1.965283050537109375e+02 5.106227993965148926e-01 7.000000000000000000e+00
2.937150878906250000e+02 1.774706726074218750e+02 4.317175903320312500e+02 3.108124389648437500e+02 4.882822036743164062e-01 7.000000000000000000e+00
3.394851379394531250e+02 5.363489990234375000e+02 3.899811706542968750e+02 6.093673706054687500e+02 4.348850250244140625e-01 0.000000000000000000e+00
4.455186462402343750e+02 2.549482116699218750e+02 4.787040710449218750e+02 3.167998046875000000e+02 3.982688486576080322e-01 0.000000000000000000e+00
1.092724121093750000e+03 1.526012573242187500e+02 1.309327636718750000e+03 2.661660766601562500e+02 3.839408159255981445e-01 2.500000000000000000e+01
6.452589111328125000e+02 1.456198577880859375e+02 7.258820190429687500e+02 2.303386383056640625e+02 3.719338476657867432e-01 7.000000000000000000e+00
9.115025634765625000e+02 2.875344238281250000e+02 1.192726928710937500e+03 4.033321533203125000e+02 3.539372682571411133e-01 2.500000000000000000e+01
7.399854125976562500e+02 9.964289855957031250e+01 8.576992797851562500e+02 1.977306976318359375e+02 3.506596982479095459e-01 5.000000000000000000e+00
6.087069091796875000e+02 3.598617248535156250e+02 6.443208007812500000e+02 4.181606445312500000e+02 3.097797930240631104e-01 0.000000000000000000e+00
7.780313720703125000e+02 5.013833312988281250e+02 9.599581909179687500e+02 7.297352294921875000e+02 2.990502417087554932e-01 7.000000000000000000e+00
5.453768310546875000e+02 1.780361557006835938e+01 5.809511108398437500e+02 4.700020599365234375e+01 2.950398623943328857e-01 2.000000000000000000e+00
1.321128784179687500e+03 4.670091552734375000e+02 1.359657348632812500e+03 5.203988647460937500e+02 2.784116864204406738e-01 3.000000000000000000e+00
8.841084289550781250e+01 4.926670227050781250e+02 3.999205627441406250e+02 7.337035522460937500e+02 2.783012092113494873e-01 2.500000000000000000e+01
4.979672241210937500e+02 1.113685989379882812e+02 5.450754394531250000e+02 1.940043640136718750e+02 2.747570872306823730e-01 7.000000000000000000e+00
7.805491943359375000e+02 5.000498962402343750e+02 9.581546630859375000e+02 7.291862182617187500e+02 2.512760460376739502e-01 5.000000000000000000e+00
