2.767561645507812500e+02 3.284985961914062500e+02 4.930075988769531250e+02 4.100162658691406250e+02 9.147477746009826660e-01 2.000000000000000000e+00
9.396113281250000000e+02 3.635574340820312500e+02 1.146441894531250000e+03 4.796595458984375000e+02 9.132666587829589844e-01 2.000000000000000000e+00
6.387576904296875000e+02 4.975616760253906250e+02 9.093820800781250000e+02 6.271030273437500000e+02 9.118918180465698242e-01 2.000000000000000000e+00
8.195744628906250000e+02 1.548745727539062500e+02 8.748189086914062500e+02 2.055664367675781250e+02 8.136695623397827148e-01 2.000000000000000000e+00
1.159149658203125000e+03 1.547142028808593750e+02 1.250603759765625000e+03 2.019097290039062500e+02 7.555806040763854980e-01 2.000000000000000000e+00
2.962647094726562500e+02 8.285629272460937500e+01 3.575478820800781250e+02 1.229577865600585938e+02 7.491623163223266602e-01 2.000000000000000000e+00
5.883956298828125000e+02 8.860782623291015625e+01 6.403493041992187500e+02 1.235149917602539062e+02 7.422434687614440918e-01 2.000000000000000000e+00
7.716051025390625000e+02 8.225603485107421875e+01 8.058791503906250000e+02 1.086687469482421875e+02 7.195196747779846191e-01 2.000000000000000000e+00
1.246083007812500000e+03 1.765430145263671875e+02 1.327253540039062500e+03 2.282603454589843750e+02 7.183296680450439453e-01 2.000000000000000000e+00
6.317084960937500000e+02 1.113072967529296875e+02 6.744090576171875000e+02 1.683359680175781250e+02 7.002073526382446289e-01 2.000000000000000000e+00
1.284113891601562500e+03 1.890103607177734375e+02 1.360000000000000000e+03 2.355594177246093750e+02 6.801803112030029297e-01 2.000000000000000000e+00
7.004986572265625000e+02 1.218446884155273438e+02 7.446411743164062500e+02 1.705716705322265625e+02 6.572127938270568848e-01 2.000000000000000000e+00
1.732602844238281250e+02 1.967230682373046875e+02 1.934454498291015625e+02 2.490701293945312500e+02 6.426655054092407227e-01 0.000000000000000000e+00
1.036404907226562500e+03 9.663613891601562500e+01 1.084431030273437500e+03 1.251768798828125000e+02 6.152860522270202637e-01 2.000000000000000000e+00
5.031917114257812500e+02 6.074782562255859375e+01 5.365572509765625000e+02 8.669684600830078125e+01 5.843355059623718262e-01 2.000000000000000000e+00
1.104722534179687500e+03 1.299531097412109375e+02 1.168605346679687500e+03 1.762418365478515625e+02 5.115914940834045410e-01 2.000000000000000000e+00
6.374975585937500000e+02 6.940290832519531250e+01 6.691341552734375000e+02 9.847144317626953125e+01 5.000177025794982910e-01 2.000000000000000000e+00
9.351942138671875000e+02 9.111363983154296875e+01 9.669073486328125000e+02 1.192920379638671875e+02 4.920092225074768066e-01 2.000000000000000000e+00
8.984263916015625000e+02 2.651602745056152344e+01 9.154965209960937500e+02 5.101904296875000000e+01 4.806598424911499023e-01 9.000000000000000000e+00
1.012157104492187500e+03 8.419293975830078125e+01 1.038265869140625000e+03 1.073239746093750000e+02 4.739200472831726074e-01 2.000000000000000000e+00
2.652172565460205078e+00 1.433199768066406250e+02 8.070759582519531250e+01 1.917495880126953125e+02 4.735234081745147705e-01 2.000000000000000000e+00
1.138021728515625000e+03 1.428952484130859375e+02 1.231589599609375000e+03 1.901606292724609375e+02 4.373778104782104492e-01 2.000000000000000000e+00
0.000000000000000000e+00 1.607064514160156250e+02 2.370480155944824219e+01 2.037578277587890625e+02 4.051057994365692139e-01 2.000000000000000000e+00
7.911970214843750000e+02 1.572289733886718750e+02 8.064157104492187500e+02 1.956387939453125000e+02 3.810020089149475098e-01 0.000000000000000000e+00
6.970701904296875000e+02 1.106522369384765625e+02 7.379691772460937500e+02 1.453654174804687500e+02 3.773669600486755371e-01 2.000000000000000000e+00
3.028735351562500000e+02 1.340471801757812500e+02 3.319299621582031250e+02 1.581410675048828125e+02 3.731465637683868408e-01 3.000000000000000000e+00
5.988513793945312500e+02 1.112337875366210938e+01 6.126134033203125000e+02 4.836355209350585938e+01 3.651881217956542969e-01 9.000000000000000000e+00
1.150634613037109375e+02 1.550180511474609375e+02 1.701890258789062500e+02 1.969322967529296875e+02 3.568734526634216309e-01 3.000000000000000000e+00
5.057869873046875000e+02 5.133721160888671875e+01 5.510551147460937500e+02 8.469865417480468750e+01 3.351505994796752930e-01 2.000000000000000000e+00
8.750670166015625000e+02 0.000000000000000000e+00 8.856301269531250000e+02 2.235128402709960938e+01 2.949498593807220459e-01 9.000000000000000000e+00
1.023110656738281250e+03 6.515842437744140625e+01 1.060520263671875000e+03 9.440197753906250000e+01 2.877292037010192871e-01 2.000000000000000000e+00
