1.140469482421875000e+03 2.948176269531250000e+02 1.249380981445312500e+03 3.747528991699218750e+02 8.309038281440734863e-01 2.000000000000000000e+00
1.641958923339843750e+02 4.458130798339843750e+02 1.959945220947265625e+02 5.102382202148437500e+02 8.166702389717102051e-01 0.000000000000000000e+00
1.134660888671875000e+03 2.335192413330078125e+02 1.205980224609375000e+03 2.886208496093750000e+02 7.817654013633728027e-01 2.000000000000000000e+00
6.382495117187500000e+02 4.970861206054687500e+02 7.552015991210937500e+02 7.034694824218750000e+02 7.814657092094421387e-01 2.000000000000000000e+00
1.051112304687500000e+03 8.427204132080078125e+01 1.072333984375000000e+03 1.284690704345703125e+02 7.788109183311462402e-01 9.000000000000000000e+00
8.957341918945312500e+02 7.507549285888671875e+01 9.157005615234375000e+02 1.159305114746093750e+02 7.426614165306091309e-01 9.000000000000000000e+00
2.189881896972656250e+02 5.359448852539062500e+02 2.551194915771484375e+02 6.137500610351562500e+02 6.723618507385253906e-01 0.000000000000000000e+00
6.977930908203125000e+02 1.559829559326171875e+02 7.462985839843750000e+02 2.242027130126953125e+02 6.236691474914550781e-01 2.000000000000000000e+00
3.990675048828125000e+02 5.257869873046875000e+02 4.338553161621093750e+02 6.014262695312500000e+02 6.178405284881591797e-01 0.000000000000000000e+00
5.089543457031250000e+02 1.332014007568359375e+02 5.257412719726562500e+02 1.638787536621093750e+02 5.547079443931579590e-01 9.000000000000000000e+00
7.230693969726562500e+02 3.843746643066406250e+02 7.784332275390625000e+02 4.537423095703125000e+02 5.370793938636779785e-01 2.000000000000000000e+00
1.463471527099609375e+02 2.606103210449218750e+02 1.727384490966796875e+02 3.234956665039062500e+02 4.562776684761047363e-01 0.000000000000000000e+00
1.746319122314453125e+02 2.557702484130859375e+02 1.985726623535156250e+02 3.063012084960937500e+02 4.016853570938110352e-01 0.000000000000000000e+00
5.871254272460937500e+02 9.532587432861328125e+01 6.106690063476562500e+02 1.505311431884765625e+02 3.710440099239349365e-01 9.000000000000000000e+00
8.757169799804687500e+02 3.427674102783203125e+01 9.116481933593750000e+02 6.249974441528320312e+01 3.589962422847747803e-01 2.000000000000000000e+00
1.877796411514282227e+00 2.882499694824218750e+02 3.596308898925781250e+01 3.722406616210937500e+02 3.068128824234008789e-01 0.000000000000000000e+00
1.279916381835937500e+03 1.878054504394531250e+02 1.302768432617187500e+03 2.294029083251953125e+02 3.007299304008483887e-01 0.000000000000000000e+00
6.052287292480468750e+01 2.868947448730468750e+02 8.573674774169921875e+01 3.421162109375000000e+02 2.989343404769897461e-01 0.000000000000000000e+00
5.868231811523437500e+02 9.440431213378906250e+01 6.103332519531250000e+02 1.204766769409179688e+02 2.955454885959625244e-01 9.000000000000000000e+00
9.322966308593750000e+02 6.698611450195312500e+01 9.684974975585937500e+02 9.401590728759765625e+01 2.863252460956573486e-01 2.000000000000000000e+00
9.710887451171875000e+02 8.359976959228515625e+01 9.927209472656250000e+02 1.204773788452148438e+02 2.600825130939483643e-01 9.000000000000000000e+00
1.316221557617187500e+03 1.483763732910156250e+02 1.360000000000000000e+03 1.772196350097656250e+02 2.588131725788116455e-01 2.000000000000000000e+00
7.276825561523437500e+02 5.101421737670898438e+01 7.761902465820312500e+02 8.882415008544921875e+01 2.528740465641021729e-01 2.000000000000000000e+00
