7.910728454589843750e-03 7.060719299316406250e+01 8.836640930175781250e+01 1.311452636718750000e+02 7.976329326629638672e-01 2.000000000000000000e+00
3.405397338867187500e+02 4.352018737792968750e+02 4.279898071289062500e+02 4.860514526367187500e+02 7.422770857810974121e-01 2.500000000000000000e+01
2.568201599121093750e+02 4.226638183593750000e+02 2.882116699218750000e+02 5.090418090820312500e+02 6.996130347251892090e-01 0.000000000000000000e+00
4.532747497558593750e+02 3.635629882812500000e+02 5.241038818359375000e+02 3.930199890136718750e+02 5.862598419189453125e-01 2.500000000000000000e+01
3.059529113769531250e+02 3.036827697753906250e+02 3.357231445312500000e+02 3.666890563964843750e+02 4.263432025909423828e-01 0.000000000000000000e+00
7.529238281250000000e+02 2.887059631347656250e+02 7.790028686523437500e+02 3.329641113281250000e+02 4.204227030277252197e-01 0.000000000000000000e+00
7.230446777343750000e+02 3.847572326660156250e+02 7.528742675781250000e+02 4.515148315429687500e+02 3.889184892177581787e-01 0.000000000000000000e+00
8.461450805664062500e+02 2.311036987304687500e+02 8.790452880859375000e+02 2.818177795410156250e+02 3.760685324668884277e-01 0.000000000000000000e+00
9.326495971679687500e+02 2.612154235839843750e+02 9.596325683593750000e+02 3.295215759277343750e+02 3.743374347686767578e-01 0.000000000000000000e+00
1.942023468017578125e+02 2.981362304687500000e+02 2.224573059082031250e+02 3.588272705078125000e+02 3.616894483566284180e-01 0.000000000000000000e+00
7.343637084960937500e+02 3.439477539062500000e+02 7.669595336914062500e+02 3.931531982421875000e+02 3.273126780986785889e-01 0.000000000000000000e+00
2.674112854003906250e+02 2.716927185058593750e+02 2.934305725097656250e+02 3.366335449218750000e+02 3.184446394443511963e-01 0.000000000000000000e+00
7.800179443359375000e+02 2.920951232910156250e+02 8.108415527343750000e+02 3.487580261230468750e+02 3.156273365020751953e-01 0.000000000000000000e+00
4.078422851562500000e+02 3.363059692382812500e+02 4.317697753906250000e+02 3.880240478515625000e+02 3.116843104362487793e-01 0.000000000000000000e+00
4.037585754394531250e+02 2.327538909912109375e+02 4.299445800781250000e+02 2.890221557617187500e+02 2.688054144382476807e-01 0.000000000000000000e+00
2.654556884765625000e+02 3.539380187988281250e+02 2.921895446777343750e+02 4.095107116699218750e+02 2.601187825202941895e-01 0.000000000000000000e+00
2.308647766113281250e+02 2.927103881835937500e+02 2.619255371093750000e+02 3.632615356445312500e+02 2.557802498340606689e-01 0.000000000000000000e+00
