4.074640197753906250e+02 3.299367980957031250e+02 4.719388427734375000e+02 3.923718872070312500e+02 8.234561681747436523e-01 2.000000000000000000e+00
5.226323242187500000e+02 2.094558868408203125e+02 5.571432495117187500e+02 2.424037628173828125e+02 7.188666462898254395e-01 2.000000000000000000e+00
1.054081909179687500e+03 2.787219543457031250e+02 1.146630493164062500e+03 3.083830261230468750e+02 6.306774616241455078e-01 2.000000000000000000e+00
4.702950134277343750e+02 2.830715942382812500e+02 5.170413818359375000e+02 3.166088256835937500e+02 5.827561616897583008e-01 2.000000000000000000e+00
4.478826293945312500e+02 6.205192871093750000e+02 5.559878540039062500e+02 7.628898315429687500e+02 5.822606086730957031e-01 2.000000000000000000e+00
4.919114990234375000e+02 2.434440917968750000e+02 5.342371826171875000e+02 2.792801818847656250e+02 5.751435756683349609e-01 2.000000000000000000e+00
1.037037841796875000e+03 2.209620971679687500e+02 1.083309814453125000e+03 2.498815002441406250e+02 5.626470446586608887e-01 2.000000000000000000e+00
6.736427001953125000e+02 1.408876037597656250e+02 6.980938110351562500e+02 1.588356170654296875e+02 5.543967485427856445e-01 2.000000000000000000e+00
3.021380615234375000e+02 4.385726013183593750e+02 4.023223266601562500e+02 5.427860107421875000e+02 5.109561085700988770e-01 2.000000000000000000e+00
4.791857604980468750e+02 2.516356506347656250e+02 5.308420410156250000e+02 2.947805786132812500e+02 4.778435528278350830e-01 2.000000000000000000e+00
8.419983386993408203e-01 3.003619384765625000e+02 5.222489166259765625e+01 3.437520141601562500e+02 4.741851687431335449e-01 2.000000000000000000e+00
5.466928710937500000e+02 1.847474975585937500e+02 5.802706909179687500e+02 2.139699859619140625e+02 4.494956731796264648e-01 2.000000000000000000e+00
1.078682250976562500e+03 4.114071350097656250e+02 1.178124267578125000e+03 4.802225646972656250e+02 4.345445632934570312e-01 5.000000000000000000e+00
1.100597290039062500e+03 2.530252532958984375e+02 1.136862182617187500e+03 2.817246093750000000e+02 4.170641005039215088e-01 2.000000000000000000e+00
1.012290466308593750e+03 7.391881713867187500e+02 1.028562133789062500e+03 7.640186767578125000e+02 4.162086844444274902e-01 0.000000000000000000e+00
1.088912963867187500e+03 2.032476348876953125e+02 1.128495727539062500e+03 2.242939605712890625e+02 4.094684422016143799e-01 2.000000000000000000e+00
1.032834106445312500e+03 7.227085571289062500e+02 1.050897216796875000e+03 7.547492065429687500e+02 4.088121652603149414e-01 0.000000000000000000e+00
1.075575317382812500e+03 2.640516052246093750e+02 1.140844360351562500e+03 3.036733093261718750e+02 3.901315629482269287e-01 2.000000000000000000e+00
3.013810424804687500e+02 4.398941955566406250e+02 4.016535034179687500e+02 5.414329223632812500e+02 3.685741126537322998e-01 7.000000000000000000e+00
8.784832763671875000e+02 5.989626464843750000e+02 9.086107177734375000e+02 6.776046142578125000e+02 3.615242838859558105e-01 0.000000000000000000e+00
5.967887573242187500e+02 1.222130050659179688e+02 6.246215209960937500e+02 1.399069976806640625e+02 3.445241749286651611e-01 2.000000000000000000e+00
1.290313476562500000e+03 5.970354003906250000e+02 1.358952880859375000e+03 6.690389404296875000e+02 3.438211977481842041e-01 2.000000000000000000e+00
7.147022094726562500e+02 1.303537445068359375e+02 7.320354003906250000e+02 1.509814147949218750e+02 3.240995109081268311e-01 2.000000000000000000e+00
6.504702758789062500e+02 1.075733642578125000e+02 6.668284301757812500e+02 1.218894195556640625e+02 3.196749687194824219e-01 2.000000000000000000e+00
8.808252563476562500e+02 6.393582153320312500e+02 9.080410766601562500e+02 6.806925659179687500e+02 3.083330094814300537e-01 1.000000000000000000e+00
3.058432006835937500e+02 2.126335906982421875e+02 3.435227050781250000e+02 2.403401031494140625e+02 3.001385927200317383e-01 2.000000000000000000e+00
1.079072143554687500e+03 4.120061340332031250e+02 1.178237915039062500e+03 4.794251403808593750e+02 2.908844947814941406e-01 7.000000000000000000e+00
5.760162353515625000e+02 1.436585998535156250e+02 6.002080688476562500e+02 1.665692138671875000e+02 2.869006395339965820e-01 2.000000000000000000e+00
1.286410278320312500e+03 5.975426025390625000e+02 1.360000000000000000e+03 6.690101318359375000e+02 2.825651466846466064e-01 7.000000000000000000e+00
2.429116363525390625e+02 2.191712493896484375e+02 3.109061279296875000e+02 2.537402954101562500e+02 2.578644752502441406e-01 2.000000000000000000e+00
