4.115614624023437500e+02 5.660633544921875000e+02 5.270580444335937500e+02 7.368269042968750000e+02 8.310646414756774902e-01 2.000000000000000000e+00
1.199131713867187500e+03 1.400402374267578125e+02 1.257868652343750000e+03 1.787399749755859375e+02 7.916524410247802734e-01 2.000000000000000000e+00
5.202221069335937500e+02 2.139071807861328125e+02 5.689677124023437500e+02 2.706470031738281250e+02 7.792269587516784668e-01 2.000000000000000000e+00
7.111429443359375000e+02 1.373111267089843750e+02 7.466138916015625000e+02 1.785448455810546875e+02 7.537391781806945801e-01 2.000000000000000000e+00
7.437763671875000000e+02 4.836646118164062500e+02 7.715136108398437500e+02 5.483202514648437500e+02 7.095808386802673340e-01 0.000000000000000000e+00
6.471928100585937500e+02 1.394604339599609375e+02 6.825747070312500000e+02 1.785005950927734375e+02 6.656752824783325195e-01 2.000000000000000000e+00
7.500191650390625000e+02 1.222551727294921875e+02 7.803806762695312500e+02 1.504015045166015625e+02 6.611807942390441895e-01 2.000000000000000000e+00
1.030782348632812500e+03 9.691343688964843750e+01 1.096093872070312500e+03 1.470247955322265625e+02 6.246458292007446289e-01 2.000000000000000000e+00
4.467673339843750000e+02 3.352236328125000000e+02 5.227396240234375000e+02 4.444032897949218750e+02 6.009461879730224609e-01 5.000000000000000000e+00
6.670814819335937500e+02 5.686172866821289062e+01 6.966440429687500000e+02 9.208557891845703125e+01 5.624823570251464844e-01 2.000000000000000000e+00
1.987289619445800781e+01 2.372181701660156250e+02 1.938600921630859375e+02 3.734327697753906250e+02 5.133327245712280273e-01 5.000000000000000000e+00
1.065600219726562500e+03 1.439660186767578125e+02 1.149661010742187500e+03 1.851591644287109375e+02 5.074000954627990723e-01 2.000000000000000000e+00
5.522993774414062500e+02 3.188324356079101562e+01 5.818498535156250000e+02 6.067792510986328125e+01 5.066400170326232910e-01 2.000000000000000000e+00
8.638162231445312500e+02 4.319174499511718750e+02 9.243280029296875000e+02 5.354549560546875000e+02 4.908187389373779297e-01 7.000000000000000000e+00
1.147589111328125000e+03 4.385161132812500000e+02 1.360000000000000000e+03 6.779434814453125000e+02 4.589096903800964355e-01 5.000000000000000000e+00
2.643834533691406250e+02 1.008277206420898438e+02 3.072953796386718750e+02 1.365780029296875000e+02 4.557263255119323730e-01 2.000000000000000000e+00
8.074337158203125000e+02 3.585607299804687500e+02 8.622846069335937500e+02 4.249357299804687500e+02 4.510911703109741211e-01 2.000000000000000000e+00
5.208312377929687500e+02 7.481520080566406250e+01 5.548245239257812500e+02 1.112841186523437500e+02 4.468634128570556641e-01 2.000000000000000000e+00
8.068203125000000000e+02 3.605617065429687500e+02 8.609729003906250000e+02 4.237514038085937500e+02 4.356668889522552490e-01 5.000000000000000000e+00
4.475808410644531250e+02 3.360656127929687500e+02 5.211898193359375000e+02 4.448069458007812500e+02 4.309428334236145020e-01 2.000000000000000000e+00
2.159551086425781250e+02 4.356298446655273438e+01 2.854373779296875000e+02 7.942291259765625000e+01 3.834824562072753906e-01 7.000000000000000000e+00
4.885928039550781250e+02 1.309982910156250000e+02 5.303800659179687500e+02 1.661932830810546875e+02 3.692224323749542236e-01 2.000000000000000000e+00
1.290347534179687500e+03 6.112354736328125000e+02 1.321191894531250000e+03 6.693950195312500000e+02 3.690690398216247559e-01 0.000000000000000000e+00
1.245794677734375000e+03 5.960715942382812500e+02 1.275430541992187500e+03 6.607524414062500000e+02 3.471541106700897217e-01 0.000000000000000000e+00
6.430753784179687500e+02 1.387091674804687500e+02 7.431374511718750000e+02 1.794147644042968750e+02 3.080723285675048828e-01 2.000000000000000000e+00
1.126775268554687500e+03 5.438754882812500000e+02 1.163007446289062500e+03 6.079621582031250000e+02 3.009538352489471436e-01 0.000000000000000000e+00
5.021410522460937500e+02 1.086158370971679688e+02 5.334055786132812500e+02 1.325097656250000000e+02 2.975071072578430176e-01 2.000000000000000000e+00
1.206024780273437500e+03 1.937402191162109375e+02 1.220238525390625000e+03 2.117306976318359375e+02 2.948257029056549072e-01 0.000000000000000000e+00
2.367575378417968750e+02 8.074709320068359375e+01 2.762955017089843750e+02 1.122446899414062500e+02 2.917693555355072021e-01 2.000000000000000000e+00
5.202319946289062500e+02 7.569329833984375000e+01 5.542620849609375000e+02 1.183911895751953125e+02 2.772665917873382568e-01 7.000000000000000000e+00
4.945626525878906250e+02 1.119017257690429688e+02 5.304656982421875000e+02 1.562620697021484375e+02 2.633694112300872803e-01 2.000000000000000000e+00
