6.957761230468750000e+02 1.213580703735351562e+02 1.017392272949218750e+03 2.665366516113281250e+02 6.166563630104064941e-01 8.000000000000000000e+00
6.431046752929687500e+02 0.000000000000000000e+00 8.815158081054687500e+02 6.254297256469726562e+01 5.817381739616394043e-01 7.000000000000000000e+00
9.014403076171875000e+02 1.343735656738281250e+02 9.369982910156250000e+02 2.029019622802734375e+02 5.108674168586730957e-01 0.000000000000000000e+00
1.046787475585937500e+03 9.024739837646484375e+01 1.071337402343750000e+03 1.619376373291015625e+02 4.746769070625305176e-01 0.000000000000000000e+00
8.534822998046875000e+02 1.401081695556640625e+02 8.936820678710937500e+02 1.746128082275390625e+02 4.673247337341308594e-01 0.000000000000000000e+00
5.968881225585937500e+02 4.653955993652343750e+02 1.069603149414062500e+03 7.593887939453125000e+02 4.639992713928222656e-01 8.000000000000000000e+00
7.027517089843750000e+02 1.121317825317382812e+02 7.306669921875000000e+02 1.671573638916015625e+02 4.090943932533264160e-01 0.000000000000000000e+00
1.163763916015625000e+03 2.433589324951171875e+02 1.223153442382812500e+03 3.132785644531250000e+02 3.418361842632293701e-01 0.000000000000000000e+00
6.125841674804687500e+02 4.739408264160156250e+02 1.072082153320312500e+03 7.536602783203125000e+02 3.194733560085296631e-01 2.800000000000000000e+01
8.237398071289062500e+02 1.375021514892578125e+02 8.585055541992187500e+02 1.811577453613281250e+02 2.862389087677001953e-01 0.000000000000000000e+00
9.278189086914062500e+02 1.263252639770507812e+02 9.658175659179687500e+02 1.706725463867187500e+02 2.830626070499420166e-01 0.000000000000000000e+00
