1.535830688476562500e+02 1.307293395996093750e+02 2.176041107177734375e+02 2.037201385498046875e+02 7.515612244606018066e-01 7.400000000000000000e+01
5.338395385742187500e+02 4.310422973632812500e+02 5.594047241210937500e+02 4.620719909667968750e+02 7.085675001144409180e-01 2.000000000000000000e+00
5.268817749023437500e+02 3.954740600585937500e+02 5.480560913085937500e+02 4.231635437011718750e+02 5.327868461608886719e-01 2.000000000000000000e+00
5.360059204101562500e+02 4.729063110351562500e+02 5.627433471679687500e+02 5.189683837890625000e+02 5.285072922706604004e-01 2.000000000000000000e+00
4.916741943359375000e+02 5.107218322753906250e+02 5.182318725585937500e+02 5.390225830078125000e+02 4.779412150382995605e-01 2.000000000000000000e+00
5.462800292968750000e+02 3.381616821289062500e+02 5.628376464843750000e+02 3.567693176269531250e+02 4.172269999980926514e-01 2.000000000000000000e+00
5.621561889648437500e+02 3.911753845214843750e+02 5.823198852539062500e+02 4.192159729003906250e+02 3.688149750232696533e-01 2.000000000000000000e+00
5.357368774414062500e+02 3.125228576660156250e+02 5.518560791015625000e+02 3.295716247558593750e+02 3.629537224769592285e-01 2.000000000000000000e+00
5.116215820312500000e+02 3.238710937500000000e+02 5.308425903320312500e+02 3.489302368164062500e+02 3.411295711994171143e-01 2.000000000000000000e+00
4.671587219238281250e+02 3.130243835449218750e+02 4.833341674804687500e+02 3.350693664550781250e+02 3.377436697483062744e-01 2.000000000000000000e+00
5.181267700195312500e+02 3.651915893554687500e+02 5.392451782226562500e+02 3.867412719726562500e+02 2.923369705677032471e-01 2.000000000000000000e+00
5.236103515625000000e+02 2.771512145996093750e+02 5.437999877929687500e+02 3.098820190429687500e+02 2.614648044109344482e-01 2.000000000000000000e+00
4.146896972656250000e+02 4.948717651367187500e+02 4.497954101562500000e+02 5.380312500000000000e+02 2.553808689117431641e-01 7.000000000000000000e+00
