4.873828430175781250e+02 3.573359375000000000e+02 5.156568603515625000e+02 3.844321594238281250e+02 7.558456063270568848e-01 2.000000000000000000e+00
2.198282318115234375e+02 3.271328430175781250e+02 2.681726074218750000e+02 3.518995056152343750e+02 6.492891907691955566e-01 2.000000000000000000e+00
5.138887939453125000e+02 3.092471923828125000e+02 5.334986572265625000e+02 3.299420166015625000e+02 5.362378358840942383e-01 2.000000000000000000e+00
4.718341674804687500e+02 2.710628356933593750e+02 4.924012145996093750e+02 2.884756469726562500e+02 5.295286774635314941e-01 2.000000000000000000e+00
4.786938171386718750e+02 3.026125488281250000e+02 5.074139099121093750e+02 3.414356994628906250e+02 5.183184146881103516e-01 2.000000000000000000e+00
5.290867309570312500e+02 3.250081787109375000e+02 5.507459716796875000e+02 3.544399108886718750e+02 4.323687553405761719e-01 2.000000000000000000e+00
2.425045166015625000e+02 3.166608581542968750e+02 2.767746276855468750e+02 3.379566650390625000e+02 4.192305505275726318e-01 2.000000000000000000e+00
4.987742004394531250e+02 2.583959655761718750e+02 5.149434204101562500e+02 2.748664245605468750e+02 3.690834641456604004e-01 2.000000000000000000e+00
6.435263061523437500e+02 4.172520751953125000e+02 6.751060180664062500e+02 4.527503662109375000e+02 3.437896072864532471e-01 3.000000000000000000e+00
9.752655029296875000e-02 2.437719726562500000e+02 1.822049102783203125e+02 4.444553833007812500e+02 3.363527655601501465e-01 7.000000000000000000e+00
5.073743591308593750e+02 2.810971069335937500e+02 5.270918579101562500e+02 3.043406677246093750e+02 3.326046764850616455e-01 2.000000000000000000e+00
5.094947204589843750e+02 2.896707458496093750e+02 5.294320678710937500e+02 3.086886291503906250e+02 3.038826882839202881e-01 2.000000000000000000e+00
