9.376023559570312500e+02 4.404389953613281250e+02 1.019221374511718750e+03 5.216981811523437500e+02 8.100343346595764160e-01 2.000000000000000000e+00
8.743182373046875000e+02 3.724906616210937500e+02 9.601825561523437500e+02 4.389573974609375000e+02 6.886822581291198730e-01 2.000000000000000000e+00
1.011732910156250000e+03 2.580912170410156250e+02 1.070819335937500000e+03 2.980493164062500000e+02 5.937747955322265625e-01 2.000000000000000000e+00
1.167911987304687500e+03 2.642864990234375000e+02 1.268151489257812500e+03 3.133710327148437500e+02 5.805681347846984863e-01 2.000000000000000000e+00
1.269102050781250000e+03 3.017287597656250000e+02 1.330099243164062500e+03 3.363522949218750000e+02 5.763660073280334473e-01 2.000000000000000000e+00
1.074926879882812500e+03 2.221483612060546875e+02 1.123499145507812500e+03 2.544851226806640625e+02 5.482058525085449219e-01 2.000000000000000000e+00
6.656628417968750000e+02 2.182494049072265625e+02 6.920144653320312500e+02 2.439685058593750000e+02 4.881666004657745361e-01 2.000000000000000000e+00
5.501492309570312500e+02 6.363823852539062500e+02 5.994169921875000000e+02 7.290320434570312500e+02 4.635979831218719482e-01 9.000000000000000000e+00
1.106966186523437500e+03 2.311070556640625000e+02 1.163844482421875000e+03 2.591810607910156250e+02 4.603224992752075195e-01 2.000000000000000000e+00
2.005115203857421875e+02 4.912920532226562500e+02 2.258015289306640625e+02 5.363455200195312500e+02 4.504024386405944824e-01 0.000000000000000000e+00
5.714774780273437500e+02 4.264974060058593750e+02 6.255966186523437500e+02 5.222882690429687500e+02 4.439540207386016846e-01 5.000000000000000000e+00
7.814347534179687500e+02 3.855986633300781250e+02 8.392974243164062500e+02 4.689533996582031250e+02 3.642657995223999023e-01 2.000000000000000000e+00
7.787478637695312500e+02 3.850043945312500000e+02 8.398256225585937500e+02 4.673963317871093750e+02 3.367751538753509521e-01 5.000000000000000000e+00
1.052602294921875000e+03 2.115524139404296875e+02 1.092128173828125000e+03 2.359364776611328125e+02 3.221972584724426270e-01 2.000000000000000000e+00
7.814624633789062500e+02 3.857672729492187500e+02 8.399926757812500000e+02 4.655816040039062500e+02 3.077862858772277832e-01 7.000000000000000000e+00
8.042515258789062500e+02 2.573925476074218750e+02 8.360894165039062500e+02 2.831887207031250000e+02 2.575758397579193115e-01 2.000000000000000000e+00
