6.300045166015625000e+02 8.159293212890625000e+02 6.974473876953125000e+02 9.842180786132812500e+02 8.273456692695617676e-01 0.000000000000000000e+00
1.018650024414062500e+03 7.469694213867187500e+02 1.073328735351562500e+03 8.959985961914062500e+02 7.913472652435302734e-01 0.000000000000000000e+00
1.092058349609375000e+03 9.614547729492187500e+02 1.164177978515625000e+03 1.078321777343750000e+03 7.840448617935180664e-01 0.000000000000000000e+00
0.000000000000000000e+00 9.046902465820312500e+02 7.779360961914062500e+01 1.079170166015625000e+03 7.751670479774475098e-01 0.000000000000000000e+00
1.477304321289062500e+03 9.091964721679687500e+02 1.572095947265625000e+03 1.012399475097656250e+03 7.454307079315185547e-01 2.500000000000000000e+01
4.627783203125000000e+02 7.352721557617187500e+02 5.066475524902343750e+02 8.639698486328125000e+02 7.170728445053100586e-01 0.000000000000000000e+00
1.373529785156250000e+03 9.515930786132812500e+02 1.503106811523437500e+03 1.034540161132812500e+03 6.641631126403808594e-01 2.500000000000000000e+01
1.012800659179687500e+03 9.717799682617187500e+02 1.083331176757812500e+03 1.080000000000000000e+03 6.635264754295349121e-01 0.000000000000000000e+00
7.164791107177734375e+01 7.575856933593750000e+02 1.229797668457031250e+02 9.030496215820312500e+02 6.395751237869262695e-01 0.000000000000000000e+00
1.816641357421875000e+03 7.390263061523437500e+02 1.870966918945312500e+03 9.042643432617187500e+02 6.233016252517700195e-01 0.000000000000000000e+00
1.149245727539062500e+03 7.619963989257812500e+02 1.194609985351562500e+03 8.801549072265625000e+02 6.212890744209289551e-01 0.000000000000000000e+00
1.076947265625000000e+03 7.551406860351562500e+02 1.128015747070312500e+03 8.834652099609375000e+02 6.196674704551696777e-01 0.000000000000000000e+00
1.478176727294921875e+02 7.717264404296875000e+02 2.007798767089843750e+02 9.119101562500000000e+02 6.187778115272521973e-01 0.000000000000000000e+00
2.239049377441406250e+02 7.124864501953125000e+02 2.616511535644531250e+02 8.266913452148437500e+02 5.716605782508850098e-01 0.000000000000000000e+00
1.781766723632812500e+03 7.362749633789062500e+02 1.840743164062500000e+03 8.976417846679687500e+02 5.675239562988281250e-01 0.000000000000000000e+00
1.338591674804687500e+03 7.417983398437500000e+02 1.399432861328125000e+03 8.752423095703125000e+02 5.188848376274108887e-01 0.000000000000000000e+00
1.375989868164062500e+03 1.003885131835937500e+03 1.437907836914062500e+03 1.080000000000000000e+03 4.713320136070251465e-01 0.000000000000000000e+00
1.443218627929687500e+03 1.006198242187500000e+03 1.503921752929687500e+03 1.080000000000000000e+03 4.642880856990814209e-01 0.000000000000000000e+00
1.387270751953125000e+03 6.903537597656250000e+02 1.437310180664062500e+03 8.303613281250000000e+02 4.535371065139770508e-01 0.000000000000000000e+00
2.887225341796875000e+02 7.065197753906250000e+02 3.225987548828125000e+02 8.026441040039062500e+02 4.455732405185699463e-01 0.000000000000000000e+00
1.483666015625000000e+03 9.088037719726562500e+02 1.567870605468750000e+03 1.023130615234375000e+03 3.767150044441223145e-01 0.000000000000000000e+00
1.486315429687500000e+03 9.943086547851562500e+02 1.547830566406250000e+03 1.078224975585937500e+03 3.446542322635650635e-01 0.000000000000000000e+00
3.382354431152343750e+02 7.324504394531250000e+02 3.663254089355468750e+02 8.618150024414062500e+02 3.238078951835632324e-01 0.000000000000000000e+00
6.066036376953125000e+02 7.702388305664062500e+02 6.590712280273437500e+02 8.288723144531250000e+02 2.998087108135223389e-01 1.000000000000000000e+00
1.602862060546875000e+03 3.441079101562500000e+02 1.639631103515625000e+03 4.703518066406250000e+02 2.579919397830963135e-01 0.000000000000000000e+00
1.352429809570312500e+03 6.911095581054687500e+02 1.428003295898437500e+03 8.410131835937500000e+02 2.574102580547332764e-01 0.000000000000000000e+00
