7.443027343750000000e+02 5.161362915039062500e+02 7.842421875000000000e+02 5.604109497070312500e+02 7.707561850547790527e-01 2.000000000000000000e+00
9.944868774414062500e+02 6.224173583984375000e+02 1.076412353515625000e+03 7.024651489257812500e+02 7.664987444877624512e-01 2.000000000000000000e+00
5.879799194335937500e+02 4.423936462402343750e+02 6.309822387695312500e+02 4.873704528808593750e+02 7.411565184593200684e-01 2.000000000000000000e+00
9.710383300781250000e+02 5.634716186523437500e+02 1.025602905273437500e+03 6.191278686523437500e+02 7.286192774772644043e-01 2.000000000000000000e+00
5.027380981445312500e+02 2.673306579589843750e+02 5.269914550781250000e+02 2.902416992187500000e+02 6.200062036514282227e-01 2.000000000000000000e+00
6.829478149414062500e+02 2.879783630371093750e+02 7.075929565429687500e+02 3.167862243652343750e+02 5.993424654006958008e-01 2.000000000000000000e+00
9.385973510742187500e+02 5.129846191406250000e+02 9.886566162109375000e+02 5.567100219726562500e+02 5.538402199745178223e-01 2.000000000000000000e+00
9.129426269531250000e+02 4.654828796386718750e+02 9.611374511718750000e+02 5.078421020507812500e+02 4.706380963325500488e-01 2.000000000000000000e+00
4.549637756347656250e+02 3.234492797851562500e+02 4.818175048828125000e+02 3.504663085937500000e+02 4.389836788177490234e-01 2.000000000000000000e+00
8.903040771484375000e+02 3.878736877441406250e+02 9.264434204101562500e+02 4.219961853027343750e+02 4.214634597301483154e-01 2.000000000000000000e+00
6.804059448242187500e+02 2.535788726806640625e+02 6.994004516601562500e+02 2.703598022460937500e+02 4.120087623596191406e-01 2.000000000000000000e+00
9.001581420898437500e+02 6.523302001953125000e+02 9.241441040039062500e+02 6.865792236328125000e+02 3.701356649398803711e-01 9.000000000000000000e+00
5.000761108398437500e+02 3.471959838867187500e+02 5.149110717773437500e+02 3.767875061035156250e+02 3.606967926025390625e-01 9.000000000000000000e+00
9.864418334960937500e+02 2.374625396728515625e+02 1.006177429199218750e+03 2.825254211425781250e+02 3.426138758659362793e-01 9.000000000000000000e+00
1.270328979492187500e+03 5.609579467773437500e+02 1.290301391601562500e+03 6.048060913085937500e+02 3.384813070297241211e-01 0.000000000000000000e+00
3.266454772949218750e+02 5.966687622070312500e+02 3.508626098632812500e+02 6.233083496093750000e+02 3.205967545509338379e-01 9.000000000000000000e+00
