4.644882507324218750e+02 2.923893432617187500e+02 5.174055175781250000e+02 3.586490478515625000e+02 6.467407941818237305e-01 2.000000000000000000e+00
5.177965087890625000e+02 3.897617492675781250e+02 5.786409912109375000e+02 4.788973693847656250e+02 5.561041235923767090e-01 2.000000000000000000e+00
6.701502685546875000e+02 4.960853576660156250e+02 7.321992797851562500e+02 5.927927246093750000e+02 5.523157119750976562e-01 2.000000000000000000e+00
3.953786621093750000e+02 3.864088134765625000e+02 4.727710571289062500e+02 4.947252502441406250e+02 5.502737760543823242e-01 2.000000000000000000e+00
6.078001098632812500e+02 8.165737152099609375e+01 6.345874023437500000e+02 1.121812286376953125e+02 4.963330030441284180e-01 2.000000000000000000e+00
4.520041809082031250e+02 5.240278930664062500e+02 5.322786254882812500e+02 6.539086303710937500e+02 4.704960286617279053e-01 2.000000000000000000e+00
8.447387084960937500e+02 1.035692672729492188e+02 8.829411010742187500e+02 1.323004455566406250e+02 4.278145432472229004e-01 2.000000000000000000e+00
6.467893066406250000e+02 2.640185241699218750e+02 6.891999511718750000e+02 3.199144287109375000e+02 4.001989364624023438e-01 2.000000000000000000e+00
5.546583862304687500e+02 2.305395202636718750e+02 6.000289306640625000e+02 2.919759216308593750e+02 3.973143696784973145e-01 5.000000000000000000e+00
5.560995483398437500e+02 2.300672149658203125e+02 5.981770019531250000e+02 2.921402587890625000e+02 3.874183893203735352e-01 7.000000000000000000e+00
8.819914550781250000e+02 1.772757110595703125e+02 9.143640136718750000e+02 2.156721801757812500e+02 3.495653569698333740e-01 2.000000000000000000e+00
9.110643310546875000e+02 2.173842926025390625e+02 9.580481567382812500e+02 2.613868713378906250e+02 3.424416780471801758e-01 2.000000000000000000e+00
4.535282592773437500e+02 5.234166259765625000e+02 5.333908081054687500e+02 6.542945556640625000e+02 3.294158875942230225e-01 5.000000000000000000e+00
5.220454101562500000e+02 6.976406250000000000e+02 6.135284423828125000e+02 7.644510498046875000e+02 2.960893809795379639e-01 2.000000000000000000e+00
8.393103027343750000e+02 8.130576324462890625e+01 8.853019409179687500e+02 1.344626617431640625e+02 2.632333934307098389e-01 2.000000000000000000e+00
