9.337884521484375000e+02 3.256419067382812500e+02 1.071735107421875000e+03 5.564270629882812500e+02 8.003926277160644531e-01 7.000000000000000000e+00
8.598202514648437500e+02 3.310851745605468750e+02 9.505513305664062500e+02 4.927130737304687500e+02 7.392806410789489746e-01 7.000000000000000000e+00
4.512564392089843750e+02 5.833481445312500000e+02 6.106666870117187500e+02 6.846624145507812500e+02 6.873640418052673340e-01 2.000000000000000000e+00
4.336064453125000000e+02 6.697612304687500000e+02 6.084479370117187500e+02 7.650000000000000000e+02 6.835968494415283203e-01 2.000000000000000000e+00
2.715224304199218750e+02 4.952328186035156250e+02 4.695408935546875000e+02 7.147945556640625000e+02 6.818442344665527344e-01 7.000000000000000000e+00
5.058172912597656250e+02 5.022152099609375000e+02 6.578038940429687500e+02 5.634036865234375000e+02 6.337062716484069824e-01 2.000000000000000000e+00
4.363474121093750000e+02 2.847131652832031250e+02 6.342508544921875000e+02 3.816668701171875000e+02 5.153690576553344727e-01 7.000000000000000000e+00
3.921688842773437500e+02 3.601776733398437500e+02 6.227475585937500000e+02 4.610857238769531250e+02 4.868831038475036621e-01 7.000000000000000000e+00
1.253739135742187500e+03 2.229482421875000000e+02 1.359575561523437500e+03 3.008474121093750000e+02 4.463208019733428955e-01 7.000000000000000000e+00
4.966146240234375000e+02 2.077920837402343750e+02 6.660619506835937500e+02 3.215142211914062500e+02 4.281848669052124023e-01 7.000000000000000000e+00
6.426638793945312500e+02 2.669331359863281250e+02 6.796793823242187500e+02 3.194109497070312500e+02 2.628711462020874023e-01 7.000000000000000000e+00
