2.161645660400390625e+02 4.692775268554687500e+02 2.752359313964843750e+02 5.250916137695312500e+02 8.091639280319213867e-01 2.000000000000000000e+00
3.751618041992187500e+02 3.281388549804687500e+02 4.249585266113281250e+02 4.805186767578125000e+02 7.062811255455017090e-01 5.000000000000000000e+00
4.048829040527343750e+02 2.333720397949218750e+02 4.301577758789062500e+02 2.935230407714843750e+02 5.759462714195251465e-01 5.000000000000000000e+00
2.594378051757812500e+02 3.793175354003906250e+02 3.161662597656250000e+02 4.434828186035156250e+02 5.653883814811706543e-01 7.000000000000000000e+00
4.485431213378906250e+02 3.165948791503906250e+02 4.775170898437500000e+02 3.620950012207031250e+02 5.591778159141540527e-01 5.000000000000000000e+00
5.184493408203125000e+02 4.656290588378906250e+02 5.564122924804687500e+02 5.222734375000000000e+02 5.101025104522705078e-01 2.000000000000000000e+00
4.769156188964843750e+02 2.656572875976562500e+02 4.950951538085937500e+02 2.830919799804687500e+02 4.775677621364593506e-01 2.000000000000000000e+00
7.005507202148437500e+02 4.394004211425781250e+02 7.621506958007812500e+02 4.949879455566406250e+02 4.762949943542480469e-01 7.000000000000000000e+00
4.635511779785156250e+02 2.044255523681640625e+02 4.769929504394531250e+02 2.167395324707031250e+02 4.294175803661346436e-01 2.000000000000000000e+00
4.428617553710937500e+02 2.109337463378906250e+02 4.582346496582031250e+02 2.274793853759765625e+02 4.237578213214874268e-01 2.000000000000000000e+00
5.176175537109375000e+02 1.165586547851562500e+02 6.006841430664062500e+02 1.517730560302734375e+02 4.141964316368103027e-01 5.000000000000000000e+00
3.246718444824218750e+02 3.682991638183593750e+02 3.594580993652343750e+02 4.081638793945312500e+02 4.111146330833435059e-01 2.000000000000000000e+00
4.425556030273437500e+02 1.914816436767578125e+02 4.558884277343750000e+02 2.044380493164062500e+02 3.224245011806488037e-01 2.000000000000000000e+00
1.314824829101562500e+02 4.061668701171875000e+02 1.676907806396484375e+02 4.383348388671875000e+02 3.212656974792480469e-01 2.000000000000000000e+00
3.187815246582031250e+02 3.593316040039062500e+02 3.581406860351562500e+02 4.089179382324218750e+02 2.963157594203948975e-01 7.000000000000000000e+00
