8.043734741210937500e+02 5.847487792968750000e+02 8.882545166015625000e+02 6.486675415039062500e+02 7.930310964584350586e-01 2.000000000000000000e+00
8.422285156250000000e+02 7.002628784179687500e+02 9.484959106445312500e+02 7.638474731445312500e+02 7.763801813125610352e-01 2.000000000000000000e+00
4.804916992187500000e+02 5.562873535156250000e+02 5.503021240234375000e+02 6.276612548828125000e+02 7.607852816581726074e-01 2.000000000000000000e+00
3.958297119140625000e+02 6.394218750000000000e+02 4.855516357421875000e+02 7.009937133789062500e+02 7.586786746978759766e-01 2.000000000000000000e+00
4.702135314941406250e+02 6.992564697265625000e+02 5.262747192382812500e+02 7.644505004882812500e+02 7.524257302284240723e-01 2.000000000000000000e+00
7.155379028320312500e+02 4.471889038085937500e+02 7.587019653320312500e+02 5.001188354492187500e+02 7.283121943473815918e-01 2.000000000000000000e+00
8.028675537109375000e+02 4.412780456542968750e+02 8.748020019531250000e+02 4.828060913085937500e+02 6.662518978118896484e-01 2.000000000000000000e+00
9.265814208984375000e+02 4.200383605957031250e+02 9.796560058593750000e+02 4.794594421386718750e+02 6.109828948974609375e-01 2.000000000000000000e+00
5.224018554687500000e+02 6.159451904296875000e+02 5.695575561523437500e+02 6.960644531250000000e+02 5.891731381416320801e-01 2.000000000000000000e+00
7.225655517578125000e+02 3.805415039062500000e+02 7.465571289062500000e+02 4.110504455566406250e+02 5.576147437095642090e-01 2.000000000000000000e+00
7.607854614257812500e+02 5.119396362304687500e+02 8.045803833007812500e+02 5.701130981445312500e+02 5.425513386726379395e-01 2.000000000000000000e+00
4.240701599121093750e+02 4.610103149414062500e+02 4.964861755371093750e+02 4.932552185058593750e+02 5.368573069572448730e-01 2.000000000000000000e+00
8.080018310546875000e+02 4.053596496582031250e+02 8.771527709960937500e+02 4.391439514160156250e+02 5.360949039459228516e-01 2.000000000000000000e+00
5.181860351562500000e+02 4.121006469726562500e+02 5.574879150390625000e+02 4.562933044433593750e+02 4.910886287689208984e-01 2.000000000000000000e+00
6.960740661621093750e+01 1.903332214355468750e+02 1.294427337646484375e+02 2.340698089599609375e+02 4.558000564575195312e-01 2.000000000000000000e+00
5.146956176757812500e+02 3.220754394531250000e+02 5.607800903320312500e+02 3.536261291503906250e+02 4.516320526599884033e-01 2.000000000000000000e+00
5.992720336914062500e+02 2.718881530761718750e+02 6.257380371093750000e+02 2.989431457519531250e+02 4.407352507114410400e-01 2.000000000000000000e+00
9.993481445312500000e+02 7.277519531250000000e+02 1.072896484375000000e+03 7.638512573242187500e+02 4.342909753322601318e-01 2.000000000000000000e+00
9.190404663085937500e+02 5.059358825683593750e+02 9.306861572265625000e+02 5.357384033203125000e+02 4.257794916629791260e-01 0.000000000000000000e+00
5.406199951171875000e+02 2.495207061767578125e+02 5.665881347656250000e+02 2.787722778320312500e+02 4.230975210666656494e-01 2.000000000000000000e+00
5.503225097656250000e+02 3.822001342773437500e+02 5.790950927734375000e+02 4.205740051269531250e+02 4.081588387489318848e-01 2.000000000000000000e+00
9.794376220703125000e+02 5.912466430664062500e+02 1.073211303710937500e+03 6.249671020507812500e+02 3.987337648868560791e-01 2.000000000000000000e+00
3.198000488281250000e+02 5.835385131835937500e+02 3.378774719238281250e+02 6.177587280273437500e+02 3.858903050422668457e-01 0.000000000000000000e+00
5.295375366210937500e+02 4.563360290527343750e+02 5.723837890625000000e+02 5.121821289062500000e+02 3.682677745819091797e-01 2.000000000000000000e+00
2.931132202148437500e+02 6.896085205078125000e+02 4.118177185058593750e+02 7.640130004882812500e+02 3.639584779739379883e-01 7.000000000000000000e+00
4.898462829589843750e+02 5.107185668945312500e+02 5.314278564453125000e+02 5.721916503906250000e+02 3.321036398410797119e-01 2.000000000000000000e+00
9.090653686523437500e+02 5.903253784179687500e+02 9.256142578125000000e+02 6.212855834960937500e+02 3.247891664505004883e-01 0.000000000000000000e+00
7.447141113281250000e+02 4.165557556152343750e+02 8.039906616210937500e+02 4.574936523437500000e+02 3.237822651863098145e-01 2.000000000000000000e+00
1.130319580078125000e+03 6.184389648437500000e+02 1.159960937500000000e+03 6.467149047851562500e+02 3.019445240497589111e-01 3.000000000000000000e+00
9.507940063476562500e+02 5.876708374023437500e+02 9.669205932617187500e+02 6.211176757812500000e+02 2.977268993854522705e-01 0.000000000000000000e+00
8.043505249023437500e+02 4.144524841308593750e+02 8.758169555664062500e+02 4.651154174804687500e+02 2.794308960437774658e-01 2.000000000000000000e+00
5.231110839843750000e+02 6.169155883789062500e+02 5.694458618164062500e+02 6.974624023437500000e+02 2.704576849937438965e-01 5.000000000000000000e+00
