4.448085632324218750e+02 5.118217468261718750e+02 5.290526733398437500e+02 6.219669189453125000e+02 8.598422408103942871e-01 2.000000000000000000e+00
3.773180236816406250e+02 6.639481811523437500e+02 4.761908264160156250e+02 7.650000000000000000e+02 8.358954787254333496e-01 2.000000000000000000e+00
3.257268066406250000e+02 4.159448852539062500e+02 4.194966430664062500e+02 4.874849853515625000e+02 7.946265339851379395e-01 2.000000000000000000e+00
6.446214599609375000e+02 3.099028015136718750e+02 6.899048461914062500e+02 3.552250671386718750e+02 7.834217548370361328e-01 2.000000000000000000e+00
2.941628723144531250e+02 4.962867736816406250e+02 3.680756835937500000e+02 5.642911987304687500e+02 7.604233622550964355e-01 2.000000000000000000e+00
5.285158691406250000e+02 3.463594665527343750e+02 5.697503051757812500e+02 3.998401794433593750e+02 7.601962685585021973e-01 2.000000000000000000e+00
4.954634704589843750e+02 4.198827819824218750e+02 5.697088012695312500e+02 5.168919067382812500e+02 7.302675843238830566e-01 2.000000000000000000e+00
7.430158081054687500e+02 2.924802551269531250e+02 7.839608764648437500e+02 3.294820861816406250e+02 7.189258933067321777e-01 2.000000000000000000e+00
7.349340209960937500e+02 2.388966064453125000e+02 7.708058471679687500e+02 2.798935852050781250e+02 6.678136587142944336e-01 2.000000000000000000e+00
8.064439697265625000e+02 5.421693115234375000e+02 8.281491088867187500e+02 6.048895874023437500e+02 6.279315352439880371e-01 0.000000000000000000e+00
5.499891357421875000e+02 1.949228973388671875e+02 5.788568115234375000e+02 2.196927185058593750e+02 6.168839931488037109e-01 2.000000000000000000e+00
7.198803710937500000e+01 5.903855590820312500e+02 1.918460998535156250e+02 6.781947021484375000e+02 5.626132488250732422e-01 2.000000000000000000e+00
3.479717712402343750e+02 5.294664916992187500e+02 3.810962219238281250e+02 5.945648803710937500e+02 5.408935546875000000e-01 0.000000000000000000e+00
6.229815063476562500e+02 1.582759399414062500e+02 6.437060546875000000e+02 1.752815246582031250e+02 5.089533925056457520e-01 2.000000000000000000e+00
2.023227539062500000e+02 4.489506530761718750e+02 2.918134155273437500e+02 5.058869323730468750e+02 4.939957857131958008e-01 2.000000000000000000e+00
6.832386016845703125e+01 5.915151367187500000e+02 1.911582946777343750e+02 6.777754516601562500e+02 3.268332183361053467e-01 7.000000000000000000e+00
5.217220458984375000e+02 2.415656433105468750e+02 5.334984130859375000e+02 2.696809692382812500e+02 3.061063289642333984e-01 0.000000000000000000e+00
5.706445922851562500e+02 2.354790039062500000e+02 5.835211791992187500e+02 2.641547241210937500e+02 2.900709807872772217e-01 0.000000000000000000e+00
