2.462981567382812500e+02 2.921477355957031250e+02 3.496498107910156250e+02 3.502792968750000000e+02 8.759555816650390625e-01 2.000000000000000000e+00
3.510460510253906250e+02 3.227727355957031250e+02 4.832922058105468750e+02 4.097873535156250000e+02 8.700930476188659668e-01 2.000000000000000000e+00
1.032239761352539062e+02 2.236721496582031250e+02 1.805322570800781250e+02 2.723358459472656250e+02 7.994598746299743652e-01 2.000000000000000000e+00
3.231607971191406250e+02 5.750322875976562500e+02 3.696567077636718750e+02 6.602604370117187500e+02 7.696143388748168945e-01 0.000000000000000000e+00
3.597738647460937500e+01 1.867086486816406250e+02 1.035435714721679688e+02 2.354454193115234375e+02 7.087883949279785156e-01 2.000000000000000000e+00
1.715175170898437500e+02 2.553762969970703125e+02 2.531578063964843750e+02 3.093566589355468750e+02 7.087354660034179688e-01 2.000000000000000000e+00
4.416465148925781250e+02 2.936130065917968750e+02 5.577661743164062500e+02 3.664585876464843750e+02 7.036286592483520508e-01 2.000000000000000000e+00
6.649272460937500000e+02 1.848052978515625000e+02 7.206413574218750000e+02 2.245592346191406250e+02 6.957716345787048340e-01 2.000000000000000000e+00
9.529758300781250000e+02 1.705899353027343750e+02 1.037071411132812500e+03 2.046613311767578125e+02 6.954330801963806152e-01 2.000000000000000000e+00
4.456018676757812500e+02 2.193215026855468750e+02 5.632000122070312500e+02 2.620038146972656250e+02 6.848455071449279785e-01 2.000000000000000000e+00
1.950929412841796875e+02 5.739652709960937500e+02 2.284902496337890625e+02 6.531308593750000000e+02 6.449322104454040527e-01 0.000000000000000000e+00
1.334207275390625000e+03 1.582513122558593750e+02 1.360000000000000000e+03 1.835296630859375000e+02 6.284592747688293457e-01 2.000000000000000000e+00
7.166328125000000000e+02 1.908014526367187500e+02 7.774063720703125000e+02 2.292213897705078125e+02 6.046216487884521484e-01 2.000000000000000000e+00
3.231302795410156250e+02 2.414784851074218750e+02 4.159203796386718750e+02 3.165867919921875000e+02 5.789602994918823242e-01 2.000000000000000000e+00
1.092101562500000000e+03 1.643308105468750000e+02 1.154666992187500000e+03 2.037008666992187500e+02 5.503278374671936035e-01 2.000000000000000000e+00
3.482894897460937500e+02 2.209786682128906250e+02 4.267494506835937500e+02 2.631624755859375000e+02 5.265692472457885742e-01 2.000000000000000000e+00
5.598016967773437500e+02 1.821249237060546875e+02 6.415947265625000000e+02 2.186751098632812500e+02 5.255267620086669922e-01 2.000000000000000000e+00
7.812706909179687500e+02 2.047680053710937500e+02 8.492288208007812500e+02 2.461984252929687500e+02 5.198299884796142578e-01 2.000000000000000000e+00
1.287157592773437500e+02 1.508658142089843750e+02 1.839035949707031250e+02 1.820845336914062500e+02 5.046447515487670898e-01 2.000000000000000000e+00
1.269133300781250000e+03 1.883848724365234375e+02 1.283393798828125000e+03 2.160486145019531250e+02 3.924587070941925049e-01 0.000000000000000000e+00
1.859246978759765625e+02 5.492982177734375000e+02 2.099782867431640625e+02 6.166007080078125000e+02 3.540984392166137695e-01 0.000000000000000000e+00
9.194221191406250000e+02 2.536984252929687500e+02 9.501599121093750000e+02 2.987010498046875000e+02 3.529384732246398926e-01 0.000000000000000000e+00
8.762116699218750000e+02 1.855989990234375000e+02 9.545332641601562500e+02 2.193559112548828125e+02 3.463535010814666748e-01 2.000000000000000000e+00
1.068530273437500000e+02 3.460663757324218750e+02 1.322691650390625000e+02 4.000584106445312500e+02 3.364689946174621582e-01 0.000000000000000000e+00
8.195894775390625000e+02 1.944772644042968750e+02 9.035587768554687500e+02 2.421888580322265625e+02 3.229189813137054443e-01 2.000000000000000000e+00
4.936851196289062500e+02 1.672853393554687500e+02 5.472003173828125000e+02 1.973483276367187500e+02 3.193328380584716797e-01 2.000000000000000000e+00
1.025754516601562500e+03 2.184557342529296875e+02 1.040250244140625000e+03 2.535625000000000000e+02 3.120321035385131836e-01 0.000000000000000000e+00
1.159285522460937500e+03 1.742348632812500000e+02 1.177362792968750000e+03 2.132266693115234375e+02 3.109996318817138672e-01 0.000000000000000000e+00
1.214688232421875000e+03 2.201588592529296875e+02 1.285818603515625000e+03 2.657032775878906250e+02 3.044601380825042725e-01 3.000000000000000000e+00
1.245995971679687500e+03 2.306479644775390625e+02 1.286756958007812500e+03 2.671911315917968750e+02 2.934846580028533936e-01 3.000000000000000000e+00
9.191290283203125000e+02 2.581361389160156250e+02 9.472069702148437500e+02 3.007405395507812500e+02 2.713220715522766113e-01 3.000000000000000000e+00
6.660383605957031250e+01 3.500984497070312500e+02 9.112991333007812500e+01 3.979073181152343750e+02 2.699219286441802979e-01 0.000000000000000000e+00
