6.483491821289062500e+02 5.729445190429687500e+02 8.319511718750000000e+02 7.106635131835937500e+02 9.149000048637390137e-01 2.000000000000000000e+00
6.805302734375000000e+02 3.861667785644531250e+02 7.303270263671875000e+02 4.284567260742187500e+02 8.956933617591857910e-01 2.000000000000000000e+00
5.984886474609375000e+02 4.729188842773437500e+02 7.244911499023437500e+02 5.747218627929687500e+02 8.584879040718078613e-01 2.000000000000000000e+00
5.328818359375000000e+02 2.999662475585937500e+02 5.736203613281250000e+02 3.335177307128906250e+02 8.005497455596923828e-01 2.000000000000000000e+00
9.193430786132812500e+02 3.437747497558593750e+02 9.769420776367187500e+02 3.822615051269531250e+02 7.997403144836425781e-01 2.000000000000000000e+00
1.636483459472656250e+02 3.409476318359375000e+02 2.338913726806640625e+02 3.858100280761718750e+02 7.699132561683654785e-01 2.000000000000000000e+00
5.531508178710937500e+02 3.704687500000000000e+02 6.076576538085937500e+02 4.342152099609375000e+02 7.360256910324096680e-01 2.000000000000000000e+00
1.017365539550781250e+03 3.096008300781250000e+02 1.060305297851562500e+03 3.395205383300781250e+02 7.029807567596435547e-01 2.000000000000000000e+00
7.329246826171875000e+02 3.306438293457031250e+02 7.690136108398437500e+02 3.578509216308593750e+02 6.811540126800537109e-01 2.000000000000000000e+00
0.000000000000000000e+00 3.991416625976562500e+02 5.675696945190429688e+01 4.601959838867187500e+02 6.527484655380249023e-01 2.000000000000000000e+00
2.112262725830078125e+02 3.506680908203125000e+02 2.887091979980468750e+02 4.059737243652343750e+02 6.493069529533386230e-01 2.000000000000000000e+00
6.555108032226562500e+02 3.128488159179687500e+02 6.862968750000000000e+02 3.450753173828125000e+02 6.452122926712036133e-01 2.000000000000000000e+00
6.627626953125000000e+02 2.381656188964843750e+02 6.793632202148437500e+02 2.726588134765625000e+02 5.878084897994995117e-01 9.000000000000000000e+00
7.904325866699218750e+01 3.780408630371093750e+02 9.998542785644531250e+01 4.310982971191406250e+02 5.873767733573913574e-01 0.000000000000000000e+00
5.993798828125000000e+02 2.859680786132812500e+02 6.271912841796875000e+02 3.134157104492187500e+02 5.375636219978332520e-01 2.000000000000000000e+00
2.413996582031250000e+02 2.446939697265625000e+02 2.553026580810546875e+02 2.746062927246093750e+02 5.271551609039306641e-01 9.000000000000000000e+00
8.881816406250000000e+02 3.293849792480468750e+02 9.361018066406250000e+02 3.586388854980468750e+02 5.052651166915893555e-01 2.000000000000000000e+00
1.032983032226562500e+03 2.757952270507812500e+02 1.085381591796875000e+03 3.015241088867187500e+02 3.842621743679046631e-01 2.000000000000000000e+00
7.677567138671875000e+02 2.473099365234375000e+02 7.875818481445312500e+02 2.780599365234375000e+02 3.490224182605743408e-01 9.000000000000000000e+00
6.578589477539062500e+02 2.893927307128906250e+02 6.861937866210937500e+02 3.236857910156250000e+02 3.433770537376403809e-01 2.000000000000000000e+00
1.293139770507812500e+03 3.828890075683593750e+02 1.324427978515625000e+03 4.356347045898437500e+02 3.415452837944030762e-01 3.000000000000000000e+00
1.205694122314453125e+02 3.927741394042968750e+02 1.522710113525390625e+02 4.496234436035156250e+02 3.356031477451324463e-01 3.000000000000000000e+00
1.221366424560546875e+02 3.858953247070312500e+02 1.503254089355468750e+02 4.483854675292968750e+02 3.308450579643249512e-01 0.000000000000000000e+00
6.572596435546875000e+02 2.142927551269531250e+02 6.729207153320312500e+02 2.364048461914062500e+02 3.060705661773681641e-01 9.000000000000000000e+00
7.038733520507812500e+02 2.412875671386718750e+02 7.200375976562500000e+02 2.628085021972656250e+02 2.848638892173767090e-01 9.000000000000000000e+00
7.438567504882812500e+02 2.454882659912109375e+02 7.621214599609375000e+02 2.679555969238281250e+02 2.834323644638061523e-01 9.000000000000000000e+00
9.750536346435546875e+01 3.820117797851562500e+02 1.191824798583984375e+02 4.320352783203125000e+02 2.577514052391052246e-01 0.000000000000000000e+00
