1.615489135742187500e+03 8.309782104492187500e+02 1.757570190429687500e+03 9.967571411132812500e+02 8.352636694908142090e-01 2.000000000000000000e+00
4.526951599121093750e+02 6.043118286132812500e+02 5.627904052734375000e+02 7.121708374023437500e+02 8.341025710105895996e-01 2.000000000000000000e+00
6.617500610351562500e+02 5.997401733398437500e+02 7.660868530273437500e+02 7.127909545898437500e+02 8.042627573013305664e-01 2.000000000000000000e+00
5.288403930664062500e+02 5.068850402832031250e+02 6.416243896484375000e+02 6.034489746093750000e+02 7.743244171142578125e-01 2.000000000000000000e+00
1.565082397460937500e+03 7.025235595703125000e+02 1.670939697265625000e+03 8.191740112304687500e+02 7.722360491752624512e-01 2.000000000000000000e+00
9.002409667968750000e+02 2.900594482421875000e+02 9.607241821289062500e+02 3.708240051269531250e+02 7.588695883750915527e-01 2.000000000000000000e+00
1.535540039062500000e+03 5.937171020507812500e+02 1.626003662109375000e+03 6.865072631835937500e+02 7.376819849014282227e-01 2.000000000000000000e+00
1.890356597900390625e+02 8.696237182617187500e+02 3.644505615234375000e+02 1.054054443359375000e+03 7.351356148719787598e-01 2.000000000000000000e+00
1.502192749023437500e+03 5.120632934570312500e+02 1.593357910156250000e+03 5.980567626953125000e+02 7.159113287925720215e-01 2.000000000000000000e+00
6.057601318359375000e+02 4.211209716796875000e+02 6.886812744140625000e+02 5.086810913085937500e+02 7.119100689888000488e-01 2.000000000000000000e+00
3.262797241210937500e+02 7.431361083984375000e+02 4.555273437500000000e+02 8.788223876953125000e+02 7.097982764244079590e-01 2.000000000000000000e+00
1.419178710937500000e+03 3.262363586425781250e+02 1.511247436523437500e+03 3.734657592773437500e+02 7.010087370872497559e-01 2.000000000000000000e+00
7.930574340820312500e+02 5.768455810546875000e+02 8.786876220703125000e+02 6.908820190429687500e+02 6.942676305770874023e-01 2.000000000000000000e+00
6.625259399414062500e+02 3.635279235839843750e+02 7.285015258789062500e+02 4.208086242675781250e+02 6.915656924247741699e-01 2.000000000000000000e+00
1.687943481445312500e+03 4.477420349121093750e+02 1.830217163085937500e+03 5.177448730468750000e+02 6.532738804817199707e-01 2.000000000000000000e+00
1.537981689453125000e+03 4.279403076171875000e+02 1.672505615234375000e+03 5.056357116699218750e+02 6.531206369400024414e-01 2.000000000000000000e+00
7.492734375000000000e+02 2.613123779296875000e+02 8.005023193359375000e+02 3.121627197265625000e+02 6.307914853096008301e-01 2.000000000000000000e+00
1.851753295898437500e+03 8.623584594726562500e+02 1.919894531250000000e+03 9.261394042968750000e+02 5.924630761146545410e-01 2.000000000000000000e+00
9.776046752929687500e+02 9.719586181640625000e+01 1.014847778320312500e+03 1.352307128906250000e+02 5.790963172912597656e-01 2.000000000000000000e+00
7.023024902343750000e+02 3.132808227539062500e+02 7.646806640625000000e+02 3.731016845703125000e+02 5.771509408950805664e-01 2.000000000000000000e+00
1.260794677734375000e+03 5.966201019287109375e+01 1.293041137695312500e+03 9.357618713378906250e+01 5.724271535873413086e-01 2.000000000000000000e+00
1.507529907226562500e+03 3.648651123046875000e+02 1.610938964843750000e+03 4.156261596679687500e+02 5.639870762825012207e-01 2.000000000000000000e+00
1.005808471679687500e+03 1.519582214355468750e+02 1.053820922851562500e+03 2.029262695312500000e+02 4.944266974925994873e-01 2.000000000000000000e+00
1.174102294921875000e+03 1.959900054931640625e+02 1.221514526367187500e+03 2.486551666259765625e+02 4.799033701419830322e-01 2.000000000000000000e+00
1.845600708007812500e+03 4.746980285644531250e+02 1.919356689453125000e+03 5.374091796875000000e+02 4.694788455963134766e-01 2.000000000000000000e+00
1.794887451171875000e+03 1.955474853515625000e+02 1.899733276367187500e+03 2.439351196289062500e+02 4.525175094604492188e-01 2.000000000000000000e+00
1.723545532226562500e+03 3.867740478515625000e+02 1.855244140625000000e+03 4.500730590820312500e+02 4.454682171344757080e-01 2.000000000000000000e+00
1.007337890625000000e+03 2.380404853820800781e+01 1.050223876953125000e+03 5.707418441772460938e+01 4.365659952163696289e-01 2.000000000000000000e+00
8.445289306640625000e+02 1.322896118164062500e+02 9.007899169921875000e+02 1.851047973632812500e+02 4.338334500789642334e-01 2.000000000000000000e+00
8.060424194335937500e+02 1.777394714355468750e+02 8.630806884765625000e+02 2.287137451171875000e+02 4.126342236995697021e-01 2.000000000000000000e+00
1.697882934570312500e+03 1.048482055664062500e+03 1.815916381835937500e+03 1.080000000000000000e+03 4.087843298912048340e-01 2.000000000000000000e+00
1.693704467773437500e+03 3.522063903808593750e+02 1.712793945312500000e+03 3.940309753417968750e+02 4.081961512565612793e-01 0.000000000000000000e+00
1.561508911132812500e+03 6.913808441162109375e+01 1.629449829101562500e+03 1.030483016967773438e+02 4.009582698345184326e-01 2.000000000000000000e+00
1.366575073242187500e+03 2.317032165527343750e+02 1.381535156250000000e+03 2.680417175292968750e+02 3.976963460445404053e-01 0.000000000000000000e+00
1.741170898437500000e+03 6.860758972167968750e+01 1.814616333007812500e+03 1.056583862304687500e+02 3.972715437412261963e-01 2.000000000000000000e+00
1.776467041015625000e+03 1.503945159912109375e+02 1.882572265625000000e+03 2.002607269287109375e+02 3.964629769325256348e-01 2.000000000000000000e+00
1.568146118164062500e+03 1.552727661132812500e+02 1.719177368164062500e+03 2.818812255859375000e+02 3.680195510387420654e-01 7.000000000000000000e+00
7.830587768554687500e+02 2.197763824462890625e+02 8.329456787109375000e+02 2.680681152343750000e+02 3.550895154476165771e-01 2.000000000000000000e+00
1.361230590820312500e+03 8.965113830566406250e+01 1.395520874023437500e+03 1.190813598632812500e+02 3.442161083221435547e-01 2.000000000000000000e+00
1.809811279296875000e+03 3.710036315917968750e+02 1.920000000000000000e+03 4.340590209960937500e+02 3.285212218761444092e-01 2.000000000000000000e+00
1.630768554687500000e+03 5.881860961914062500e+02 1.657338623046875000e+03 6.420822753906250000e+02 3.192047476768493652e-01 0.000000000000000000e+00
1.459742431640625000e+03 4.184617309570312500e+02 1.479925048828125000e+03 4.646141967773437500e+02 3.168478906154632568e-01 0.000000000000000000e+00
1.766745239257812500e+03 5.902577514648437500e+02 1.800593017578125000e+03 6.531857910156250000e+02 3.097382783889770508e-01 0.000000000000000000e+00
6.817028808593750000e+02 5.997768554687500000e+02 7.708150634765625000e+02 6.613185424804687500e+02 3.074031174182891846e-01 2.000000000000000000e+00
1.394180786132812500e+03 1.737730560302734375e+02 1.446193603515625000e+03 2.164685363769531250e+02 2.915733158588409424e-01 2.000000000000000000e+00
1.201604003906250000e+03 1.136793994903564453e+01 1.239099243164062500e+03 4.672361755371093750e+01 2.807561755180358887e-01 2.000000000000000000e+00
9.064896240234375000e+02 5.911990356445312500e+01 9.559205932617187500e+02 1.048789901733398438e+02 2.781897485256195068e-01 2.000000000000000000e+00
1.761621215820312500e+03 1.100202255249023438e+02 1.850915161132812500e+03 1.499400024414062500e+02 2.780116200447082520e-01 2.000000000000000000e+00
1.422154174804687500e+03 2.538409576416015625e+02 1.482151611328125000e+03 3.007475280761718750e+02 2.779321968555450439e-01 2.000000000000000000e+00
1.582938842773437500e+03 3.849014282226562500e+02 1.707496704101562500e+03 4.445997619628906250e+02 2.760242819786071777e-01 2.000000000000000000e+00
1.447836303710937500e+03 0.000000000000000000e+00 1.555650512695312500e+03 8.521527099609375000e+01 2.739175260066986084e-01 7.000000000000000000e+00
7.872675170898437500e+02 1.996555175781250000e+02 8.537554931640625000e+02 2.546040039062500000e+02 2.686217725276947021e-01 2.000000000000000000e+00
1.384544433593750000e+03 1.197554702758789062e+02 1.429504028320312500e+03 1.752117156982421875e+02 2.645501196384429932e-01 2.000000000000000000e+00
1.471487548828125000e+03 1.006662597656250000e+03 1.514886718750000000e+03 1.075497436523437500e+03 2.576913237571716309e-01 0.000000000000000000e+00
