9.783612060546875000e+02 1.852841377258300781e-01 1.288026245117187500e+03 1.274639129638671875e+02 8.529828190803527832e-01 8.000000000000000000e+00
8.643068237304687500e+02 1.835403747558593750e+02 1.193238891601562500e+03 4.707166748046875000e+02 8.480057120323181152e-01 8.000000000000000000e+00
6.428709716796875000e+02 2.826357116699218750e+02 6.741071166992187500e+02 3.563544311523437500e+02 8.162011504173278809e-01 0.000000000000000000e+00
3.582834167480468750e+02 5.523438644409179688e+01 6.941555786132812500e+02 2.627137451171875000e+02 7.896583080291748047e-01 7.000000000000000000e+00
4.970486831665039062e+01 2.354449462890625000e+02 1.076037063598632812e+02 3.228943176269531250e+02 7.855864763259887695e-01 0.000000000000000000e+00
1.179188690185546875e+02 1.304000701904296875e+02 5.131375122070312500e+02 4.216190490722656250e+02 7.525345683097839355e-01 8.000000000000000000e+00
4.106532897949218750e+02 5.829311523437500000e+02 4.714695434570312500e+02 6.850104370117187500e+02 6.593554019927978516e-01 0.000000000000000000e+00
5.061593017578125000e+02 2.447129669189453125e+02 5.573703613281250000e+02 3.388923339843750000e+02 6.428161263465881348e-01 0.000000000000000000e+00
2.455849456787109375e+02 1.142450942993164062e+02 2.878694458007812500e+02 1.810567169189453125e+02 6.415472626686096191e-01 0.000000000000000000e+00
5.528161010742187500e+02 0.000000000000000000e+00 7.604396362304687500e+02 7.964467620849609375e+01 6.079507470130920410e-01 7.000000000000000000e+00
7.066467285156250000e+02 1.198341293334960938e+02 8.768486938476562500e+02 4.022171630859375000e+02 5.462887883186340332e-01 8.000000000000000000e+00
4.954893798828125000e+02 2.607334899902343750e+02 5.267412719726562500e+02 3.419246826171875000e+02 4.944613575935363770e-01 0.000000000000000000e+00
1.042330322265625000e+03 3.760398864746093750e+02 1.360000000000000000e+03 5.859978637695312500e+02 4.845421612262725830e-01 8.000000000000000000e+00
3.526755371093750000e+02 1.380592956542968750e+02 3.833410339355468750e+02 2.100165863037109375e+02 4.750405550003051758e-01 0.000000000000000000e+00
5.293334350585937500e+02 0.000000000000000000e+00 5.856195068359375000e+02 4.050696945190429688e+01 4.040522277355194092e-01 2.000000000000000000e+00
1.221091064453125000e+03 6.327163085937500000e+02 1.282319702148437500e+03 7.076149902343750000e+02 3.689777553081512451e-01 5.200000000000000000e+01
2.610145263671875000e+02 2.192074584960937500e+02 3.345651550292968750e+02 2.824092712402343750e+02 3.073826134204864502e-01 0.000000000000000000e+00
7.064355468750000000e+02 1.157437896728515625e+02 8.754116821289062500e+02 4.013838500976562500e+02 3.062141537666320801e-01 2.000000000000000000e+00
