4.637406921386718750e+02 3.833157348632812500e+02 4.790538940429687500e+02 4.220267944335937500e+02 7.227501869201660156e-01 0.000000000000000000e+00
2.288638916015625000e+02 3.085340576171875000e+02 2.419505310058593750e+02 3.396223449707031250e+02 6.719030737876892090e-01 0.000000000000000000e+00
6.492723999023437500e+02 5.196167602539062500e+02 6.702902832031250000e+02 5.400000000000000000e+02 6.667528748512268066e-01 0.000000000000000000e+00
4.818616638183593750e+02 3.773761901855468750e+02 4.961049804687500000e+02 4.207098388671875000e+02 6.447545289993286133e-01 0.000000000000000000e+00
2.078358764648437500e+02 5.116307373046875000e+02 2.320330352783203125e+02 5.400000000000000000e+02 6.292941570281982422e-01 0.000000000000000000e+00
7.521931762695312500e+02 4.701477661132812500e+02 7.712911987304687500e+02 5.185412597656250000e+02 5.814923644065856934e-01 0.000000000000000000e+00
7.347295532226562500e+02 4.724619445800781250e+02 7.523032226562500000e+02 5.214462890625000000e+02 5.773757100105285645e-01 0.000000000000000000e+00
8.618340454101562500e+02 4.830413818359375000e+02 9.160783081054687500e+02 5.249812011718750000e+02 5.584036707878112793e-01 2.000000000000000000e+00
1.776414184570312500e+02 5.133369750976562500e+02 2.028653869628906250e+02 5.400000000000000000e+02 5.280213952064514160e-01 0.000000000000000000e+00
9.179534912109375000e+02 2.984879455566406250e+02 9.597599487304687500e+02 3.400919494628906250e+02 5.156064033508300781e-01 2.000000000000000000e+00
2.711103057861328125e+01 3.717059326171875000e+02 5.616095352172851562e+01 4.173933105468750000e+02 4.940534532070159912e-01 0.000000000000000000e+00
5.031659603118896484e-01 3.250041809082031250e+02 1.907940292358398438e+01 3.583794555664062500e+02 4.729485809803009033e-01 0.000000000000000000e+00
5.487949218750000000e+02 3.676116333007812500e+02 5.612223510742187500e+02 4.020075378417968750e+02 4.460828602313995361e-01 0.000000000000000000e+00
2.450554504394531250e+02 2.556629333496093750e+02 2.563834838867187500e+02 2.827502136230468750e+02 4.249377548694610596e-01 0.000000000000000000e+00
4.496111145019531250e+02 3.260539855957031250e+02 4.630927124023437500e+02 3.614783630371093750e+02 4.042962491512298584e-01 0.000000000000000000e+00
5.322340087890625000e+02 3.323537292480468750e+02 5.516120605468750000e+02 3.631360473632812500e+02 3.862910568714141846e-01 0.000000000000000000e+00
2.004566001892089844e+01 2.605481567382812500e+02 3.879384613037109375e+01 2.921690063476562500e+02 3.779686093330383301e-01 0.000000000000000000e+00
8.106610870361328125e+01 2.597256164550781250e+02 9.348523712158203125e+01 2.841636047363281250e+02 3.360877335071563721e-01 0.000000000000000000e+00
5.157763061523437500e+02 3.833024902343750000e+02 5.397127075195312500e+02 4.166803283691406250e+02 3.136129081249237061e-01 0.000000000000000000e+00
5.058307800292968750e+02 3.019576721191406250e+02 5.166244506835937500e+02 3.328059692382812500e+02 3.025068044662475586e-01 0.000000000000000000e+00
7.219026489257812500e+02 4.137232666015625000e+02 7.551622924804687500e+02 4.413569030761718750e+02 2.836339175701141357e-01 1.300000000000000000e+01
4.783265075683593750e+02 2.933608398437500000e+02 4.873802490234375000e+02 3.152052307128906250e+02 2.517606317996978760e-01 0.000000000000000000e+00
