9.867769775390625000e+02 9.040957031250000000e+02 1.054126464843750000e+03 1.077202514648437500e+03 8.344304561614990234e-01 0.000000000000000000e+00
1.055219848632812500e+03 9.122575073242187500e+02 1.111933593750000000e+03 1.077497924804687500e+03 6.981837749481201172e-01 0.000000000000000000e+00
1.836902832031250000e+03 7.517505493164062500e+02 1.878994750976562500e+03 8.720261230468750000e+02 6.716887354850769043e-01 0.000000000000000000e+00
5.139851074218750000e+02 1.019812133789062500e+03 5.787461547851562500e+02 1.079033569335937500e+03 6.443194746971130371e-01 0.000000000000000000e+00
7.253453979492187500e+02 6.497941894531250000e+02 7.952457275390625000e+02 7.367117309570312500e+02 6.303125023841857910e-01 5.000000000000000000e+00
6.154571533203125000e+02 7.651697998046875000e+02 6.577098388671875000e+02 8.883166503906250000e+02 5.683392286300659180e-01 0.000000000000000000e+00
1.692464477539062500e+03 7.271592407226562500e+02 1.730204711914062500e+03 8.425237426757812500e+02 5.100947618484497070e-01 0.000000000000000000e+00
8.741978759765625000e+02 7.066904296875000000e+02 9.089948730468750000e+02 8.038723754882812500e+02 4.979590773582458496e-01 0.000000000000000000e+00
1.547005493164062500e+03 9.297767944335937500e+02 1.614220581054687500e+03 1.023371154785156250e+03 4.645745456218719482e-01 0.000000000000000000e+00
1.649373779296875000e+03 7.361731567382812500e+02 1.687515747070312500e+03 8.496251220703125000e+02 4.634799659252166748e-01 0.000000000000000000e+00
9.132711181640625000e+02 7.127264404296875000e+02 9.423453369140625000e+02 8.034235839843750000e+02 4.595341682434082031e-01 0.000000000000000000e+00
1.795933349609375000e+03 7.330581665039062500e+02 1.840731933593750000e+03 8.672733764648437500e+02 4.475930035114288330e-01 0.000000000000000000e+00
1.612727539062500000e+03 9.439673461914062500e+02 1.682247924804687500e+03 1.042639770507812500e+03 4.316389560699462891e-01 0.000000000000000000e+00
7.998897552490234375e+01 6.999871215820312500e+02 1.110431442260742188e+02 7.749060058593750000e+02 4.251284897327423096e-01 0.000000000000000000e+00
1.469121093750000000e+02 7.029309082031250000e+02 1.763119354248046875e+02 7.822600708007812500e+02 3.969511389732360840e-01 0.000000000000000000e+00
8.368949584960937500e+02 6.517931518554687500e+02 8.586270141601562500e+02 7.201319580078125000e+02 3.872042000293731689e-01 0.000000000000000000e+00
1.898907623291015625e+02 6.979566040039062500e+02 2.150342102050781250e+02 7.851516723632812500e+02 3.693656921386718750e-01 0.000000000000000000e+00
9.211445312500000000e+02 6.705432739257812500e+02 9.426775512695312500e+02 7.195119018554687500e+02 3.684162795543670654e-01 0.000000000000000000e+00
4.234570617675781250e+02 7.062583007812500000e+02 4.547030944824218750e+02 7.726840209960937500e+02 3.444115221500396729e-01 0.000000000000000000e+00
1.547187744140625000e+03 9.350051879882812500e+02 1.674395507812500000e+03 1.038123901367187500e+03 3.375373482704162598e-01 0.000000000000000000e+00
2.570271606445312500e+02 6.538710937500000000e+02 2.896638793945312500e+02 7.143152465820312500e+02 3.117415904998779297e-01 0.000000000000000000e+00
1.138842651367187500e+03 7.399625854492187500e+02 1.169149658203125000e+03 7.985669555664062500e+02 3.000368177890777588e-01 0.000000000000000000e+00
1.106275512695312500e+03 7.433569946289062500e+02 1.141469238281250000e+03 8.222749023437500000e+02 2.531418204307556152e-01 0.000000000000000000e+00
