1.378941040039062500e+03 7.874656372070312500e+02 1.675146606445312500e+03 8.964073486328125000e+02 8.775610923767089844e-01 2.000000000000000000e+00
1.109717163085937500e+03 9.115191650390625000e+02 1.171271728515625000e+03 1.051855224609375000e+03 7.500940561294555664e-01 0.000000000000000000e+00
1.582635620117187500e+03 9.211558837890625000e+02 1.644949340820312500e+03 1.061118774414062500e+03 7.424748539924621582e-01 0.000000000000000000e+00
6.525978088378906250e+01 9.146665649414062500e+02 1.348333129882812500e+02 1.075817504882812500e+03 5.946274995803833008e-01 0.000000000000000000e+00
9.484189453125000000e+02 8.598735351562500000e+02 9.955039672851562500e+02 1.012672668457031250e+03 5.690588355064392090e-01 0.000000000000000000e+00
9.965581665039062500e+02 8.784067993164062500e+02 1.043233764648437500e+03 1.014355651855468750e+03 5.425987243652343750e-01 0.000000000000000000e+00
1.561929199218750000e+03 6.982595214843750000e+02 1.655675170898437500e+03 7.484020385742187500e+02 5.372049808502197266e-01 2.000000000000000000e+00
4.887249145507812500e+02 7.461260986328125000e+02 5.190021972656250000e+02 8.326470947265625000e+02 4.805111587047576904e-01 0.000000000000000000e+00
2.869389038085937500e+02 8.901890869140625000e+02 3.324399108886718750e+02 1.038825073242187500e+03 4.755652248859405518e-01 0.000000000000000000e+00
1.773355560302734375e+02 9.417858276367187500e+02 2.487844543457031250e+02 1.077433105468750000e+03 4.425669908523559570e-01 0.000000000000000000e+00
1.182823486328125000e+03 7.754026489257812500e+02 1.212379272460937500e+03 8.680349731445312500e+02 4.018019735813140869e-01 0.000000000000000000e+00
1.149994262695312500e+03 7.724683227539062500e+02 1.177983276367187500e+03 8.678789062500000000e+02 3.767752647399902344e-01 0.000000000000000000e+00
4.027351989746093750e+02 8.942012329101562500e+02 4.560552368164062500e+02 1.039281738281250000e+03 3.756495714187622070e-01 0.000000000000000000e+00
6.912755126953125000e+02 7.350954589843750000e+02 7.267703857421875000e+02 8.517244873046875000e+02 3.715174794197082520e-01 0.000000000000000000e+00
9.454442138671875000e+02 6.785560913085937500e+02 9.727576904296875000e+02 7.647683715820312500e+02 3.144108057022094727e-01 0.000000000000000000e+00
5.334116821289062500e+02 8.344574584960937500e+02 5.802250366210937500e+02 9.302987060546875000e+02 3.121985495090484619e-01 0.000000000000000000e+00
8.715251464843750000e+02 7.586376953125000000e+02 9.189580688476562500e+02 8.124899291992187500e+02 2.808688580989837646e-01 2.800000000000000000e+01
1.837005004882812500e+03 8.007975463867187500e+02 1.887994018554687500e+03 8.678579101562500000e+02 2.559244930744171143e-01 3.000000000000000000e+00
1.623534667968750000e+03 9.769127807617187500e+02 1.703013427734375000e+03 1.068791992187500000e+03 2.534831464290618896e-01 1.000000000000000000e+00
