7.427512207031250000e+02 3.787730102539062500e+02 1.009494384765625000e+03 5.375046997070312500e+02 8.886652588844299316e-01 2.000000000000000000e+00
8.612919311523437500e+02 1.277137603759765625e+02 9.900343017578125000e+02 1.810948791503906250e+02 8.664175868034362793e-01 2.000000000000000000e+00
4.894963378906250000e+02 4.806943359375000000e+02 5.231067504882812500e+02 5.708832397460937500e+02 8.323580622673034668e-01 0.000000000000000000e+00
6.695992431640625000e+02 2.754496765136718750e+02 8.525989379882812500e+02 3.853027954101562500e+02 8.296164274215698242e-01 2.000000000000000000e+00
3.985794677734375000e+02 4.328326110839843750e+02 4.274799804687500000e+02 5.158447875976562500e+02 7.726893424987792969e-01 0.000000000000000000e+00
1.260502563476562500e+03 1.159006271362304688e+02 1.325886230468750000e+03 1.716152801513671875e+02 7.655066251754760742e-01 2.000000000000000000e+00
1.545278787612915039e+00 1.517195281982421875e+02 7.009993743896484375e+01 2.085656127929687500e+02 7.210328578948974609e-01 2.000000000000000000e+00
3.879009246826171875e+01 6.256449508666992188e+01 1.246064376831054688e+02 1.042496414184570312e+02 7.056135535240173340e-01 2.000000000000000000e+00
2.436277923583984375e+02 2.385849304199218750e+02 3.849503479003906250e+02 3.197926330566406250e+02 6.971386671066284180e-01 2.000000000000000000e+00
5.282838745117187500e+02 4.443887329101562500e+02 5.627223510742187500e+02 5.277718505859375000e+02 6.954661607742309570e-01 0.000000000000000000e+00
9.255171508789062500e+02 3.417073440551757812e+01 9.867853393554687500e+02 7.407276916503906250e+01 6.762585043907165527e-01 2.000000000000000000e+00
1.109141723632812500e+03 9.334757232666015625e+01 1.172138183593750000e+03 1.483752593994140625e+02 6.540633440017700195e-01 2.000000000000000000e+00
4.997397766113281250e+02 6.297188186645507812e+01 5.568075561523437500e+02 1.017902069091796875e+02 6.174407601356506348e-01 2.000000000000000000e+00
1.148226074218750000e+03 1.855618476867675781e+01 1.205234252929687500e+03 5.164813995361328125e+01 5.688742399215698242e-01 2.000000000000000000e+00
5.535535278320312500e+02 7.004656219482421875e+01 6.188411254882812500e+02 1.073755340576171875e+02 5.531966686248779297e-01 2.000000000000000000e+00
7.995850830078125000e+02 4.347799301147460938e+01 8.764266967773437500e+02 7.658755493164062500e+01 5.397679805755615234e-01 2.000000000000000000e+00
2.561478271484375000e+02 1.713667449951171875e+02 3.713643188476562500e+02 2.453652191162109375e+02 5.336327552795410156e-01 7.000000000000000000e+00
4.683492431640625000e+02 1.825644226074218750e+02 4.857828369140625000e+02 2.349045104980468750e+02 5.205016136169433594e-01 0.000000000000000000e+00
0.000000000000000000e+00 2.822334594726562500e+02 3.153420639038085938e+01 3.660530700683593750e+02 5.143758058547973633e-01 0.000000000000000000e+00
2.736493587493896484e+00 4.012615966796875000e+01 6.777552795410156250e+01 7.200557708740234375e+01 5.111804008483886719e-01 2.000000000000000000e+00
3.130335388183593750e+02 4.827596664428710938e+01 3.709231262207031250e+02 8.126959228515625000e+01 4.758154451847076416e-01 2.000000000000000000e+00
1.179038574218750000e+03 2.727355718612670898e+00 1.220640258789062500e+03 3.684748458862304688e+01 3.880014717578887939e-01 2.000000000000000000e+00
3.819103393554687500e+02 6.218729019165039062e+01 4.744197082519531250e+02 9.761309051513671875e+01 3.602655827999114990e-01 2.000000000000000000e+00
1.882218360900878906e+00 2.496154785156250000e+02 4.132260131835937500e+01 3.110677185058593750e+02 3.593253195285797119e-01 0.000000000000000000e+00
9.714793090820312500e+02 7.510124969482421875e+01 9.923173828125000000e+02 1.184415969848632812e+02 3.380745053291320801e-01 0.000000000000000000e+00
9.173526611328125000e+02 8.245083618164062500e+01 9.339392089843750000e+02 1.138957519531250000e+02 3.344636261463165283e-01 0.000000000000000000e+00
1.345560668945312500e+03 4.198529243469238281e+00 1.359987426757812500e+03 3.267895507812500000e+01 3.096095323562622070e-01 2.000000000000000000e+00
6.274312744140625000e+02 8.069477844238281250e+01 6.833545532226562500e+02 1.223509216308593750e+02 3.091529905796051025e-01 2.000000000000000000e+00
6.543769531250000000e+02 6.500125885009765625e+01 7.425715942382812500e+02 1.145087280273437500e+02 2.618248164653778076e-01 2.000000000000000000e+00
8.890380249023437500e+02 5.480784606933593750e+01 9.045156250000000000e+02 8.962832641601562500e+01 2.575224339962005615e-01 0.000000000000000000e+00
