6.585686645507812500e+02 1.124919433593750000e+02 9.199324951171875000e+02 3.054375610351562500e+02 8.426728844642639160e-01 7.000000000000000000e+00
9.344164428710937500e+02 1.410610656738281250e+02 1.059482543945312500e+03 3.629736938476562500e+02 7.879452109336853027e-01 7.000000000000000000e+00
1.265084106445312500e+03 2.734623718261718750e+02 1.310333496093750000e+03 3.437428588867187500e+02 7.725719809532165527e-01 0.000000000000000000e+00
1.022739440917968750e+03 5.516379833221435547e+00 1.048794677734375000e+03 6.947327423095703125e+01 7.030943632125854492e-01 0.000000000000000000e+00
1.046534912109375000e+03 2.560597839355468750e+02 1.081072631835937500e+03 3.310336608886718750e+02 6.648114323616027832e-01 0.000000000000000000e+00
1.231160278320312500e+03 4.682222747802734375e+01 1.359713500976562500e+03 1.571511077880859375e+02 5.882934331893920898e-01 2.000000000000000000e+00
1.234167968750000000e+03 4.636740875244140625e+01 1.357501464843750000e+03 1.563763732910156250e+02 5.681375265121459961e-01 7.000000000000000000e+00
1.001954956054687500e+03 0.000000000000000000e+00 1.015992370605468750e+03 2.169836044311523438e+01 4.777576923370361328e-01 0.000000000000000000e+00
5.282543334960937500e+02 2.431142425537109375e+01 7.546503295898437500e+02 1.418763732910156250e+02 4.139405786991119385e-01 7.000000000000000000e+00
5.372030639648437500e+02 1.243612365722656250e+02 6.535149536132812500e+02 2.404477233886718750e+02 3.826482594013214111e-01 7.000000000000000000e+00
8.552514648437500000e+02 2.664222478866577148e+00 8.695361938476562500e+02 4.176271057128906250e+01 3.671035766601562500e-01 0.000000000000000000e+00
5.410290527343750000e+02 1.254487686157226562e+02 6.245325927734375000e+02 2.388153228759765625e+02 2.775614857673645020e-01 2.000000000000000000e+00
