2.454907073974609375e+02 4.263230895996093750e+02 3.224444274902343750e+02 4.782816467285156250e+02 8.242080211639404297e-01 2.000000000000000000e+00
1.863587951660156250e+02 4.255573425292968750e+02 2.664142456054687500e+02 4.769823303222656250e+02 7.968293428421020508e-01 2.000000000000000000e+00
5.998229980468750000e+02 3.256145324707031250e+02 6.146110839843750000e+02 3.592941894531250000e+02 7.882933616638183594e-01 9.000000000000000000e+00
4.092099914550781250e+02 3.503003540039062500e+02 4.580902709960937500e+02 3.901983032226562500e+02 7.761353254318237305e-01 2.000000000000000000e+00
5.055681152343750000e+02 3.174967651367187500e+02 5.180897827148437500e+02 3.445140686035156250e+02 6.109886765480041504e-01 9.000000000000000000e+00
6.636229248046875000e+02 4.917955017089843750e+02 6.871945190429687500e+02 5.361162719726562500e+02 5.848864912986755371e-01 0.000000000000000000e+00
2.171665649414062500e+02 3.537251586914062500e+02 2.691399536132812500e+02 3.782901306152343750e+02 5.832533836364746094e-01 2.000000000000000000e+00
4.553893737792968750e+02 3.304356079101562500e+02 4.943446044921875000e+02 3.619863281250000000e+02 5.766585469245910645e-01 2.000000000000000000e+00
3.485230407714843750e+02 3.824871826171875000e+02 4.054032287597656250e+02 4.242113342285156250e+02 5.391778945922851562e-01 2.000000000000000000e+00
3.506756286621093750e+02 3.473749084472656250e+02 4.097958374023437500e+02 4.197326965332031250e+02 5.292021632194519043e-01 2.000000000000000000e+00
4.485013122558593750e+02 2.934806823730468750e+02 4.792270507812500000e+02 3.145977172851562500e+02 4.904822707176208496e-01 2.000000000000000000e+00
7.979156494140625000e+02 2.743874816894531250e+02 8.194783325195312500e+02 2.967446289062500000e+02 4.791644811630249023e-01 2.000000000000000000e+00
8.354482421875000000e+02 3.425600891113281250e+02 8.541447753906250000e+02 3.772755737304687500e+02 4.746958017349243164e-01 9.000000000000000000e+00
3.654368591308593750e+02 4.753728637695312500e+02 4.041735534667968750e+02 5.111373901367187500e+02 4.724781811237335205e-01 3.000000000000000000e+00
3.812259216308593750e+02 4.259382934570312500e+02 4.026079406738281250e+02 4.626936950683593750e+02 4.617643654346466064e-01 0.000000000000000000e+00
7.943073120117187500e+02 3.075327758789062500e+02 8.192310791015625000e+02 3.313692626953125000e+02 4.503681659698486328e-01 2.000000000000000000e+00
1.178842239379882812e+02 4.691352844238281250e+02 1.396906433105468750e+02 5.073585510253906250e+02 4.354158937931060791e-01 0.000000000000000000e+00
7.823422851562500000e+02 5.072806091308593750e+02 7.988622436523437500e+02 5.395115356445312500e+02 4.114642739295959473e-01 0.000000000000000000e+00
4.917522888183593750e+02 3.444562683105468750e+02 5.251682739257812500e+02 3.701715393066406250e+02 3.415852189064025879e-01 2.000000000000000000e+00
4.818499145507812500e+02 2.873771667480468750e+02 5.033322143554687500e+02 3.088767700195312500e+02 3.294696211814880371e-01 2.000000000000000000e+00
1.161014785766601562e+02 4.695660400390625000e+02 1.405855865478515625e+02 5.081026916503906250e+02 3.235823214054107666e-01 3.000000000000000000e+00
5.498715820312500000e+02 3.294823608398437500e+02 5.696335449218750000e+02 3.462337646484375000e+02 3.145458996295928955e-01 9.000000000000000000e+00
1.538345794677734375e+02 3.595657958984375000e+02 1.918605651855468750e+02 3.815596923828125000e+02 2.911848127841949463e-01 3.000000000000000000e+00
2.296349945068359375e+02 3.929299621582031250e+02 2.501201019287109375e+02 4.239678039550781250e+02 2.816151678562164307e-01 0.000000000000000000e+00
8.166039428710937500e+02 3.836561584472656250e+02 8.292382202148437500e+02 4.145942077636718750e+02 2.764815688133239746e-01 0.000000000000000000e+00
