5.702269287109375000e+02 3.909315795898437500e+02 5.878781127929687500e+02 4.448150329589843750e+02 7.567782402038574219e-01 0.000000000000000000e+00
5.471591796875000000e+02 3.803157653808593750e+02 5.625138549804687500e+02 4.259102172851562500e+02 6.239035725593566895e-01 0.000000000000000000e+00
1.097953720092773438e+02 4.590840454101562500e+02 1.308556976318359375e+02 5.345336303710937500e+02 5.821459889411926270e-01 0.000000000000000000e+00
5.199770507812500000e+02 3.861998596191406250e+02 5.367427368164062500e+02 4.514333801269531250e+02 5.442189574241638184e-01 0.000000000000000000e+00
3.350504455566406250e+02 3.777260131835937500e+02 3.491426696777343750e+02 4.243416442871093750e+02 4.722610116004943848e-01 0.000000000000000000e+00
2.231570434570312500e+02 3.625855407714843750e+02 2.377922515869140625e+02 4.012633972167968750e+02 3.674430251121520996e-01 0.000000000000000000e+00
1.722647399902343750e+02 4.402799377441406250e+02 1.955546875000000000e+02 5.056341247558593750e+02 3.599536716938018799e-01 0.000000000000000000e+00
2.786688995361328125e+01 4.733675842285156250e+02 6.135069274902343750e+01 5.400000000000000000e+02 3.496205210685729980e-01 0.000000000000000000e+00
5.241044921875000000e+02 3.459882507324218750e+02 5.340465087890625000e+02 3.783581542968750000e+02 3.292293548583984375e-01 0.000000000000000000e+00
5.006781921386718750e+02 3.831498413085937500e+02 5.157656250000000000e+02 4.307640380859375000e+02 3.231670260429382324e-01 0.000000000000000000e+00
1.216916427612304688e+02 4.064068908691406250e+02 1.406336517333984375e+02 4.592750244140625000e+02 3.101487755775451660e-01 0.000000000000000000e+00
8.121307983398437500e+02 1.450345611572265625e+02 9.596727905273437500e+02 2.718222351074218750e+02 2.987518012523651123e-01 6.000000000000000000e+00
