1.244991333007812500e+03 5.518262329101562500e+02 1.360000000000000000e+03 6.291309814453125000e+02 9.121920466423034668e-01 2.000000000000000000e+00
1.179850463867187500e+03 4.762442321777343750e+02 1.311611938476562500e+03 5.528949584960937500e+02 8.640055060386657715e-01 2.000000000000000000e+00
8.680086669921875000e+02 4.945621643066406250e+02 9.710531616210937500e+02 5.812789916992187500e+02 8.295112848281860352e-01 2.000000000000000000e+00
3.857460937500000000e+02 3.888265991210937500e+02 4.489468688964843750e+02 4.577036132812500000e+02 8.121248483657836914e-01 2.000000000000000000e+00
8.515278320312500000e+02 4.092593078613281250e+02 9.205134277343750000e+02 4.670646057128906250e+02 8.013177514076232910e-01 2.000000000000000000e+00
1.328252197265625000e+03 6.288710327148437500e+02 1.358996826171875000e+03 6.930577392578125000e+02 7.796316742897033691e-01 2.000000000000000000e+00
6.823836059570312500e+02 4.667534484863281250e+02 7.470132446289062500e+02 5.293799438476562500e+02 6.825024485588073730e-01 2.000000000000000000e+00
5.992541503906250000e+02 5.382013549804687500e+02 6.745634765625000000e+02 6.351520385742187500e+02 6.772853732109069824e-01 2.000000000000000000e+00
1.167803100585937500e+03 4.268215026855468750e+02 1.191175170898437500e+03 4.717544860839843750e+02 6.586936116218566895e-01 0.000000000000000000e+00
6.558082275390625000e+02 2.213818817138671875e+02 6.860037231445312500e+02 2.472357177734375000e+02 5.769769549369812012e-01 2.000000000000000000e+00
4.121860656738281250e+02 5.955595703125000000e+02 4.902243041992187500e+02 6.803729248046875000e+02 5.346411466598510742e-01 2.000000000000000000e+00
1.188458007812500000e+03 4.483297424316406250e+02 1.209122070312500000e+03 4.964266662597656250e+02 5.219274163246154785e-01 0.000000000000000000e+00
5.586644897460937500e+02 1.589769744873046875e+02 5.948568115234375000e+02 1.894315948486328125e+02 5.060777664184570312e-01 2.000000000000000000e+00
6.084692993164062500e+02 2.024023590087890625e+02 6.368988647460937500e+02 2.298141021728515625e+02 4.795369207859039307e-01 2.000000000000000000e+00
7.643239135742187500e+02 2.898211669921875000e+02 7.787498168945312500e+02 3.236343383789062500e+02 4.739332497119903564e-01 9.000000000000000000e+00
6.844836425781250000e+02 2.818254089355468750e+02 7.044392700195312500e+02 3.233995971679687500e+02 4.197453856468200684e-01 9.000000000000000000e+00
5.811301269531250000e+02 2.880520935058593750e+02 6.512794799804687500e+02 4.055640563964843750e+02 4.106474220752716064e-01 5.000000000000000000e+00
5.664424438476562500e+02 1.969067382812500000e+02 5.954389038085937500e+02 2.459545898437500000e+02 4.072118103504180908e-01 2.000000000000000000e+00
1.641419525146484375e+02 3.618394775390625000e+02 1.857276153564453125e+02 4.054764404296875000e+02 3.787561655044555664e-01 0.000000000000000000e+00
5.459633789062500000e+02 9.381824493408203125e+01 5.939460449218750000e+02 1.272819061279296875e+02 3.606575727462768555e-01 2.000000000000000000e+00
1.304327514648437500e+03 4.566540527343750000e+02 1.325983032226562500e+03 5.019261779785156250e+02 3.502784669399261475e-01 0.000000000000000000e+00
1.111490356445312500e+03 3.798739318847656250e+02 1.130753051757812500e+03 4.193331909179687500e+02 3.464500010013580322e-01 0.000000000000000000e+00
6.075073852539062500e+02 2.736396179199218750e+02 6.338793945312500000e+02 3.178917541503906250e+02 3.341233432292938232e-01 2.000000000000000000e+00
5.848338012695312500e+02 2.989691162109375000e+02 6.494395751953125000e+02 4.037119445800781250e+02 3.321258127689361572e-01 7.000000000000000000e+00
2.748991699218750000e+02 3.005502014160156250e+02 2.996575012207031250e+02 3.461049499511718750e+02 3.300949633121490479e-01 9.000000000000000000e+00
1.228449462890625000e+03 4.238394470214843750e+02 1.249071411132812500e+03 4.724413757324218750e+02 3.298804759979248047e-01 0.000000000000000000e+00
5.655574951171875000e+02 2.178966674804687500e+02 6.006075439453125000e+02 2.556350708007812500e+02 3.222924470901489258e-01 2.000000000000000000e+00
7.315365600585937500e+02 4.000693664550781250e+02 7.509208374023437500e+02 4.369903564453125000e+02 2.921293079853057861e-01 0.000000000000000000e+00
5.689051513671875000e+02 2.279340057373046875e+02 6.076840209960937500e+02 2.689039916992187500e+02 2.840851247310638428e-01 2.000000000000000000e+00
1.460427093505859375e+02 2.181144104003906250e+02 2.478932952880859375e+02 2.781248474121093750e+02 2.790479660034179688e-01 2.000000000000000000e+00
