2.342187347412109375e+02 5.501683349609375000e+02 4.190690307617187500e+02 6.482548828125000000e+02 8.945209383964538574e-01 2.000000000000000000e+00
5.450143814086914062e-01 5.261806640625000000e+02 1.160345001220703125e+02 6.539665527343750000e+02 8.839812278747558594e-01 2.000000000000000000e+00
1.161762847900390625e+02 5.201659545898437500e+02 2.490987854003906250e+02 6.474100341796875000e+02 8.793970942497253418e-01 2.000000000000000000e+00
7.362037963867187500e+02 6.570310668945312500e+02 8.125675048828125000e+02 7.631912231445312500e+02 8.317071199417114258e-01 2.000000000000000000e+00
9.257388916015625000e+02 6.747866821289062500e+02 1.074767700195312500e+03 7.635842895507812500e+02 8.239517807960510254e-01 2.000000000000000000e+00
5.817200927734375000e+02 1.701226654052734375e+02 6.159959716796875000e+02 2.130334167480468750e+02 8.214587569236755371e-01 2.000000000000000000e+00
2.952635192871093750e+02 1.871646575927734375e+02 3.938784179687500000e+02 2.313270111083984375e+02 8.159158229827880859e-01 2.000000000000000000e+00
4.654798278808593750e+02 1.847988586425781250e+02 5.520809326171875000e+02 2.190282745361328125e+02 7.909345626831054688e-01 2.000000000000000000e+00
8.536550292968750000e+02 2.629896240234375000e+02 9.065569458007812500e+02 3.177516479492187500e+02 7.887237071990966797e-01 2.000000000000000000e+00
8.148604125976562500e+02 2.262359771728515625e+02 8.587037963867187500e+02 2.707172546386718750e+02 7.586464881896972656e-01 2.000000000000000000e+00
3.667932128906250000e+02 1.417060241699218750e+02 4.099046630859375000e+02 1.794889831542968750e+02 7.077654600143432617e-01 2.000000000000000000e+00
6.279543457031250000e+02 3.673381652832031250e+02 6.856043090820312500e+02 4.523439331054687500e+02 6.780710220336914062e-01 2.000000000000000000e+00
9.254902343750000000e+02 5.434560546875000000e+02 1.010544067382812500e+03 6.410053710937500000e+02 6.522134542465209961e-01 2.000000000000000000e+00
6.580996093750000000e+02 1.488048858642578125e+02 6.890180664062500000e+02 1.890575103759765625e+02 6.421756148338317871e-01 2.000000000000000000e+00
7.674974365234375000e+02 1.296364440917968750e+02 8.213802490234375000e+02 1.676828155517578125e+02 6.311079859733581543e-01 2.000000000000000000e+00
5.366444091796875000e+02 3.141584472656250000e+02 5.902461547851562500e+02 4.005390319824218750e+02 5.944709181785583496e-01 5.000000000000000000e+00
8.023522949218750000e+02 1.016364288330078125e+02 8.449909057617187500e+02 1.323614196777343750e+02 5.806297063827514648e-01 2.000000000000000000e+00
7.081943969726562500e+02 1.690704154968261719e+01 7.334225463867187500e+02 3.956833648681640625e+01 5.773276090621948242e-01 2.000000000000000000e+00
2.374591522216796875e+02 6.889309692382812500e+02 2.676268615722656250e+02 7.401225585937500000e+02 5.332537889480590820e-01 0.000000000000000000e+00
1.272262695312500000e+03 1.576518707275390625e+02 1.360000000000000000e+03 4.976304626464843750e+02 5.122672319412231445e-01 5.000000000000000000e+00
7.844002075195312500e+02 3.433721313476562500e+02 8.078350219726562500e+02 3.848692932128906250e+02 4.823090136051177979e-01 0.000000000000000000e+00
6.054977416992187500e+02 7.319923400878906250e+01 6.314789428710937500e+02 1.107487640380859375e+02 4.293777644634246826e-01 2.000000000000000000e+00
5.353721923828125000e+02 3.149681396484375000e+02 5.899101562500000000e+02 3.971365966796875000e+02 4.267098307609558105e-01 7.000000000000000000e+00
7.340305786132812500e+02 3.702767333984375000e+02 7.672710571289062500e+02 4.243412170410156250e+02 4.070629179477691650e-01 2.000000000000000000e+00
7.473628540039062500e+02 1.982986927032470703e+00 7.675036621093750000e+02 2.119949722290039062e+01 3.949692249298095703e-01 2.000000000000000000e+00
5.694514160156250000e+02 3.909802246093750000e+02 5.836267089843750000e+02 4.300781860351562500e+02 3.507574796676635742e-01 0.000000000000000000e+00
7.795850830078125000e+02 1.805408172607421875e+02 7.918776245117187500e+02 2.128029174804687500e+02 3.429842889308929443e-01 0.000000000000000000e+00
9.217399902343750000e+02 3.707841491699218750e+02 9.395362548828125000e+02 4.035375366210937500e+02 3.422535955905914307e-01 0.000000000000000000e+00
4.387323913574218750e+02 2.066078948974609375e+01 4.731347045898437500e+02 5.811915206909179688e+01 3.307536840438842773e-01 2.000000000000000000e+00
6.079741821289062500e+02 4.502764511108398438e+01 6.342905273437500000e+02 7.171138000488281250e+01 3.164159655570983887e-01 2.000000000000000000e+00
7.444618530273437500e+02 3.645037536621093750e+02 7.884544677734375000e+02 4.204814758300781250e+02 2.956679761409759521e-01 0.000000000000000000e+00
7.354884033203125000e+02 3.691397705078125000e+02 7.671376953125000000e+02 4.242424316406250000e+02 2.805986404418945312e-01 0.000000000000000000e+00
8.336061401367187500e+02 1.633211669921875000e+02 8.551665039062500000e+02 1.931101074218750000e+02 2.737430036067962646e-01 9.000000000000000000e+00
