8.773602294921875000e+02 3.507885742187500000e+02 9.888420410156250000e+02 4.604357299804687500e+02 8.741177320480346680e-01 2.000000000000000000e+00
4.849152526855468750e+02 1.159763717651367188e+02 5.443204956054687500e+02 1.601527404785156250e+02 7.898472547531127930e-01 2.000000000000000000e+00
7.003951416015625000e+02 2.611571044921875000e+02 7.656067504882812500e+02 3.376124877929687500e+02 7.625046372413635254e-01 2.000000000000000000e+00
1.336534057617187500e+03 9.180478668212890625e+01 1.360000000000000000e+03 1.295264282226562500e+02 7.291501164436340332e-01 2.000000000000000000e+00
6.263992309570312500e+02 3.455281066894531250e+02 7.258671264648437500e+02 4.648281555175781250e+02 7.270206212997436523e-01 2.000000000000000000e+00
1.192485229492187500e+03 1.166873550415039062e+02 1.238368286132812500e+03 1.559570922851562500e+02 6.631227135658264160e-01 2.000000000000000000e+00
7.733485717773437500e+02 1.363238525390625000e+02 8.202447509765625000e+02 1.792115020751953125e+02 6.421253681182861328e-01 2.000000000000000000e+00
8.301392211914062500e+02 1.984142456054687500e+02 8.780545654296875000e+02 2.496706390380859375e+02 5.962467193603515625e-01 2.000000000000000000e+00
9.584091796875000000e+02 2.705719566345214844e+01 9.778411865234375000e+02 6.054812622070312500e+01 5.839931368827819824e-01 9.000000000000000000e+00
5.299651489257812500e+02 1.277819976806640625e+02 5.924000854492187500e+02 1.847229919433593750e+02 5.267331004142761230e-01 2.000000000000000000e+00
1.011963439941406250e+03 3.423744583129882812e+01 1.034188476562500000e+03 6.605672454833984375e+01 4.953590333461761475e-01 9.000000000000000000e+00
7.789351806640625000e+02 9.769216918945312500e+01 8.300746459960937500e+02 1.388872222900390625e+02 4.243611395359039307e-01 2.000000000000000000e+00
8.406014404296875000e+02 1.342633056640625000e+02 8.874302978515625000e+02 1.927358551025390625e+02 4.068997502326965332e-01 2.000000000000000000e+00
1.312203247070312500e+03 1.802728652954101562e+01 1.359313476562500000e+03 5.715807723999023438e+01 3.793062865734100342e-01 2.000000000000000000e+00
7.427349243164062500e+02 1.930694885253906250e+02 7.811376953125000000e+02 2.537336120605468750e+02 3.624658882617950439e-01 2.000000000000000000e+00
4.850697631835937500e+02 3.574204711914062500e+02 5.156737060546875000e+02 4.235415344238281250e+02 3.457790613174438477e-01 0.000000000000000000e+00
5.278884887695312500e+02 2.288473510742187500e+02 5.472611694335937500e+02 2.711987915039062500e+02 3.299248814582824707e-01 0.000000000000000000e+00
1.244429809570312500e+03 6.009033813476562500e+02 1.359840942382812500e+03 7.520305175781250000e+02 2.986938059329986572e-01 0.000000000000000000e+00
4.501814270019531250e+02 1.548223114013671875e+02 4.657457275390625000e+02 1.916515808105468750e+02 2.976772785186767578e-01 9.000000000000000000e+00
5.814974975585937500e+02 3.228874816894531250e+02 6.244487304687500000e+02 3.960197143554687500e+02 2.901521325111389160e-01 0.000000000000000000e+00
1.244754638671875000e+03 6.009487915039062500e+02 1.359735229492187500e+03 7.506862182617187500e+02 2.862524390220642090e-01 2.000000000000000000e+00
6.167885131835937500e+02 1.510413208007812500e+02 6.288370971679687500e+02 1.809114837646484375e+02 2.828845977783203125e-01 0.000000000000000000e+00
1.072033203125000000e+03 4.023380661010742188e+01 1.092447387695312500e+03 7.347505950927734375e+01 2.798443436622619629e-01 9.000000000000000000e+00
6.150877380371093750e+01 2.246626281738281250e+02 8.397786712646484375e+01 2.706564636230468750e+02 2.715032696723937988e-01 0.000000000000000000e+00
