3.880532226562500000e+02 1.718241882324218750e+02 4.112056274414062500e+02 1.975616149902343750e+02 7.823670506477355957e-01 2.000000000000000000e+00
2.434218750000000000e+02 4.057332458496093750e+02 2.604125366210937500e+02 4.442226562500000000e+02 5.405824780464172363e-01 0.000000000000000000e+00
5.942037963867187500e+02 1.588311920166015625e+02 6.120736083984375000e+02 1.789145965576171875e+02 5.095391273498535156e-01 2.000000000000000000e+00
6.611913299560546875e+01 5.076840209960937500e+02 8.905364227294921875e+01 5.369433593750000000e+02 4.901688992977142334e-01 0.000000000000000000e+00
4.557084350585937500e+02 1.570394897460937500e+02 4.721383972167968750e+02 1.764492797851562500e+02 4.817995727062225342e-01 2.000000000000000000e+00
4.465280456542968750e+02 2.115710449218750000e+02 4.646242675781250000e+02 2.397634735107421875e+02 4.340379834175109863e-01 2.000000000000000000e+00
5.089017333984375000e+02 1.183403091430664062e+02 5.274196166992187500e+02 1.383871917724609375e+02 4.130991995334625244e-01 2.000000000000000000e+00
4.950586853027343750e+02 3.769066162109375000e+02 5.054084472656250000e+02 4.067034606933593750e+02 3.935619890689849854e-01 0.000000000000000000e+00
2.761057739257812500e+02 3.597534484863281250e+02 2.893631591796875000e+02 3.886762695312500000e+02 3.879370093345642090e-01 0.000000000000000000e+00
5.268530273437500000e+02 2.167285766601562500e+02 5.496021728515625000e+02 2.398291168212890625e+02 3.710320293903350830e-01 2.000000000000000000e+00
6.036325073242187500e+02 1.874452667236328125e+02 6.257860107421875000e+02 2.160311889648437500e+02 3.603664934635162354e-01 2.000000000000000000e+00
4.819082641601562500e+02 1.987814941406250000e+02 5.014445190429687500e+02 2.324806365966796875e+02 3.113293945789337158e-01 2.000000000000000000e+00
1.087814254760742188e+02 3.630427551269531250e+02 1.455469818115234375e+02 4.120295104980468750e+02 3.013725280761718750e-01 2.000000000000000000e+00
3.870300598144531250e+02 1.282915496826171875e+02 4.000157165527343750e+02 1.443769989013671875e+02 2.544866204261779785e-01 2.000000000000000000e+00
