7.394602661132812500e+02 4.927376403808593750e+02 8.259184570312500000e+02 5.411290283203125000e+02 8.349270820617675781e-01 2.000000000000000000e+00
1.567640380859375000e+02 5.628859252929687500e+02 2.669939575195312500e+02 6.410199584960937500e+02 8.190185427665710449e-01 2.000000000000000000e+00
9.686432495117187500e+02 4.514358825683593750e+02 1.019408996582031250e+03 4.923728637695312500e+02 7.916113734245300293e-01 2.000000000000000000e+00
3.546443786621093750e+02 6.246246337890625000e+02 4.465461730957031250e+02 7.302640380859375000e+02 7.428784370422363281e-01 2.000000000000000000e+00
3.689166259765625000e+02 3.907886657714843750e+02 4.179590454101562500e+02 4.283601379394531250e+02 7.330526709556579590e-01 2.000000000000000000e+00
8.075442504882812500e+02 4.623519592285156250e+02 8.534461059570312500e+02 5.051155090332031250e+02 7.127193808555603027e-01 2.000000000000000000e+00
7.441514892578125000e+02 4.119055786132812500e+02 7.822549438476562500e+02 4.484374389648437500e+02 6.607593297958374023e-01 2.000000000000000000e+00
5.861461791992187500e+02 5.263563842773437500e+02 6.401275634765625000e+02 5.946298828125000000e+02 6.573533415794372559e-01 2.000000000000000000e+00
6.358156127929687500e+02 2.898420715332031250e+02 6.848354492187500000e+02 3.086433410644531250e+02 6.565283536911010742e-01 2.000000000000000000e+00
4.090490722656250000e+02 5.479497680664062500e+02 4.846531677246093750e+02 6.339468994140625000e+02 6.231672763824462891e-01 2.000000000000000000e+00
7.290034179687500000e+02 3.176712341308593750e+02 7.554319458007812500e+02 3.429915161132812500e+02 5.510742068290710449e-01 2.000000000000000000e+00
8.584751586914062500e+02 5.488239746093750000e+02 8.728364257812500000e+02 5.886724243164062500e+02 5.377185940742492676e-01 0.000000000000000000e+00
6.068980102539062500e+02 3.664231262207031250e+02 6.411095581054687500e+02 4.021112365722656250e+02 5.333362221717834473e-01 2.000000000000000000e+00
8.849678955078125000e+02 3.539846191406250000e+02 9.222615966796875000e+02 3.816423645019531250e+02 5.184324383735656738e-01 2.000000000000000000e+00
6.917986450195312500e+02 2.725419921875000000e+02 7.168264160156250000e+02 2.917870178222656250e+02 4.966634809970855713e-01 2.000000000000000000e+00
1.113953369140625000e+03 4.869320983886718750e+02 1.155923217773437500e+03 5.148759155273437500e+02 4.849756062030792236e-01 2.000000000000000000e+00
6.911238403320312500e+02 3.976986694335937500e+02 7.307606811523437500e+02 4.417241210937500000e+02 4.695041477680206299e-01 2.000000000000000000e+00
6.890534057617187500e+02 3.234573669433593750e+02 7.151605224609375000e+02 3.656838684082031250e+02 4.680962264537811279e-01 2.000000000000000000e+00
2.501198883056640625e+02 4.299878540039062500e+02 2.851868286132812500e+02 4.485388183593750000e+02 4.018631577491760254e-01 2.000000000000000000e+00
4.244620361328125000e+02 3.385330505371093750e+02 4.704534301757812500e+02 3.707194824218750000e+02 3.715288937091827393e-01 2.000000000000000000e+00
6.917462158203125000e+02 3.764804077148437500e+02 7.275947875976562500e+02 4.164856872558593750e+02 3.366658091545104980e-01 2.000000000000000000e+00
4.283420181274414062e+01 4.351791687011718750e+02 5.472674179077148438e+01 4.560683288574218750e+02 2.881081402301788330e-01 0.000000000000000000e+00
3.919446411132812500e+02 2.887385559082031250e+02 4.441012878417968750e+02 3.136790466308593750e+02 2.873645126819610596e-01 2.000000000000000000e+00
1.159964111328125000e+03 6.942088623046875000e+02 1.253316284179687500e+03 7.634937744140625000e+02 2.806351780891418457e-01 2.000000000000000000e+00
7.082149658203125000e+02 4.084471130371093750e+02 7.871611938476562500e+02 4.454277954101562500e+02 2.688136696815490723e-01 2.000000000000000000e+00
