1.560464355468750000e+03 8.496917724609375000e+02 1.619031005859375000e+03 1.006183593750000000e+03 7.900070548057556152e-01 0.000000000000000000e+00
1.479906250000000000e+03 8.212044067382812500e+02 1.530380493164062500e+03 9.570408325195312500e+02 6.886698007583618164e-01 0.000000000000000000e+00
5.882323608398437500e+02 8.758276977539062500e+02 6.398642578125000000e+02 1.062336669921875000e+03 6.857331991195678711e-01 0.000000000000000000e+00
1.625247802734375000e+03 8.569205932617187500e+02 1.675922607421875000e+03 9.943676147460937500e+02 6.830456256866455078e-01 0.000000000000000000e+00
6.243305664062500000e+02 8.807351074218750000e+02 6.899082641601562500e+02 1.077642333984375000e+03 6.779616475105285645e-01 0.000000000000000000e+00
7.392083129882812500e+02 8.079354858398437500e+02 7.783161621093750000e+02 9.289498901367187500e+02 6.416997909545898438e-01 0.000000000000000000e+00
1.604779174804687500e+03 7.787074584960937500e+02 1.642353881835937500e+03 8.787463989257812500e+02 5.872094631195068359e-01 0.000000000000000000e+00
1.137885620117187500e+03 6.213024902343750000e+02 1.204322753906250000e+03 6.785937500000000000e+02 5.590131878852844238e-01 2.000000000000000000e+00
1.562161865234375000e+03 7.692180786132812500e+02 1.598375732421875000e+03 8.666069335937500000e+02 5.543652176856994629e-01 0.000000000000000000e+00
1.438546020507812500e+03 8.267138671875000000e+02 1.489989990234375000e+03 9.546844482421875000e+02 4.688951969146728516e-01 0.000000000000000000e+00
3.785654602050781250e+02 9.148829956054687500e+02 4.589082031250000000e+02 1.080000000000000000e+03 4.484223127365112305e-01 0.000000000000000000e+00
7.730837402343750000e+02 8.125587158203125000e+02 8.134907226562500000e+02 9.244920043945312500e+02 4.477834403514862061e-01 0.000000000000000000e+00
1.013559692382812500e+03 6.896571655273437500e+02 1.047266601562500000e+03 8.011943359375000000e+02 4.359616637229919434e-01 0.000000000000000000e+00
1.405659912109375000e+03 7.323012084960937500e+02 1.443246093750000000e+03 8.210526123046875000e+02 4.259628057479858398e-01 0.000000000000000000e+00
4.478999938964843750e+02 8.499755859375000000e+02 5.024190063476562500e+02 1.003171325683593750e+03 3.883544504642486572e-01 0.000000000000000000e+00
1.605605621337890625e+02 9.020181884765625000e+02 2.334262847900390625e+02 1.080000000000000000e+03 3.741610050201416016e-01 0.000000000000000000e+00
1.372024291992187500e+03 6.833382568359375000e+02 1.396956420898437500e+03 7.631754150390625000e+02 3.704097568988800049e-01 0.000000000000000000e+00
4.175426101684570312e+01 8.946526489257812500e+02 1.168413009643554688e+02 1.078425292968750000e+03 3.583775162696838379e-01 0.000000000000000000e+00
2.297095794677734375e+02 7.782857666015625000e+02 2.743387756347656250e+02 9.260299072265625000e+02 2.998427450656890869e-01 0.000000000000000000e+00
7.683076171875000000e+02 7.026762084960937500e+02 8.114236450195312500e+02 8.091860961914062500e+02 2.923680543899536133e-01 0.000000000000000000e+00
6.568081665039062500e+02 6.752102050781250000e+02 6.869865112304687500e+02 7.623829345703125000e+02 2.878617644309997559e-01 0.000000000000000000e+00
