3.987374267578125000e+02 9.151597290039062500e+02 4.842772521972656250e+02 1.076512451171875000e+03 8.121736049652099609e-01 0.000000000000000000e+00
1.688405029296875000e+03 8.640388793945312500e+02 1.773272583007812500e+03 1.054031250000000000e+03 7.982429265975952148e-01 0.000000000000000000e+00
1.032017089843750000e+03 8.681365356445312500e+02 1.093495849609375000e+03 1.035922119140625000e+03 7.598233819007873535e-01 0.000000000000000000e+00
1.226844726562500000e+03 9.293062133789062500e+02 1.303858154296875000e+03 1.080000000000000000e+03 7.520839571952819824e-01 0.000000000000000000e+00
1.180814086914062500e+03 7.830357666015625000e+02 1.226441040039062500e+03 9.304223022460937500e+02 7.011104822158813477e-01 0.000000000000000000e+00
1.306521484375000000e+03 7.977449951171875000e+02 1.354103027343750000e+03 9.564628295898437500e+02 6.290658116340637207e-01 0.000000000000000000e+00
4.076558532714843750e+02 7.268018188476562500e+02 4.414237976074218750e+02 8.257413940429687500e+02 5.734566450119018555e-01 0.000000000000000000e+00
1.133002441406250000e+03 7.156999511718750000e+02 1.176747680664062500e+03 8.635123901367187500e+02 5.437653660774230957e-01 0.000000000000000000e+00
1.342960327148437500e+03 7.986494750976562500e+02 1.386671997070312500e+03 9.579343872070312500e+02 5.168752670288085938e-01 0.000000000000000000e+00
6.658128662109375000e+02 7.280012817382812500e+02 7.085352172851562500e+02 8.707081298828125000e+02 4.807947278022766113e-01 0.000000000000000000e+00
1.058259887695312500e+03 6.633892822265625000e+02 1.087412597656250000e+03 7.514642944335937500e+02 4.272168576717376709e-01 0.000000000000000000e+00
1.675081542968750000e+03 7.203546752929687500e+02 1.725544311523437500e+03 8.634752197265625000e+02 4.127804934978485107e-01 0.000000000000000000e+00
7.027608032226562500e+02 7.446403808593750000e+02 7.397766723632812500e+02 8.661720581054687500e+02 3.953573107719421387e-01 0.000000000000000000e+00
2.472077636718750000e+02 6.923291625976562500e+02 2.851897277832031250e+02 7.889178466796875000e+02 3.515073060989379883e-01 0.000000000000000000e+00
1.724840087890625000e+03 7.514827880859375000e+02 1.767840942382812500e+03 8.640979614257812500e+02 3.371065258979797363e-01 0.000000000000000000e+00
2.203358459472656250e+02 6.633856201171875000e+02 2.462709960937500000e+02 7.470032958984375000e+02 3.370940089225769043e-01 0.000000000000000000e+00
9.525959777832031250e+01 6.891977539062500000e+02 1.282631683349609375e+02 7.901768188476562500e+02 3.125387728214263916e-01 0.000000000000000000e+00
5.168334350585937500e+02 7.048606567382812500e+02 5.409949340820312500e+02 7.922653198242187500e+02 2.864636182785034180e-01 0.000000000000000000e+00
