1.347261505126953125e+02 2.131948242187500000e+02 1.763777008056640625e+02 2.855256347656250000e+02 8.758286833763122559e-01 0.000000000000000000e+00
2.633665466308593750e+02 3.759946289062500000e+02 3.115293273925781250e+02 4.757180786132812500e+02 8.229701519012451172e-01 0.000000000000000000e+00
4.038572387695312500e+02 2.271631317138671875e+02 4.317021789550781250e+02 3.020540466308593750e+02 8.005245327949523926e-01 0.000000000000000000e+00
4.514047241210937500e+02 2.353405303955078125e+02 4.816698608398437500e+02 3.203321228027343750e+02 7.701268792152404785e-01 0.000000000000000000e+00
5.869806518554687500e+02 3.304571838378906250e+02 6.304392089843750000e+02 4.269108581542968750e+02 7.686998248100280762e-01 0.000000000000000000e+00
4.898400268554687500e+02 4.439388732910156250e+02 5.463527832031250000e+02 5.395068359375000000e+02 7.273809909820556641e-01 0.000000000000000000e+00
3.098372802734375000e+02 1.743265380859375000e+02 3.341525573730468750e+02 2.403535919189453125e+02 7.136920094490051270e-01 0.000000000000000000e+00
5.053610534667968750e+02 3.344351196289062500e+02 5.445191650390625000e+02 4.402973632812500000e+02 7.127099633216857910e-01 0.000000000000000000e+00
7.877177124023437500e+02 2.289157562255859375e+02 8.298488159179687500e+02 2.956450195312500000e+02 7.077359557151794434e-01 0.000000000000000000e+00
4.781567993164062500e+02 2.268701477050781250e+02 5.061701049804687500e+02 3.129136352539062500e+02 6.921092271804809570e-01 0.000000000000000000e+00
2.761658935546875000e+02 1.364176025390625000e+02 2.980496520996093750e+02 1.894801025390625000e+02 6.509221792221069336e-01 0.000000000000000000e+00
4.342367248535156250e+02 3.526090698242187500e+02 4.747445068359375000e+02 4.523266601562500000e+02 6.481246948242187500e-01 0.000000000000000000e+00
9.089575195312500000e+02 1.873310089111328125e+02 9.394328613281250000e+02 2.426135711669921875e+02 6.271721720695495605e-01 0.000000000000000000e+00
8.687838134765625000e+02 1.927926788330078125e+02 9.081849975585937500e+02 2.498125000000000000e+02 6.002046465873718262e-01 0.000000000000000000e+00
3.355445861816406250e+02 3.889931945800781250e+02 3.892359008789062500e+02 4.772249450683593750e+02 5.730185508728027344e-01 0.000000000000000000e+00
9.389899291992187500e+02 1.923727569580078125e+02 9.598873901367187500e+02 2.498654479980468750e+02 5.372568964958190918e-01 0.000000000000000000e+00
7.036753082275390625e+01 1.099830551147460938e+02 9.004498291015625000e+01 1.525377197265625000e+02 4.497904777526855469e-01 0.000000000000000000e+00
7.990149536132812500e+02 1.439582977294921875e+02 8.235690307617187500e+02 1.918478546142578125e+02 4.451948106288909912e-01 0.000000000000000000e+00
1.251659851074218750e+02 1.154169921875000000e+02 1.561812133789062500e+02 1.760278625488281250e+02 3.985535204410552979e-01 0.000000000000000000e+00
1.021374893188476562e+02 1.496118469238281250e+02 1.266661376953125000e+02 1.918943481445312500e+02 3.940255939960479736e-01 0.000000000000000000e+00
1.937126731872558594e+01 9.631650543212890625e+01 3.999017333984375000e+01 1.414812316894531250e+02 3.535331189632415771e-01 0.000000000000000000e+00
3.330087890625000000e+02 3.479897766113281250e+02 3.616430969238281250e+02 4.105440979003906250e+02 3.220146894454956055e-01 0.000000000000000000e+00
5.914204711914062500e+02 1.862086486816406250e+02 6.180460205078125000e+02 2.154416198730468750e+02 3.180365860462188721e-01 1.000000000000000000e+00
9.176027221679687500e+02 1.892932891845703125e+02 9.541762084960937500e+02 2.464754791259765625e+02 2.822497487068176270e-01 0.000000000000000000e+00
1.136264648437500000e+02 1.543930206298828125e+02 1.488886413574218750e+02 1.992659149169921875e+02 2.780780792236328125e-01 0.000000000000000000e+00
4.628469467163085938e+01 1.156848754882812500e+02 7.146338653564453125e+01 1.717663269042968750e+02 2.624109089374542236e-01 0.000000000000000000e+00
