4.840023498535156250e+02 7.760551757812500000e+02 5.403189697265625000e+02 9.508992919921875000e+02 8.525118827819824219e-01 0.000000000000000000e+00
1.308305053710937500e+03 9.387830810546875000e+02 1.393895019531250000e+03 1.080000000000000000e+03 8.328683972358703613e-01 0.000000000000000000e+00
5.602938842773437500e+02 7.690615234375000000e+02 6.238066406250000000e+02 9.509495239257812500e+02 8.226335644721984863e-01 0.000000000000000000e+00
8.560654907226562500e+02 8.053169555664062500e+02 9.130982666015625000e+02 9.817691040039062500e+02 8.153792619705200195e-01 0.000000000000000000e+00
3.515171813964843750e+02 8.150680541992187500e+02 4.197221374511718750e+02 9.930932617187500000e+02 7.792782187461853027e-01 0.000000000000000000e+00
7.920321044921875000e+02 8.124738159179687500e+02 8.579577636718750000e+02 9.827073364257812500e+02 7.331932187080383301e-01 0.000000000000000000e+00
1.399361938476562500e+03 8.067017822265625000e+02 1.454496826171875000e+03 9.650627441406250000e+02 7.115584015846252441e-01 0.000000000000000000e+00
7.127078247070312500e+02 6.884442749023437500e+02 7.430034790039062500e+02 7.789340209960937500e+02 6.447708606719970703e-01 0.000000000000000000e+00
1.119287353515625000e+03 7.377943725585937500e+02 1.166388793945312500e+03 8.652308349609375000e+02 6.087292432785034180e-01 0.000000000000000000e+00
1.050016235351562500e+03 7.445259399414062500e+02 1.085751464843750000e+03 8.609788208007812500e+02 5.435456037521362305e-01 0.000000000000000000e+00
1.444254760742187500e+03 6.853340454101562500e+02 1.481428100585937500e+03 8.200631103515625000e+02 4.619891047477722168e-01 0.000000000000000000e+00
1.395506835937500000e+03 6.624326782226562500e+02 1.430943237304687500e+03 7.837049560546875000e+02 4.484742581844329834e-01 0.000000000000000000e+00
1.073879928588867188e+02 8.282146606445312500e+02 2.074476623535156250e+02 9.370966796875000000e+02 4.026618301868438721e-01 0.000000000000000000e+00
4.855987243652343750e+02 7.753059082031250000e+02 6.204787597656250000e+02 9.537048339843750000e+02 3.883304595947265625e-01 0.000000000000000000e+00
1.352488403320312500e+03 6.610353393554687500e+02 1.385259643554687500e+03 7.760339355468750000e+02 3.561921715736389160e-01 0.000000000000000000e+00
5.237225952148437500e+02 6.919722900390625000e+02 5.672791748046875000e+02 8.062313842773437500e+02 3.360108137130737305e-01 0.000000000000000000e+00
8.823197631835937500e+02 6.372657470703125000e+02 9.036460571289062500e+02 7.068059082031250000e+02 2.987169921398162842e-01 0.000000000000000000e+00
9.924533081054687500e+02 6.421973876953125000e+02 1.016701232910156250e+03 7.290387573242187500e+02 2.918485999107360840e-01 0.000000000000000000e+00
2.883432006835937500e+02 7.303229980468750000e+02 3.357268066406250000e+02 8.310289916992187500e+02 2.876752018928527832e-01 0.000000000000000000e+00
1.311915161132812500e+03 6.382267456054687500e+02 1.335264892578125000e+03 7.049443969726562500e+02 2.705971896648406982e-01 0.000000000000000000e+00
1.089118896484375000e+03 6.592094116210937500e+02 1.122706298828125000e+03 7.455311279296875000e+02 2.625538706779479980e-01 0.000000000000000000e+00
