7.311848144531250000e+02 2.881621398925781250e+02 7.699201049804687500e+02 3.757184143066406250e+02 8.190772533416748047e-01 0.000000000000000000e+00
5.142976074218750000e+02 3.037958984375000000e+02 5.476810302734375000e+02 3.959496765136718750e+02 8.070722818374633789e-01 0.000000000000000000e+00
2.782721862792968750e+02 1.798674774169921875e+02 3.045246582031250000e+02 2.415961761474609375e+02 8.038730621337890625e-01 0.000000000000000000e+00
1.562731075286865234e+01 1.659913787841796875e+02 4.200353240966796875e+01 2.181574401855468750e+02 7.390263676643371582e-01 0.000000000000000000e+00
5.163881835937500000e+02 2.224299011230468750e+02 5.434174804687500000e+02 3.002340087890625000e+02 7.382210493087768555e-01 0.000000000000000000e+00
5.422834777832031250e+01 1.752039794921875000e+02 8.815392303466796875e+01 2.279977264404296875e+02 7.294363975524902344e-01 0.000000000000000000e+00
4.924940185546875000e+02 4.510718078613281250e+02 5.421802978515625000e+02 5.400000000000000000e+02 7.266800999641418457e-01 0.000000000000000000e+00
7.061632690429687500e+02 2.147200927734375000e+02 7.360687866210937500e+02 2.814545593261718750e+02 6.819689869880676270e-01 0.000000000000000000e+00
5.585493164062500000e+02 2.477404174804687500e+02 5.926893310546875000e+02 3.233323059082031250e+02 6.742842197418212891e-01 0.000000000000000000e+00
8.364114990234375000e+02 4.678106689453125000e+02 9.058049926757812500e+02 5.397691040039062500e+02 6.363385319709777832e-01 0.000000000000000000e+00
4.783389587402343750e+02 1.602072601318359375e+02 4.995237121582031250e+02 2.163397979736328125e+02 6.229245066642761230e-01 0.000000000000000000e+00
2.244323425292968750e+02 9.878121948242187500e+01 2.451575469970703125e+02 1.444395751953125000e+02 5.670858025550842285e-01 0.000000000000000000e+00
4.611984863281250000e+02 2.321710662841796875e+02 4.933334960937500000e+02 3.276756286621093750e+02 4.812212288379669189e-01 0.000000000000000000e+00
5.766151733398437500e+02 2.180585784912109375e+02 6.013117675781250000e+02 2.852396850585937500e+02 4.460718631744384766e-01 0.000000000000000000e+00
5.038798217773437500e+02 1.577927856445312500e+02 5.230979003906250000e+02 2.151552429199218750e+02 4.419996440410614014e-01 0.000000000000000000e+00
3.100917663574218750e+02 4.532648925781250000e+02 3.542001037597656250e+02 5.377014160156250000e+02 4.198043942451477051e-01 0.000000000000000000e+00
5.317191162109375000e+02 1.634175872802734375e+02 5.516763305664062500e+02 2.114558258056640625e+02 3.468447625637054443e-01 0.000000000000000000e+00
4.964765014648437500e+02 2.275000000000000000e+02 5.216892700195312500e+02 3.024835205078125000e+02 3.151508569717407227e-01 0.000000000000000000e+00
3.350755310058593750e+02 4.346283874511718750e+02 3.763405456542968750e+02 5.291898803710937500e+02 3.110787272453308105e-01 0.000000000000000000e+00
3.030081558227539062e+01 6.106574249267578125e+01 4.785942077636718750e+01 9.653311157226562500e+01 2.943511605262756348e-01 0.000000000000000000e+00
4.250612487792968750e+02 1.267837677001953125e+02 4.417413330078125000e+02 1.730218048095703125e+02 2.728100121021270752e-01 0.000000000000000000e+00
