1.050667480468750000e+03 2.240869140625000000e+02 1.360000000000000000e+03 3.821075134277343750e+02 7.524118423461914062e-01 7.000000000000000000e+00
1.941930389404296875e+02 3.676879272460937500e+02 3.801195678710937500e+02 5.187486572265625000e+02 7.433404326438903809e-01 8.000000000000000000e+00
2.529775238037109375e+02 1.119744110107421875e+02 2.840366516113281250e+02 1.809402770996093750e+02 7.123904228210449219e-01 0.000000000000000000e+00
8.192256469726562500e+02 0.000000000000000000e+00 9.674513549804687500e+02 1.520618743896484375e+02 6.882160902023315430e-01 7.000000000000000000e+00
7.404999389648437500e+02 2.233249855041503906e+01 7.648553466796875000e+02 8.234497070312500000e+01 6.537578701972961426e-01 0.000000000000000000e+00
1.813740386962890625e+02 4.741273880004882812e+00 2.157941284179687500e+02 6.419255065917968750e+01 6.490047574043273926e-01 0.000000000000000000e+00
3.042094421386718750e+02 7.273230743408203125e+01 6.041680908203125000e+02 2.057866668701171875e+02 5.809818506240844727e-01 7.000000000000000000e+00
4.153071594238281250e+02 9.630730152130126953e-01 6.528034667968750000e+02 1.154800643920898438e+02 5.462250113487243652e-01 7.000000000000000000e+00
1.043603637695312500e+03 1.143435821533203125e+02 1.327564331054687500e+03 2.440087585449218750e+02 4.992074370384216309e-01 7.000000000000000000e+00
9.363831787109375000e+02 2.092131958007812500e+02 9.923396606445312500e+02 2.742444458007812500e+02 3.964736759662628174e-01 0.000000000000000000e+00
4.414106750488281250e+02 4.353561706542968750e+02 5.037691345214843750e+02 5.003842163085937500e+02 3.528447449207305908e-01 8.000000000000000000e+00
1.107317626953125000e+03 4.566686706542968750e+02 1.144538085937500000e+03 5.405885009765625000e+02 3.009867668151855469e-01 0.000000000000000000e+00
9.412370605468750000e+02 5.201921081542968750e+01 1.176785156250000000e+03 1.851797027587890625e+02 2.904445230960845947e-01 7.000000000000000000e+00
8.397423095703125000e+02 4.712330932617187500e+02 9.423290405273437500e+02 6.881025390625000000e+02 2.804575860500335693e-01 0.000000000000000000e+00
7.416248321533203125e+01 5.907862548828125000e+02 3.105109252929687500e+02 7.633518676757812500e+02 2.675674855709075928e-01 8.000000000000000000e+00
9.554004669189453125e-02 5.199274902343750000e+02 1.558615264892578125e+02 7.579234619140625000e+02 2.664194703102111816e-01 8.000000000000000000e+00
