4.058521728515625000e+02 4.852872009277343750e+02 4.248122863769531250e+02 5.373375854492187500e+02 7.172135114669799805e-01 0.000000000000000000e+00
1.616502838134765625e+02 2.722797851562500000e+02 1.721592102050781250e+02 2.979900817871093750e+02 6.349088549613952637e-01 0.000000000000000000e+00
2.068313598632812500e+02 2.634980468750000000e+02 2.178387451171875000e+02 2.900335998535156250e+02 5.338214635848999023e-01 0.000000000000000000e+00
3.487619628906250000e+02 4.477903747558593750e+02 3.765054931640625000e+02 4.971517639160156250e+02 5.203784704208374023e-01 0.000000000000000000e+00
8.808005523681640625e+01 3.538351440429687500e+02 1.089364318847656250e+02 3.867569580078125000e+02 4.979758858680725098e-01 0.000000000000000000e+00
9.775914001464843750e+01 3.562025451660156250e+02 1.176130599975585938e+02 3.872669677734375000e+02 3.506778180599212646e-01 0.000000000000000000e+00
7.337912750244140625e+01 2.333070068359375000e+02 8.616875457763671875e+01 2.565343933105468750e+02 3.487222492694854736e-01 0.000000000000000000e+00
4.742470092773437500e+02 2.633618774414062500e+02 4.852770080566406250e+02 2.843810119628906250e+02 3.386086225509643555e-01 0.000000000000000000e+00
4.281607818603515625e+01 2.172444915771484375e+02 5.201660537719726562e+01 2.322420196533203125e+02 3.267518579959869385e-01 0.000000000000000000e+00
1.815381317138671875e+02 2.223917694091796875e+02 1.905931549072265625e+02 2.447784729003906250e+02 3.216609954833984375e-01 0.000000000000000000e+00
4.274237365722656250e+02 3.144726867675781250e+02 4.448185729980468750e+02 3.499512023925781250e+02 3.141947090625762939e-01 0.000000000000000000e+00
4.461235961914062500e+02 2.705215759277343750e+02 4.548803405761718750e+02 2.922865905761718750e+02 3.051648736000061035e-01 0.000000000000000000e+00
1.579965820312500000e+02 3.322954101562500000e+02 1.648977661132812500e+02 3.439994201660156250e+02 2.800851166248321533e-01 0.000000000000000000e+00
3.999128723144531250e+02 2.797494506835937500e+02 4.144049377441406250e+02 3.012095642089843750e+02 2.790645956993103027e-01 0.000000000000000000e+00
4.375560913085937500e+02 3.198539123535156250e+02 4.500535888671875000e+02 3.502052001953125000e+02 2.583785057067871094e-01 0.000000000000000000e+00
