6.618380126953125000e+02 5.156573486328125000e+02 7.413480834960937500e+02 6.243875122070312500e+02 8.693226575851440430e-01 2.000000000000000000e+00
6.907713623046875000e+02 6.784229125976562500e+02 7.789310913085937500e+02 7.639097900390625000e+02 8.343796730041503906e-01 2.000000000000000000e+00
7.175610961914062500e+02 4.677253723144531250e+02 8.002095336914062500e+02 5.597309570312500000e+02 8.251326680183410645e-01 2.000000000000000000e+00
3.723505554199218750e+02 5.869534301757812500e+02 4.515359802246093750e+02 7.256886596679687500e+02 7.815130352973937988e-01 2.000000000000000000e+00
6.514147949218750000e+02 3.936229858398437500e+02 7.012109985351562500e+02 4.608333740234375000e+02 7.676847577095031738e-01 2.000000000000000000e+00
1.498720645904541016e-01 4.102439270019531250e+02 6.482463836669921875e+01 5.010971374511718750e+02 7.253382205963134766e-01 2.000000000000000000e+00
1.167650268554687500e+03 4.989977416992187500e+02 1.358825805664062500e+03 6.674197998046875000e+02 6.978009343147277832e-01 7.000000000000000000e+00
7.696065673828125000e+02 4.140265502929687500e+02 8.401445312500000000e+02 4.957814636230468750e+02 6.597296595573425293e-01 2.000000000000000000e+00
4.850364379882812500e+02 6.816064453125000000e+02 5.133484497070312500e+02 7.542196044921875000e+02 6.101001501083374023e-01 0.000000000000000000e+00
7.329440917968750000e+02 1.208083190917968750e+02 7.496602783203125000e+02 1.472157287597656250e+02 5.799720287322998047e-01 9.000000000000000000e+00
8.776841430664062500e+02 4.406768798828125000e+02 8.927876586914062500e+02 4.866280517578125000e+02 5.367433428764343262e-01 0.000000000000000000e+00
6.332185058593750000e+02 2.034924316406250000e+01 6.598476562500000000e+02 4.085775756835937500e+01 4.991503357887268066e-01 2.000000000000000000e+00
7.143892822265625000e+02 1.674076843261718750e+02 7.317689208984375000e+02 1.965118255615234375e+02 3.755366504192352295e-01 0.000000000000000000e+00
5.165313110351562500e+02 2.607701778411865234e+00 5.453181152343750000e+02 2.617248535156250000e+01 3.536339402198791504e-01 2.000000000000000000e+00
7.513159179687500000e+02 2.097733612060546875e+02 7.625733032226562500e+02 2.395854797363281250e+02 3.514961600303649902e-01 0.000000000000000000e+00
9.365709686279296875e+01 2.688876037597656250e+02 2.041200408935546875e+02 3.354723815917968750e+02 3.396661877632141113e-01 8.000000000000000000e+00
5.097376403808593750e+02 2.580318298339843750e+02 5.282313842773437500e+02 2.925758666992187500e+02 3.153408765792846680e-01 0.000000000000000000e+00
5.927111816406250000e+02 3.684312582015991211e+00 6.105675659179687500e+02 2.559250068664550781e+01 3.102814257144927979e-01 2.000000000000000000e+00
5.491661376953125000e+02 5.783443450927734375e+00 5.722984619140625000e+02 2.955278015136718750e+01 3.034578561782836914e-01 2.000000000000000000e+00
5.465131225585937500e+02 1.000859909057617188e+02 5.777025146484375000e+02 1.565561981201171875e+02 2.995226681232452393e-01 2.000000000000000000e+00
9.419145965576171875e+01 2.667536010742187500e+02 2.049560089111328125e+02 3.357740783691406250e+02 2.850634455680847168e-01 7.000000000000000000e+00
6.192539062500000000e+02 6.933148956298828125e+01 6.288154907226562500e+02 8.874945068359375000e+01 2.722516655921936035e-01 0.000000000000000000e+00
