8.556231079101562500e+02 6.283187255859375000e+02 9.091906127929687500e+02 6.800083618164062500e+02 7.612351179122924805e-01 2.000000000000000000e+00
8.836016845703125000e+02 5.280283813476562500e+02 9.184354858398437500e+02 5.556230468750000000e+02 5.328217148780822754e-01 2.000000000000000000e+00
9.807901611328125000e+02 4.654616088867187500e+02 1.084344726562500000e+03 5.340623168945312500e+02 5.278030037879943848e-01 7.000000000000000000e+00
9.892595214843750000e+02 1.043764770507812500e+03 1.068651245117187500e+03 1.080000000000000000e+03 4.784319102764129639e-01 2.000000000000000000e+00
8.379653930664062500e+02 1.013495788574218750e+03 8.737908935546875000e+02 1.080000000000000000e+03 4.366513192653656006e-01 0.000000000000000000e+00
5.273132934570312500e+02 1.038157104492187500e+03 5.651313476562500000e+02 1.080000000000000000e+03 4.204922318458557129e-01 0.000000000000000000e+00
5.597679443359375000e+02 1.023832031250000000e+03 5.874743652343750000e+02 1.080000000000000000e+03 3.473265469074249268e-01 0.000000000000000000e+00
8.842495117187500000e+02 9.448707885742187500e+02 9.725332641601562500e+02 1.053944091796875000e+03 3.418783545494079590e-01 2.000000000000000000e+00
6.970970458984375000e+02 7.283291625976562500e+02 7.620161743164062500e+02 7.951751098632812500e+02 3.324506878852844238e-01 2.000000000000000000e+00
5.836681518554687500e+02 8.795019531250000000e+02 6.712150878906250000e+02 1.024917846679687500e+03 3.122758567333221436e-01 5.000000000000000000e+00
5.829387817382812500e+02 8.804628906250000000e+02 6.702495117187500000e+02 1.024659179687500000e+03 3.067324757575988770e-01 7.000000000000000000e+00
8.857337036132812500e+02 9.455615844726562500e+02 9.709418334960937500e+02 1.051861938476562500e+03 2.976623475551605225e-01 7.000000000000000000e+00
9.252863769531250000e+02 6.148529052734375000e+02 9.638165283203125000e+02 6.542603759765625000e+02 2.787346541881561279e-01 2.000000000000000000e+00
7.462398681640625000e+02 6.260846557617187500e+02 7.798020629882812500e+02 6.660034179687500000e+02 2.745434045791625977e-01 2.000000000000000000e+00
