1.020115356445312500e+03 2.678554992675781250e+02 1.277574829101562500e+03 6.155233154296875000e+02 8.524224162101745605e-01 7.000000000000000000e+00
9.154443359375000000e+02 2.717864379882812500e+02 1.081732788085937500e+03 5.117202758789062500e+02 8.251714706420898438e-01 7.000000000000000000e+00
5.249514160156250000e+02 5.592547607421875000e+02 6.769456787109375000e+02 6.468806762695312500e+02 7.837133407592773438e-01 2.000000000000000000e+00
3.133618774414062500e+02 3.336000671386718750e+02 6.134658813476562500e+02 4.751642456054687500e+02 7.502455711364746094e-01 7.000000000000000000e+00
4.251966247558593750e+02 5.850393066406250000e+02 6.219653320312500000e+02 7.039888916015625000e+02 7.253717184066772461e-01 2.000000000000000000e+00
4.181907958984375000e+02 7.087360229492187500e+02 6.149016113281250000e+02 7.625941772460937500e+02 6.681328415870666504e-01 2.000000000000000000e+00
3.564339294433593750e+02 2.319286804199218750e+02 6.216132812500000000e+02 3.465126342773437500e+02 5.025239586830139160e-01 7.000000000000000000e+00
1.022606506347656250e+02 5.752055053710937500e+02 3.900421752929687500e+02 7.551144409179687500e+02 4.066489040851593018e-01 7.000000000000000000e+00
1.280495483398437500e+03 9.125998687744140625e+01 1.359478759765625000e+03 1.542334747314453125e+02 3.975636065006256104e-01 7.000000000000000000e+00
4.359063110351562500e+02 1.702972412109375000e+02 6.320946044921875000e+02 2.512744140625000000e+02 3.881720602512359619e-01 7.000000000000000000e+00
9.432101440429687500e+02 1.673010253906250000e+01 1.041702514648437500e+03 7.461266326904296875e+01 2.907764613628387451e-01 7.000000000000000000e+00
9.405443725585937500e+02 1.427178287506103516e+01 1.045154174804687500e+03 7.361784362792968750e+01 2.901856601238250732e-01 8.000000000000000000e+00
1.339474487304687500e+03 1.222630157470703125e+02 1.360000000000000000e+03 1.792117614746093750e+02 2.889192998409271240e-01 2.000000000000000000e+00
1.098520507812500000e+03 3.444635772705078125e+01 1.138708129882812500e+03 6.301499938964843750e+01 2.613755166530609131e-01 2.000000000000000000e+00
