2.173710632324218750e+02 5.634526977539062500e+02 3.026416015625000000e+02 6.221716308593750000e+02 7.834759354591369629e-01 2.000000000000000000e+00
8.437036743164062500e+02 4.686327209472656250e+02 9.397287597656250000e+02 5.095174560546875000e+02 7.517799735069274902e-01 2.000000000000000000e+00
4.868969116210937500e+02 4.083410339355468750e+02 5.379387817382812500e+02 4.524335021972656250e+02 6.679757833480834961e-01 2.000000000000000000e+00
7.300554809570312500e+02 3.723901062011718750e+02 7.609763793945312500e+02 4.074350891113281250e+02 5.846955776214599609e-01 2.000000000000000000e+00
8.819060058593750000e+02 5.414691772460937500e+02 1.003040954589843750e+03 6.013837890625000000e+02 5.783125162124633789e-01 2.000000000000000000e+00
6.970352172851562500e+02 6.800034179687500000e+02 7.625463867187500000e+02 7.626162109375000000e+02 5.760542154312133789e-01 7.000000000000000000e+00
3.919251403808593750e+02 3.252992248535156250e+02 4.778062744140625000e+02 3.740852966308593750e+02 5.742548704147338867e-01 7.000000000000000000e+00
3.015122375488281250e+02 4.871262207031250000e+02 4.052956542968750000e+02 5.396170043945312500e+02 5.347193479537963867e-01 2.000000000000000000e+00
7.772678833007812500e+02 3.147995910644531250e+02 8.094246215820312500e+02 3.402501831054687500e+02 5.293062329292297363e-01 2.000000000000000000e+00
6.124638061523437500e+02 6.588083496093750000e+02 6.392604370117187500e+02 7.266934204101562500e+02 5.205997228622436523e-01 0.000000000000000000e+00
1.017826416015625000e+03 6.224132690429687500e+02 1.134835815429687500e+03 7.016464233398437500e+02 4.991905987262725830e-01 2.000000000000000000e+00
8.119118041992187500e+02 4.457296447753906250e+02 8.506015014648437500e+02 4.704780883789062500e+02 4.479491114616394043e-01 2.000000000000000000e+00
7.155860595703125000e+02 3.411201477050781250e+02 7.446758422851562500e+02 3.724633789062500000e+02 4.001175463199615479e-01 2.000000000000000000e+00
7.427105712890625000e+02 3.096239929199218750e+02 7.770910034179687500e+02 3.302726440429687500e+02 3.702151179313659668e-01 2.000000000000000000e+00
5.509184570312500000e+02 4.377951049804687500e+02 5.615298461914062500e+02 4.628946533203125000e+02 3.682928383350372314e-01 0.000000000000000000e+00
5.535050659179687500e+02 3.910401611328125000e+02 5.941408691406250000e+02 4.243815002441406250e+02 3.645337820053100586e-01 2.000000000000000000e+00
2.202310791015625000e+02 6.305857543945312500e+02 3.065183105468750000e+02 6.677002563476562500e+02 3.467159569263458252e-01 2.000000000000000000e+00
4.400751342773437500e+02 4.848719787597656250e+02 4.625837402343750000e+02 5.113440856933593750e+02 3.467110991477966309e-01 2.000000000000000000e+00
5.522467041015625000e+02 3.710752258300781250e+02 6.214159545898437500e+02 4.251561889648437500e+02 3.271818459033966064e-01 2.000000000000000000e+00
5.207579956054687500e+02 3.917997741699218750e+02 5.538103637695312500e+02 4.215331726074218750e+02 3.098892271518707275e-01 2.000000000000000000e+00
5.545658569335937500e+02 3.686792297363281250e+02 6.248371582031250000e+02 4.252502746582031250e+02 3.059085905551910400e-01 7.000000000000000000e+00
5.846022338867187500e+02 4.282932128906250000e+02 6.016861572265625000e+02 4.567135925292968750e+02 3.041009306907653809e-01 0.000000000000000000e+00
6.173820190429687500e+02 4.502807922363281250e+02 6.337585449218750000e+02 4.864124145507812500e+02 2.964720427989959717e-01 0.000000000000000000e+00
6.981137084960937500e+02 6.795623168945312500e+02 7.619492187500000000e+02 7.642365112304687500e+02 2.938114702701568604e-01 2.000000000000000000e+00
3.931319274902343750e+02 3.220732116699218750e+02 4.819349975585937500e+02 3.737918090820312500e+02 2.639778554439544678e-01 5.000000000000000000e+00
1.082814941406250000e+03 6.351792602539062500e+02 1.359391235351562500e+03 7.493539428710937500e+02 2.615187466144561768e-01 2.500000000000000000e+01
