2.802757263183593750e+02 6.328867187500000000e+02 3.880390014648437500e+02 6.962175292968750000e+02 8.674446344375610352e-01 2.000000000000000000e+00
1.394208221435546875e+02 6.256378173828125000e+02 2.481043243408203125e+02 6.789428100585937500e+02 8.486536145210266113e-01 2.000000000000000000e+00
1.001628540039062500e+03 4.253131408691406250e+02 1.052313476562500000e+03 4.584624938964843750e+02 6.966599225997924805e-01 2.000000000000000000e+00
1.986193084716796875e+02 5.931414184570312500e+02 2.707908020019531250e+02 6.251369018554687500e+02 6.805030107498168945e-01 2.000000000000000000e+00
7.617390136718750000e+02 3.044591369628906250e+02 7.962327880859375000e+02 3.256712036132812500e+02 5.920650362968444824e-01 2.000000000000000000e+00
3.970241699218750000e+02 3.961924743652343750e+02 4.811016845703125000e+02 4.430528869628906250e+02 4.934527873992919922e-01 7.000000000000000000e+00
1.004598815917968750e+03 3.488746337890625000e+02 1.058982543945312500e+03 3.729354248046875000e+02 4.520691335201263428e-01 2.000000000000000000e+00
1.328399536132812500e+03 5.943515625000000000e+02 1.359966430664062500e+03 6.249462890625000000e+02 3.902559876441955566e-01 2.000000000000000000e+00
9.047249145507812500e+02 4.333969421386718750e+02 9.573988037109375000e+02 4.784945678710937500e+02 3.788820505142211914e-01 2.000000000000000000e+00
7.877329711914062500e+02 3.099051818847656250e+02 8.292965698242187500e+02 3.361960449218750000e+02 3.522429764270782471e-01 2.000000000000000000e+00
8.189894409179687500e+02 3.212414245605468750e+02 8.462014770507812500e+02 3.489049682617187500e+02 3.513607978820800781e-01 2.000000000000000000e+00
6.870828247070312500e+02 2.580806274414062500e+02 7.152534790039062500e+02 2.846173095703125000e+02 3.376933038234710693e-01 2.000000000000000000e+00
8.345717163085937500e+02 3.411851501464843750e+02 8.911566772460937500e+02 3.744283142089843750e+02 3.365012705326080322e-01 2.000000000000000000e+00
8.017084350585937500e+02 3.164502258300781250e+02 8.412266845703125000e+02 3.422205200195312500e+02 3.116372525691986084e-01 2.000000000000000000e+00
6.489005126953125000e+02 2.809714660644531250e+02 6.867626342773437500e+02 3.064523925781250000e+02 2.928648293018341064e-01 2.000000000000000000e+00
5.436924438476562500e+02 4.880726318359375000e+02 5.875114746093750000e+02 5.370817260742187500e+02 2.843966186046600342e-01 7.000000000000000000e+00
4.474647521972656250e+02 2.365345001220703125e+02 8.179819335937500000e+02 5.601503906250000000e+02 2.603397667407989502e-01 5.000000000000000000e+00
