4.529372558593750000e+02 2.178857727050781250e+02 6.506248779296875000e+02 3.061423950195312500e+02 9.039722084999084473e-01 2.000000000000000000e+00
6.509456787109375000e+02 3.808763427734375000e+02 8.811588134765625000e+02 4.846361083984375000e+02 9.009848237037658691e-01 2.000000000000000000e+00
1.038307617187500000e+03 3.314850769042968750e+02 1.286968383789062500e+03 4.443654479980468750e+02 8.628709912300109863e-01 2.000000000000000000e+00
9.516957397460937500e+02 2.482435455322265625e+02 1.125626098632812500e+03 3.415012207031250000e+02 8.478554487228393555e-01 2.000000000000000000e+00
1.142209838867187500e+03 1.894171447753906250e+02 1.327922363281250000e+03 2.567882690429687500e+02 8.436463475227355957e-01 2.000000000000000000e+00
0.000000000000000000e+00 2.606676025390625000e+02 1.351329345703125000e+02 3.446958312988281250e+02 8.139488101005554199e-01 2.000000000000000000e+00
9.514047241210937500e+02 7.449816894531250000e+01 1.019844787597656250e+03 1.188944091796875000e+02 8.041509389877319336e-01 2.000000000000000000e+00
8.493400268554687500e+02 6.794599914550781250e+01 9.388512573242187500e+02 1.087776184082031250e+02 7.742099761962890625e-01 2.000000000000000000e+00
2.810218200683593750e+02 3.681159257888793945e+00 3.230432739257812500e+02 3.845767211914062500e+01 7.061138153076171875e-01 2.000000000000000000e+00
1.973233337402343750e+02 4.831268692016601562e+01 2.573910217285156250e+02 1.029551925659179688e+02 6.710246801376342773e-01 2.000000000000000000e+00
1.053198486328125000e+03 8.898279571533203125e+01 1.168536743164062500e+03 1.291580963134765625e+02 6.499174237251281738e-01 2.000000000000000000e+00
2.055297241210937500e+02 3.266030578613281250e+02 4.195107116699218750e+02 4.334197692871093750e+02 6.243116855621337891e-01 2.000000000000000000e+00
6.250675048828125000e+02 0.000000000000000000e+00 6.765202636718750000e+02 2.244607353210449219e+01 5.681938529014587402e-01 2.000000000000000000e+00
1.167402954101562500e+03 8.327264404296875000e+01 1.269045776367187500e+03 1.231170578002929688e+02 5.607483386993408203e-01 2.000000000000000000e+00
2.077148590087890625e+02 2.297055625915527344e+01 2.578089294433593750e+02 6.215674591064453125e+01 5.177076458930969238e-01 2.000000000000000000e+00
1.143273315429687500e+03 3.003742065429687500e+02 1.175222534179687500e+03 3.353542175292968750e+02 4.443157017230987549e-01 0.000000000000000000e+00
5.290190429687500000e+02 0.000000000000000000e+00 5.655827026367187500e+02 2.254262733459472656e+01 4.320929944515228271e-01 2.000000000000000000e+00
2.075097198486328125e+02 3.268415832519531250e+02 4.157431335449218750e+02 4.322544250488281250e+02 4.034725427627563477e-01 7.000000000000000000e+00
8.228358459472656250e+01 2.012720794677734375e+02 1.597859649658203125e+02 2.449980926513671875e+02 3.788973987102508545e-01 3.000000000000000000e+00
7.305472412109375000e+02 3.600135421752929688e+01 8.240433349609375000e+02 8.247631072998046875e+01 3.684044182300567627e-01 2.000000000000000000e+00
9.682672119140625000e+01 1.831369934082031250e+02 1.272063064575195312e+02 2.401719818115234375e+02 3.500554561614990234e-01 0.000000000000000000e+00
8.226326293945312500e+02 5.870547485351562500e+01 8.839572753906250000e+02 1.008872604370117188e+02 3.269280791282653809e-01 2.000000000000000000e+00
2.896991271972656250e+02 5.300366592407226562e+01 3.472284545898437500e+02 1.097984237670898438e+02 3.171821534633636475e-01 7.000000000000000000e+00
2.901013488769531250e+02 5.283678436279296875e+01 3.471258239746093750e+02 1.101959915161132812e+02 3.151012957096099854e-01 2.000000000000000000e+00
7.798966217041015625e+01 1.941231231689453125e+02 1.564693298339843750e+02 2.456836853027343750e+02 2.924770414829254150e-01 0.000000000000000000e+00
6.972431640625000000e+02 2.396096229553222656e+01 7.589869995117187500e+02 6.572595977783203125e+01 2.808762788772583008e-01 2.000000000000000000e+00
