8.816467895507812500e+02 3.230581054687500000e+02 9.407545166015625000e+02 3.988284301757812500e+02 8.783777356147766113e-01 0.000000000000000000e+00
3.387167053222656250e+02 3.159296264648437500e+02 3.761790771484375000e+02 3.909776000976562500e+02 8.022032380104064941e-01 0.000000000000000000e+00
2.734436988830566406e+01 2.210015258789062500e+02 4.583930969238281250e+01 2.654862060546875000e+02 7.099755406379699707e-01 0.000000000000000000e+00
7.782484130859375000e+02 2.254781799316406250e+02 7.964157714843750000e+02 2.808044433593750000e+02 6.791720390319824219e-01 0.000000000000000000e+00
4.742848510742187500e+02 2.226389923095703125e+02 4.987401428222656250e+02 2.823536682128906250e+02 6.463120579719543457e-01 0.000000000000000000e+00
1.381683197021484375e+02 2.102384490966796875e+02 1.589366455078125000e+02 2.706904907226562500e+02 6.430183053016662598e-01 0.000000000000000000e+00
5.268596191406250000e+02 2.220522308349609375e+02 5.469173583984375000e+02 2.798264770507812500e+02 6.333050131797790527e-01 0.000000000000000000e+00
3.285054931640625000e+02 2.544343109130859375e+02 3.541325378417968750e+02 3.204918823242187500e+02 5.452135205268859863e-01 0.000000000000000000e+00
4.054928283691406250e+02 2.291351623535156250e+02 4.238053894042968750e+02 3.111571960449218750e+02 5.207552909851074219e-01 0.000000000000000000e+00
1.484192490577697754e+00 1.571444854736328125e+02 1.341824054718017578e+01 1.891448822021484375e+02 5.183831453323364258e-01 0.000000000000000000e+00
1.771845703125000000e+02 2.102922363281250000e+02 1.944573822021484375e+02 2.630150146484375000e+02 5.005939006805419922e-01 0.000000000000000000e+00
8.352621459960937500e+01 3.544136352539062500e+02 1.337862854003906250e+02 4.033679199218750000e+02 4.895055890083312988e-01 0.000000000000000000e+00
3.107554626464843750e+02 2.462050018310546875e+02 3.337792358398437500e+02 3.182307128906250000e+02 4.866727590560913086e-01 0.000000000000000000e+00
6.414662475585937500e+02 2.435118255615234375e+02 6.578654785156250000e+02 2.727540283203125000e+02 4.268729090690612793e-01 0.000000000000000000e+00
9.371347045898437500e+02 1.951399536132812500e+02 9.545031738281250000e+02 2.237720642089843750e+02 3.955753147602081299e-01 0.000000000000000000e+00
5.606143798828125000e+02 2.198518066406250000e+02 5.799352416992187500e+02 2.692652282714843750e+02 3.673128485679626465e-01 0.000000000000000000e+00
6.177471313476562500e+02 2.393174896240234375e+02 6.323161010742187500e+02 2.690774230957031250e+02 3.637731969356536865e-01 0.000000000000000000e+00
8.403627777099609375e+01 3.512610168457031250e+02 1.080932922363281250e+02 4.005612487792968750e+02 3.625076711177825928e-01 0.000000000000000000e+00
1.062326965332031250e+02 2.123618774414062500e+02 1.328713989257812500e+02 2.502659454345703125e+02 3.332344889640808105e-01 0.000000000000000000e+00
9.395109252929687500e+02 3.788706054687500000e+02 9.523098144531250000e+02 3.890180358886718750e+02 2.780264616012573242e-01 3.200000000000000000e+01
6.628663330078125000e+02 1.789148406982421875e+02 6.791290893554687500e+02 2.233747253417968750e+02 2.504933476448059082e-01 0.000000000000000000e+00
