4.420978698730468750e+02 2.959253692626953125e+01 4.944011535644531250e+02 5.408679580688476562e+01 7.304954528808593750e-01 2.000000000000000000e+00
1.003575744628906250e+03 4.448305664062500000e+02 1.133949829101562500e+03 6.488589477539062500e+02 6.460272669792175293e-01 5.000000000000000000e+00
7.229867553710937500e+02 3.082645893096923828e+00 7.483214111328125000e+02 2.780224990844726562e+01 5.436101555824279785e-01 2.000000000000000000e+00
8.726234130859375000e+02 1.250736389160156250e+02 9.068413085937500000e+02 1.638053741455078125e+02 5.362026691436767578e-01 2.000000000000000000e+00
6.573005981445312500e+02 3.174531555175781250e+02 7.053474731445312500e+02 3.787231750488281250e+02 5.284646749496459961e-01 2.000000000000000000e+00
7.862581176757812500e+02 3.258450698852539062e+01 8.191145629882812500e+02 5.774692916870117188e+01 5.072908401489257812e-01 2.000000000000000000e+00
7.847361450195312500e+02 4.057838745117187500e+02 8.364552001953125000e+02 4.988624877929687500e+02 4.540451467037200928e-01 5.000000000000000000e+00
7.139790039062500000e+02 1.251282119750976562e+02 7.513339233398437500e+02 1.621226501464843750e+02 3.931173086166381836e-01 2.000000000000000000e+00
7.379946289062500000e+02 4.164092712402343750e+02 7.576909790039062500e+02 4.640209350585937500e+02 3.875192999839782715e-01 9.000000000000000000e+00
5.028692932128906250e+02 4.528687953948974609e+00 5.334998779296875000e+02 2.954092788696289062e+01 3.633580207824707031e-01 2.000000000000000000e+00
7.212285156250000000e+02 2.786499633789062500e+02 7.599504394531250000e+02 3.432835998535156250e+02 3.433982133865356445e-01 7.000000000000000000e+00
6.591158447265625000e+02 3.143131408691406250e+02 7.055795898437500000e+02 3.790610961914062500e+02 2.877844274044036865e-01 7.000000000000000000e+00
