3.697539672851562500e+02 6.316441040039062500e+02 4.900011596679687500e+02 7.622103271484375000e+02 8.888862729072570801e-01 2.000000000000000000e+00
6.468856811523437500e+02 3.386465148925781250e+02 6.906851196289062500e+02 3.848716125488281250e+02 8.278105258941650391e-01 2.000000000000000000e+00
4.440395202636718750e+02 4.812503662109375000e+02 5.329573364257812500e+02 5.912248535156250000e+02 7.982146739959716797e-01 2.000000000000000000e+00
4.830039672851562500e+02 3.964112243652343750e+02 5.434764404296875000e+02 4.586179504394531250e+02 7.586595416069030762e-01 2.000000000000000000e+00
1.935662994384765625e+02 5.922219848632812500e+02 3.436203918457031250e+02 7.600523681640625000e+02 6.445224881172180176e-01 7.000000000000000000e+00
5.627372436523437500e+02 2.766592102050781250e+02 5.961497192382812500e+02 3.153347473144531250e+02 6.067401170730590820e-01 2.000000000000000000e+00
5.922619628906250000e+02 2.153954925537109375e+02 6.194838867187500000e+02 2.381419372558593750e+02 5.540218949317932129e-01 2.000000000000000000e+00
6.351949462890625000e+02 2.364776611328125000e+02 6.664103393554687500e+02 2.690090026855468750e+02 5.429102182388305664e-01 2.000000000000000000e+00
8.228057861328125000e+02 6.172057495117187500e+02 8.477949218750000000e+02 6.887665405273437500e+02 5.370298027992248535e-01 0.000000000000000000e+00
7.142908325195312500e+02 2.197797393798828125e+02 7.455871582031250000e+02 2.469478454589843750e+02 5.101984143257141113e-01 2.000000000000000000e+00
2.088982696533203125e+02 4.334732055664062500e+02 3.015715637207031250e+02 4.905965881347656250e+02 4.675800502300262451e-01 2.000000000000000000e+00
2.110908966064453125e+02 4.332494201660156250e+02 3.023083190917968750e+02 4.920385437011718750e+02 3.638947308063507080e-01 7.000000000000000000e+00
6.041870117187500000e+02 1.814908294677734375e+02 6.291828613281250000e+02 2.048936767578125000e+02 3.611523807048797607e-01 2.000000000000000000e+00
4.369764709472656250e+02 2.827904052734375000e+02 4.952159729003906250e+02 3.192967834472656250e+02 3.591369688510894775e-01 2.000000000000000000e+00
6.461563720703125000e+02 1.530017700195312500e+02 6.674015502929687500e+02 1.748670654296875000e+02 3.413818776607513428e-01 2.000000000000000000e+00
5.606757202148437500e+02 1.577536773681640625e+02 5.902436523437500000e+02 1.804785919189453125e+02 3.164170980453491211e-01 2.000000000000000000e+00
4.326501770019531250e+02 3.104326477050781250e+02 4.742380065917968750e+02 3.510760498046875000e+02 3.043411374092102051e-01 2.000000000000000000e+00
5.139400634765625000e+02 2.668390197753906250e+02 5.257171630859375000e+02 2.961084289550781250e+02 2.676223218441009521e-01 0.000000000000000000e+00
