7.544724121093750000e+02 3.813246765136718750e+02 8.198855590820312500e+02 4.234151306152343750e+02 8.620482087135314941e-01 2.000000000000000000e+00
5.037368164062500000e+02 4.007804565429687500e+02 5.516176757812500000e+02 4.377960510253906250e+02 8.303573727607727051e-01 2.000000000000000000e+00
4.046969909667968750e+02 3.917065734863281250e+02 4.516339721679687500e+02 4.300874023437500000e+02 8.274302482604980469e-01 2.000000000000000000e+00
6.146846923828125000e+02 4.686009521484375000e+02 7.298476562500000000e+02 5.237645874023437500e+02 8.109456896781921387e-01 2.000000000000000000e+00
6.481200561523437500e+02 3.140422973632812500e+02 6.773483276367187500e+02 3.400834655761718750e+02 7.862690687179565430e-01 2.000000000000000000e+00
6.016694946289062500e+02 3.860891723632812500e+02 6.720495605468750000e+02 4.180309143066406250e+02 7.471734285354614258e-01 2.000000000000000000e+00
6.178862915039062500e+02 4.317630615234375000e+02 7.027329711914062500e+02 4.775610351562500000e+02 6.602685451507568359e-01 2.000000000000000000e+00
5.494885253906250000e+01 4.564335327148437500e+02 7.101292419433593750e+01 4.949426269531250000e+02 6.390382051467895508e-01 0.000000000000000000e+00
3.341181335449218750e+02 3.948836975097656250e+02 3.653179931640625000e+02 4.450496520996093750e+02 5.757406353950500488e-01 2.000000000000000000e+00
2.605180053710937500e+02 3.727461547851562500e+02 3.019684143066406250e+02 3.965980224609375000e+02 4.908743798732757568e-01 2.000000000000000000e+00
4.720402526855468750e+02 5.066090087890625000e+02 5.015307617187500000e+02 5.400000000000000000e+02 4.503202140331268311e-01 2.000000000000000000e+00
6.907371826171875000e+02 3.118754882812500000e+02 7.121062011718750000e+02 3.330304870605468750e+02 4.489096701145172119e-01 2.000000000000000000e+00
6.092631225585937500e+02 3.084220886230468750e+02 6.366254272460937500e+02 3.412683715820312500e+02 4.473638534545898438e-01 2.000000000000000000e+00
3.370767517089843750e+02 2.719232482910156250e+02 3.641346740722656250e+02 2.921366577148437500e+02 4.115809202194213867e-01 2.000000000000000000e+00
4.475885314941406250e+02 4.214975280761718750e+02 4.682875976562500000e+02 4.513127746582031250e+02 4.002082645893096924e-01 3.000000000000000000e+00
1.876634826660156250e+02 5.010673828125000000e+02 2.114568023681640625e+02 5.393761596679687500e+02 3.794983029365539551e-01 0.000000000000000000e+00
4.007765197753906250e+02 3.507254028320312500e+02 4.213300170898437500e+02 3.668286743164062500e+02 3.622277677059173584e-01 2.000000000000000000e+00
8.930899658203125000e+02 4.764639587402343750e+02 9.254282226562500000e+02 5.043132934570312500e+02 2.783920764923095703e-01 3.000000000000000000e+00
1.289400024414062500e+02 5.074266357421875000e+02 1.503978576660156250e+02 5.396151733398437500e+02 2.728206217288970947e-01 0.000000000000000000e+00
4.473018493652343750e+02 4.192616271972656250e+02 4.675027770996093750e+02 4.508514404296875000e+02 2.628166973590850830e-01 0.000000000000000000e+00
5.706119384765625000e+02 4.979241333007812500e+02 5.896370239257812500e+02 5.342332763671875000e+02 2.607494890689849854e-01 0.000000000000000000e+00
5.052619018554687500e+02 4.425098266601562500e+02 5.231914062500000000e+02 4.813596801757812500e+02 2.511169612407684326e-01 0.000000000000000000e+00
