8.185955200195312500e+02 8.123847656250000000e+02 8.796670532226562500e+02 9.555860595703125000e+02 7.778504490852355957e-01 0.000000000000000000e+00
1.101232177734375000e+03 8.830640869140625000e+02 1.153081420898437500e+03 1.031841674804687500e+03 7.663433551788330078e-01 0.000000000000000000e+00
3.592312622070312500e+02 9.199714965820312500e+02 4.160452270507812500e+02 1.075012939453125000e+03 7.450888156890869141e-01 0.000000000000000000e+00
2.723705444335937500e+02 9.343916015625000000e+02 3.400623474121093750e+02 1.076972167968750000e+03 6.667551994323730469e-01 0.000000000000000000e+00
1.128824951171875000e+03 7.801934204101562500e+02 1.168662597656250000e+03 9.031648559570312500e+02 6.608856916427612305e-01 0.000000000000000000e+00
1.166918090820312500e+03 8.914671630859375000e+02 1.212600952148437500e+03 1.030877563476562500e+03 5.982760787010192871e-01 0.000000000000000000e+00
3.166696166992187500e+02 8.109185180664062500e+02 3.624570617675781250e+02 9.253228149414062500e+02 5.680027008056640625e-01 0.000000000000000000e+00
5.649906005859375000e+02 7.338302001953125000e+02 5.997194213867187500e+02 8.299446411132812500e+02 5.674749016761779785e-01 0.000000000000000000e+00
1.805515899658203125e+02 7.783561401367187500e+02 2.284129180908203125e+02 9.043627319335937500e+02 5.647212266921997070e-01 0.000000000000000000e+00
9.100712280273437500e+02 7.625623779296875000e+02 9.409135131835937500e+02 8.552630004882812500e+02 5.638945698738098145e-01 0.000000000000000000e+00
8.511108398437500000e+01 8.318286132812500000e+02 1.439203643798828125e+02 9.882647705078125000e+02 5.401877164840698242e-01 0.000000000000000000e+00
1.322701538085937500e+03 8.501517333984375000e+02 1.361841552734375000e+03 9.829632568359375000e+02 5.322695970535278320e-01 0.000000000000000000e+00
1.498673339843750000e+03 8.682443847656250000e+02 1.559669067382812500e+03 1.030265380859375000e+03 5.163980126380920410e-01 0.000000000000000000e+00
2.640746498107910156e+01 8.366594238281250000e+02 8.916299438476562500e+01 1.007645690917968750e+03 5.086964368820190430e-01 0.000000000000000000e+00
1.186275878906250000e+03 7.943073120117187500e+02 1.217600341796875000e+03 8.986977539062500000e+02 5.048611164093017578e-01 0.000000000000000000e+00
5.132781372070312500e+02 7.252923583984375000e+02 5.452774658203125000e+02 8.262285156250000000e+02 4.809626936912536621e-01 0.000000000000000000e+00
3.793083801269531250e+02 8.272866821289062500e+02 4.252308044433593750e+02 9.315698242187500000e+02 4.647191762924194336e-01 0.000000000000000000e+00
1.454586914062500000e+03 8.706112670898437500e+02 1.498552246093750000e+03 1.037964355468750000e+03 4.365222752094268799e-01 0.000000000000000000e+00
1.387048828125000000e+03 9.023221435546875000e+02 1.456956542968750000e+03 1.077704956054687500e+03 3.946707248687744141e-01 0.000000000000000000e+00
5.496079254150390625e+01 9.949973144531250000e+02 1.197807312011718750e+02 1.080000000000000000e+03 3.907427787780761719e-01 0.000000000000000000e+00
3.933729171752929688e+01 8.343671875000000000e+02 1.348423156738281250e+02 1.001986694335937500e+03 3.863390684127807617e-01 0.000000000000000000e+00
6.770225830078125000e+02 6.470244140625000000e+02 6.987134399414062500e+02 7.242886352539062500e+02 3.611660003662109375e-01 0.000000000000000000e+00
1.571110839843750000e+02 6.649837036132812500e+02 1.966115112304687500e+02 7.618751831054687500e+02 3.250375092029571533e-01 0.000000000000000000e+00
2.846856079101562500e+02 7.367704467773437500e+02 3.301768798828125000e+02 8.449042968750000000e+02 3.214135169982910156e-01 0.000000000000000000e+00
1.334864868164062500e+03 7.823454589843750000e+02 1.365907836914062500e+03 8.667189941406250000e+02 3.171430528163909912e-01 0.000000000000000000e+00
1.403089599609375000e+03 8.517645874023437500e+02 1.449087768554687500e+03 9.657418823242187500e+02 2.792712748050689697e-01 0.000000000000000000e+00
4.513910827636718750e+02 7.239358520507812500e+02 4.838101806640625000e+02 8.191988525390625000e+02 2.562736570835113525e-01 0.000000000000000000e+00
1.303057250976562500e+03 7.693313598632812500e+02 1.335019653320312500e+03 8.748035888671875000e+02 2.528657019138336182e-01 0.000000000000000000e+00
