6.699696655273437500e+02 6.692913818359375000e+02 7.237295532226562500e+02 7.142687988281250000e+02 6.522117853164672852e-01 2.000000000000000000e+00
1.120284790039062500e+03 3.071048278808593750e+02 1.163757080078125000e+03 3.338448181152343750e+02 6.125249266624450684e-01 2.000000000000000000e+00
1.055131347656250000e+03 3.361717529296875000e+02 1.124172119140625000e+03 3.891013488769531250e+02 6.102542877197265625e-01 2.000000000000000000e+00
9.272217407226562500e+02 4.383699951171875000e+02 9.767600097656250000e+02 4.745404663085937500e+02 5.657589435577392578e-01 2.000000000000000000e+00
1.052863647460937500e+03 3.543327636718750000e+02 1.104154663085937500e+03 3.925757446289062500e+02 5.529405474662780762e-01 2.000000000000000000e+00
1.170905639648437500e+03 3.205321502685546875e+01 1.215119506835937500e+03 6.544406127929687500e+01 5.461051464080810547e-01 2.000000000000000000e+00
1.083641967773437500e+03 1.446733551025390625e+02 1.128457397460937500e+03 1.782777709960937500e+02 5.370044112205505371e-01 2.000000000000000000e+00
1.020932006835937500e+03 3.767911682128906250e+02 1.072862304687500000e+03 4.111290893554687500e+02 5.286380052566528320e-01 2.000000000000000000e+00
9.753850097656250000e+02 3.970062255859375000e+02 1.030366088867187500e+03 4.378609313964843750e+02 5.057415962219238281e-01 2.000000000000000000e+00
9.214161376953125000e+02 6.220842285156250000e+02 9.720695800781250000e+02 6.711956787109375000e+02 4.816774129867553711e-01 2.000000000000000000e+00
7.355825195312500000e+02 5.649568481445312500e+02 7.841535034179687500e+02 6.125791015625000000e+02 4.305675029754638672e-01 2.000000000000000000e+00
8.954543457031250000e+02 5.726832885742187500e+02 9.384686279296875000e+02 6.212235107421875000e+02 4.246070086956024170e-01 2.000000000000000000e+00
1.024381958007812500e+03 3.632910766601562500e+02 1.086570922851562500e+03 4.021481323242187500e+02 3.803053796291351318e-01 2.000000000000000000e+00
1.269117797851562500e+03 6.328234252929687500e+02 1.356110595703125000e+03 7.033411254882812500e+02 3.599426150321960449e-01 2.000000000000000000e+00
7.441773071289062500e+02 0.000000000000000000e+00 7.812962036132812500e+02 1.656988334655761719e+01 3.331374228000640869e-01 2.000000000000000000e+00
1.237418823242187500e+03 4.163092041015625000e+02 1.287417358398437500e+03 4.491639709472656250e+02 3.030662238597869873e-01 2.000000000000000000e+00
8.956059570312500000e+02 4.756213989257812500e+02 9.581809082031250000e+02 5.277255249023437500e+02 3.002455234527587891e-01 2.000000000000000000e+00
8.929873657226562500e+02 5.262862548828125000e+02 9.457786254882812500e+02 5.668672485351562500e+02 2.940122485160827637e-01 2.000000000000000000e+00
7.359681396484375000e+02 1.227777328491210938e+02 7.884746093750000000e+02 1.456353607177734375e+02 2.843827009201049805e-01 2.000000000000000000e+00
1.219457153320312500e+03 2.762226562500000000e+02 1.254800292968750000e+03 3.106855773925781250e+02 2.795926630496978760e-01 2.000000000000000000e+00
1.016367431640625000e+03 0.000000000000000000e+00 1.061542846679687500e+03 3.152000808715820312e+01 2.632088959217071533e-01 2.000000000000000000e+00
1.172478561401367188e+02 4.861373901367187500e+02 1.441102752685546875e+02 5.118639221191406250e+02 2.527909278869628906e-01 2.000000000000000000e+00
2.856521606445312500e+02 6.486733398437500000e+02 3.431787719726562500e+02 6.899653320312500000e+02 2.519733607769012451e-01 2.000000000000000000e+00
