9.716666259765625000e+02 3.676387939453125000e+02 9.989955444335937500e+02 4.463157958984375000e+02 7.419161796569824219e-01 0.000000000000000000e+00
9.957458496093750000e+02 3.716331787109375000e+02 1.030914916992187500e+03 4.521506958007812500e+02 7.278362512588500977e-01 0.000000000000000000e+00
5.370533447265625000e+02 1.240595855712890625e+02 5.510761108398437500e+02 1.712188262939453125e+02 6.496894359588623047e-01 0.000000000000000000e+00
0.000000000000000000e+00 3.943838500976562500e+02 7.958548736572265625e+01 4.713283386230468750e+02 6.062809228897094727e-01 3.000000000000000000e+00
9.532225036621093750e+01 3.915369873046875000e+02 1.721495513916015625e+02 4.690563659667968750e+02 5.667024254798889160e-01 3.000000000000000000e+00
2.343458099365234375e+02 3.941646728515625000e+02 3.080756835937500000e+02 4.623405456542968750e+02 5.035924315452575684e-01 3.000000000000000000e+00
6.980383911132812500e+02 1.528511199951171875e+02 7.150854492187500000e+02 1.956016387939453125e+02 4.748874902725219727e-01 0.000000000000000000e+00
5.143065185546875000e+02 3.218529357910156250e+02 5.576441650390625000e+02 3.863123168945312500e+02 4.617389142513275146e-01 0.000000000000000000e+00
3.247989196777343750e+02 4.121234436035156250e+02 3.973329772949218750e+02 4.677137756347656250e+02 4.292689859867095947e-01 3.000000000000000000e+00
1.153348266601562500e+03 2.011927795410156250e+02 1.272381958007812500e+03 2.526957244873046875e+02 4.020614326000213623e-01 2.000000000000000000e+00
1.072263793945312500e+02 2.283605194091796875e+02 1.939181823730468750e+02 2.871893920898437500e+02 3.811632990837097168e-01 2.000000000000000000e+00
2.921447448730468750e+02 1.910939331054687500e+02 3.288566284179687500e+02 2.194473571777343750e+02 3.550625741481781006e-01 2.000000000000000000e+00
2.251070976257324219e+01 2.213560028076171875e+02 1.088269042968750000e+02 2.840227661132812500e+02 3.479773998260498047e-01 3.000000000000000000e+00
9.783055419921875000e+02 2.234472351074218750e+02 1.015112670898437500e+03 2.716751708984375000e+02 3.456595540046691895e-01 0.000000000000000000e+00
6.513795166015625000e+02 2.659887695312500000e+02 6.876682739257812500e+02 2.944077453613281250e+02 3.423679769039154053e-01 2.000000000000000000e+00
5.650837402343750000e+02 2.677874145507812500e+02 6.005964355468750000e+02 2.955585937500000000e+02 3.344795703887939453e-01 2.000000000000000000e+00
1.214337646484375000e+03 3.578705749511718750e+02 1.309766235351562500e+03 4.531441650390625000e+02 3.136475682258605957e-01 3.000000000000000000e+00
3.151479492187500000e+02 3.494241027832031250e+02 4.022439575195312500e+02 3.953565979003906250e+02 2.854925692081451416e-01 2.500000000000000000e+01
9.628565063476562500e+02 2.289086608886718750e+02 1.016183959960937500e+03 2.750748291015625000e+02 2.767572402954101562e-01 3.000000000000000000e+00
1.228627075195312500e+03 3.637722167968750000e+02 1.306742553710937500e+03 4.508253479003906250e+02 2.597494721412658691e-01 0.000000000000000000e+00
