3.558263244628906250e+02 5.011964111328125000e+02 3.772429809570312500e+02 5.397064208984375000e+02 6.906102895736694336e-01 0.000000000000000000e+00
5.491623535156250000e+02 4.041001281738281250e+02 5.687443847656250000e+02 4.437242431640625000e+02 6.416441798210144043e-01 0.000000000000000000e+00
6.112321166992187500e+02 3.727133789062500000e+02 6.271421508789062500e+02 4.116533203125000000e+02 6.221888661384582520e-01 0.000000000000000000e+00
4.936216354370117188e+00 2.732051391601562500e+02 2.062530899047851562e+01 3.035213928222656250e+02 5.417255759239196777e-01 0.000000000000000000e+00
1.701729125976562500e+02 2.023660583496093750e+02 1.800911712646484375e+02 2.239331359863281250e+02 4.873138964176177979e-01 0.000000000000000000e+00
8.928715209960937500e+02 4.570704345703125000e+02 9.164811401367187500e+02 5.093810119628906250e+02 4.640821814537048340e-01 0.000000000000000000e+00
5.814320068359375000e+02 3.755789794921875000e+02 5.983161621093750000e+02 4.155907287597656250e+02 4.429607391357421875e-01 0.000000000000000000e+00
2.815423278808593750e+02 2.206575317382812500e+02 2.934305419921875000e+02 2.427433013916015625e+02 3.927648067474365234e-01 0.000000000000000000e+00
4.728191833496093750e+02 2.989440612792968750e+02 4.848034362792968750e+02 3.306629638671875000e+02 3.776160776615142822e-01 0.000000000000000000e+00
5.213071289062500000e+02 3.075453796386718750e+02 5.333435668945312500e+02 3.398064575195312500e+02 3.533982038497924805e-01 0.000000000000000000e+00
5.762255249023437500e+02 3.253264770507812500e+02 5.881431274414062500e+02 3.571083679199218750e+02 3.225693404674530029e-01 0.000000000000000000e+00
3.636291503906250000e+02 2.211781005859375000e+02 3.725757446289062500e+02 2.462446441650390625e+02 3.222287595272064209e-01 0.000000000000000000e+00
4.120778503417968750e+02 2.935289611816406250e+02 4.229774780273437500e+02 3.222106018066406250e+02 3.129863440990447998e-01 0.000000000000000000e+00
1.131395530700683594e+01 1.875522460937500000e+02 2.187170791625976562e+01 2.115341644287109375e+02 3.041492104530334473e-01 0.000000000000000000e+00
8.736229248046875000e+02 4.709147644042968750e+02 8.987512207031250000e+02 5.128659667968750000e+02 2.990241944789886475e-01 0.000000000000000000e+00
4.120979309082031250e+02 3.354753112792968750e+02 4.286739196777343750e+02 3.664317626953125000e+02 2.798426747322082520e-01 0.000000000000000000e+00
4.215098266601562500e+02 3.401473388671875000e+02 4.464685668945312500e+02 3.708427734375000000e+02 2.795618474483489990e-01 0.000000000000000000e+00
7.305717773437500000e+02 5.100034790039062500e+02 7.574315185546875000e+02 5.394029541015625000e+02 2.675153613090515137e-01 0.000000000000000000e+00
4.640497131347656250e+02 1.709938659667968750e+02 4.916036071777343750e+02 1.863711090087890625e+02 2.654573917388916016e-01 2.000000000000000000e+00
