8.084359130859375000e+02 7.413916625976562500e+02 1.052079101562500000e+03 1.046310180664062500e+03 7.977514863014221191e-01 5.000000000000000000e+00
4.089278869628906250e+02 7.956467895507812500e+02 4.616283874511718750e+02 9.313953247070312500e+02 7.107119560241699219e-01 0.000000000000000000e+00
1.450663940429687500e+03 8.566030883789062500e+02 1.498880371093750000e+03 1.002907104492187500e+03 6.682968139648437500e-01 0.000000000000000000e+00
1.655126342773437500e+03 9.889429931640625000e+02 1.720695678710937500e+03 1.078421997070312500e+03 6.042290329933166504e-01 0.000000000000000000e+00
1.357759765625000000e+03 9.614578857421875000e+02 1.419944213867187500e+03 1.080000000000000000e+03 5.827867984771728516e-01 0.000000000000000000e+00
1.480966308593750000e+03 9.996154785156250000e+02 1.553852416992187500e+03 1.080000000000000000e+03 5.468540191650390625e-01 0.000000000000000000e+00
2.299712219238281250e+02 8.214845581054687500e+02 2.889423828125000000e+02 9.597194824218750000e+02 5.122376680374145508e-01 0.000000000000000000e+00
3.452417297363281250e+02 8.314872436523437500e+02 3.894941711425781250e+02 9.891231079101562500e+02 5.110442638397216797e-01 0.000000000000000000e+00
2.772081909179687500e+02 8.264041137695312500e+02 3.289293518066406250e+02 9.555579223632812500e+02 4.266093671321868896e-01 0.000000000000000000e+00
1.438164550781250000e+03 7.542200927734375000e+02 1.476086181640625000e+03 8.524404296875000000e+02 3.700074255466461182e-01 0.000000000000000000e+00
1.078176513671875000e+03 9.154500732421875000e+02 1.133470092773437500e+03 1.055646972656250000e+03 3.666025698184967041e-01 0.000000000000000000e+00
1.792751617431640625e+02 7.888718872070312500e+02 2.359430389404296875e+02 9.384338989257812500e+02 3.430275321006774902e-01 0.000000000000000000e+00
1.361416137695312500e+03 8.023370361328125000e+02 1.406210083007812500e+03 9.061237792968750000e+02 3.261515200138092041e-01 0.000000000000000000e+00
1.535849121093750000e+03 9.879000244140625000e+02 1.587770874023437500e+03 1.079328735351562500e+03 2.617828845977783203e-01 0.000000000000000000e+00
