2.840658874511718750e+02 2.114621582031250000e+02 3.225935668945312500e+02 2.936634216308593750e+02 8.368931412696838379e-01 0.000000000000000000e+00
2.746340637207031250e+02 3.829638061523437500e+02 3.275896301269531250e+02 4.899416198730468750e+02 8.045650124549865723e-01 0.000000000000000000e+00
4.650878906250000000e+02 2.336334381103515625e+02 4.958901672363281250e+02 3.251783752441406250e+02 7.738097310066223145e-01 0.000000000000000000e+00
4.981219482421875000e+02 4.823601684570312500e+02 5.391585083007812500e+02 5.388052368164062500e+02 7.551662921905517578e-01 0.000000000000000000e+00
1.941556091308593750e+02 2.980109558105468750e+02 2.464499359130859375e+02 4.095128479003906250e+02 7.459132075309753418e-01 0.000000000000000000e+00
1.562515106201171875e+02 3.168287658691406250e+02 2.047534484863281250e+02 4.206985473632812500e+02 7.375884652137756348e-01 0.000000000000000000e+00
3.462691040039062500e+02 1.629485015869140625e+02 3.710621643066406250e+02 2.309498443603515625e+02 7.072710394859313965e-01 0.000000000000000000e+00
4.952477722167968750e+02 2.343936462402343750e+02 5.281504516601562500e+02 3.256816406250000000e+02 6.879935264587402344e-01 0.000000000000000000e+00
2.421123504638671875e+01 1.608234405517578125e+02 6.137019348144531250e+01 2.218480682373046875e+02 6.692482829093933105e-01 0.000000000000000000e+00
3.088622741699218750e+02 1.242333602905273438e+02 3.284668579101562500e+02 1.749146575927734375e+02 6.024589538574218750e-01 0.000000000000000000e+00
1.305644226074218750e+02 1.698604888916015625e+02 1.641602020263671875e+02 2.330678558349609375e+02 5.735988020896911621e-01 0.000000000000000000e+00
1.703932342529296875e+02 1.733372039794921875e+02 1.947729187011718750e+02 2.289239959716796875e+02 5.661056041717529297e-01 0.000000000000000000e+00
2.447574157714843750e+02 1.747645568847656250e+02 2.700865173339843750e+02 2.215334930419921875e+02 4.028673470020294189e-01 0.000000000000000000e+00
3.282121276855468750e+01 1.253415756225585938e+02 5.892869949340820312e+01 1.759819946289062500e+02 3.939991891384124756e-01 0.000000000000000000e+00
3.711315917968750000e+02 1.186525497436523438e+02 3.866488952636718750e+02 1.607196502685546875e+02 3.917364478111267090e-01 0.000000000000000000e+00
1.635694885253906250e+02 8.504086303710937500e+01 1.849564208984375000e+02 1.283739318847656250e+02 3.177449703216552734e-01 0.000000000000000000e+00
