1.476964874267578125e+02 3.117784118652343750e+02 2.539576416015625000e+02 4.212794799804687500e+02 9.007073640823364258e-01 2.000000000000000000e+00
8.340833740234375000e+02 3.303552551269531250e+02 9.536943969726562500e+02 3.989410705566406250e+02 8.843533396720886230e-01 2.000000000000000000e+00
9.887207031250000000e+02 3.012369995117187500e+02 1.123744750976562500e+03 3.703378906250000000e+02 8.752543330192565918e-01 2.000000000000000000e+00
2.973319091796875000e+02 5.565967941284179688e+01 3.792502441406250000e+02 1.127161941528320312e+02 8.473469614982604980e-01 2.000000000000000000e+00
4.461775817871093750e+02 1.715485839843750000e+02 4.963079528808593750e+02 2.426728515625000000e+02 8.454905748367309570e-01 2.000000000000000000e+00
1.189416809082031250e+02 1.291388702392578125e+02 1.743302307128906250e+02 2.099322509765625000e+02 8.436761498451232910e-01 2.000000000000000000e+00
1.019000610351562500e+03 4.075852050781250000e+02 1.124421142578125000e+03 4.817115173339843750e+02 8.281043171882629395e-01 2.000000000000000000e+00
3.516039733886718750e+02 1.203498458862304688e+02 4.313957519531250000e+02 1.754591827392578125e+02 8.178385496139526367e-01 2.000000000000000000e+00
1.947254333496093750e+02 3.721355438232421875e+01 2.443549957275390625e+02 9.560371398925781250e+01 7.607188820838928223e-01 2.000000000000000000e+00
1.363241882324218750e+02 2.693533706665039062e+01 1.861908416748046875e+02 1.036905364990234375e+02 7.373561859130859375e-01 2.000000000000000000e+00
9.365765991210937500e+02 2.505881042480468750e+02 1.011174865722656250e+03 2.932235717773437500e+02 7.356183528900146484e-01 2.000000000000000000e+00
7.264164733886718750e+01 0.000000000000000000e+00 1.206697082519531250e+02 4.553702545166015625e+01 5.751188397407531738e-01 2.000000000000000000e+00
3.812674255371093750e+02 9.863630294799804688e+00 4.779302368164062500e+02 7.745886993408203125e+01 5.439326763153076172e-01 2.000000000000000000e+00
7.174801635742187500e+02 1.604114990234375000e+02 7.630810546875000000e+02 2.204039611816406250e+02 5.422294735908508301e-01 2.000000000000000000e+00
1.166207519531250000e+03 2.729099121093750000e+02 1.298233032226562500e+03 3.459895935058593750e+02 5.165005922317504883e-01 2.000000000000000000e+00
6.146098632812500000e+02 2.094451141357421875e+02 6.718410644531250000e+02 2.848951416015625000e+02 4.923748373985290527e-01 2.000000000000000000e+00
0.000000000000000000e+00 5.172511672973632812e+01 6.219588470458984375e+01 1.253618850708007812e+02 4.796194732189178467e-01 2.000000000000000000e+00
6.807587890625000000e+02 2.530351409912109375e+02 6.965050048828125000e+02 2.900875549316406250e+02 4.644321203231811523e-01 0.000000000000000000e+00
2.649949951171875000e+02 3.603440093994140625e+01 2.785828552246093750e+02 6.865535736083984375e+01 4.402908682823181152e-01 0.000000000000000000e+00
5.000510864257812500e+02 4.561965026855468750e+02 5.406809082031250000e+02 4.971076965332031250e+02 4.380871951580047607e-01 3.000000000000000000e+00
1.282807739257812500e+03 2.560094299316406250e+02 1.360000000000000000e+03 3.182966003417968750e+02 4.202284514904022217e-01 2.000000000000000000e+00
9.042537841796875000e+02 6.523225708007812500e+02 9.982462158203125000e+02 7.640595703125000000e+02 3.679314553737640381e-01 7.000000000000000000e+00
3.966114807128906250e+02 6.686743774414062500e+02 5.020753173828125000e+02 7.619138183593750000e+02 3.660397827625274658e-01 2.000000000000000000e+00
5.031087646484375000e+02 4.531399841308593750e+02 5.352427978515625000e+02 4.932843627929687500e+02 3.657801747322082520e-01 0.000000000000000000e+00
9.839060668945312500e+02 5.310880737304687500e+02 1.013258300781250000e+03 5.854584350585937500e+02 3.605747520923614502e-01 9.000000000000000000e+00
2.931646423339843750e+02 1.402149505615234375e+02 3.249532775878906250e+02 1.982755737304687500e+02 3.354859352111816406e-01 0.000000000000000000e+00
7.916835021972656250e+01 8.991165924072265625e+01 1.002521286010742188e+02 1.266326141357421875e+02 3.216314017772674561e-01 0.000000000000000000e+00
1.277815551757812500e+03 2.307623291015625000e+02 1.322516479492187500e+03 2.680862121582031250e+02 3.131814002990722656e-01 0.000000000000000000e+00
9.349954223632812500e+02 1.575735015869140625e+02 9.516226196289062500e+02 1.930864868164062500e+02 3.045971691608428955e-01 0.000000000000000000e+00
9.659290771484375000e+02 5.834105224609375000e+02 9.894649047851562500e+02 6.408794555664062500e+02 3.032830357551574707e-01 0.000000000000000000e+00
8.452456665039062500e+02 1.233761138916015625e+02 8.611447753906250000e+02 1.606488037109375000e+02 3.004130125045776367e-01 0.000000000000000000e+00
1.052186279296875000e+03 5.998941040039062500e+02 1.073004882812500000e+03 6.507141723632812500e+02 2.707259654998779297e-01 0.000000000000000000e+00
8.626195678710937500e+02 7.267219238281250000e+02 8.919269409179687500e+02 7.650000000000000000e+02 2.545886635780334473e-01 0.000000000000000000e+00
