7.955890502929687500e+02 4.245360107421875000e+02 8.403977050781250000e+02 5.340920410156250000e+02 7.687019109725952148e-01 6.700000000000000000e+01
8.007514038085937500e+02 5.719385986328125000e+02 8.725161743164062500e+02 6.818565063476562500e+02 6.868850588798522949e-01 6.700000000000000000e+01
8.772402954101562500e+02 4.666568908691406250e+02 9.834362182617187500e+02 5.112388916015625000e+02 6.701509952545166016e-01 6.700000000000000000e+01
8.835708007812500000e+02 5.313680419921875000e+02 9.776229248046875000e+02 5.795361328125000000e+02 6.204764842987060547e-01 6.700000000000000000e+01
1.067044143676757812e+02 7.800258636474609375e+01 2.162459869384765625e+02 1.322880096435546875e+02 5.767379999160766602e-01 6.700000000000000000e+01
4.906481933593750000e+02 3.694334106445312500e+02 5.660866088867187500e+02 4.732327880859375000e+02 5.617364048957824707e-01 6.700000000000000000e+01
4.689914855957031250e+02 2.987048950195312500e+02 5.280048828125000000e+02 4.017901611328125000e+02 5.543558001518249512e-01 6.700000000000000000e+01
7.704313964843750000e+02 2.989302253723144531e+01 8.197056884765625000e+02 1.336336059570312500e+02 4.916228950023651123e-01 6.700000000000000000e+01
4.765424804687500000e+02 4.803334655761718750e+02 5.639838256835937500e+02 5.777656860351562500e+02 4.898260533809661865e-01 6.700000000000000000e+01
2.269719390869140625e+02 2.965670471191406250e+02 2.751570129394531250e+02 4.050286254882812500e+02 4.587971568107604980e-01 2.000000000000000000e+00
7.584442749023437500e+02 1.521607055664062500e+02 7.983720703125000000e+02 2.612216796875000000e+02 4.386473894119262695e-01 6.700000000000000000e+01
2.844270324707031250e+02 1.442113952636718750e+02 3.360662841796875000e+02 2.630923767089843750e+02 4.019000232219696045e-01 6.700000000000000000e+01
8.180570068359375000e+02 2.885446777343750000e+02 8.612282104492187500e+02 3.889845886230468750e+02 3.995627462863922119e-01 6.700000000000000000e+01
8.940557250976562500e+02 3.812321472167968750e+02 1.007736755371093750e+03 4.356948852539062500e+02 3.403176665306091309e-01 6.700000000000000000e+01
2.940895690917968750e+02 3.550140380859375000e+02 3.455562438964843750e+02 4.588313903808593750e+02 2.754713892936706543e-01 2.000000000000000000e+00
