1.464262451171875000e+03 7.936362304687500000e+02 1.526631103515625000e+03 9.589495239257812500e+02 8.705053925514221191e-01 0.000000000000000000e+00
1.256777587890625000e+03 8.238801879882812500e+02 1.307494995117187500e+03 9.856419677734375000e+02 7.923533916473388672e-01 0.000000000000000000e+00
8.789038696289062500e+02 7.313748168945312500e+02 9.088168945312500000e+02 8.309664916992187500e+02 7.396401762962341309e-01 0.000000000000000000e+00
1.084682495117187500e+03 7.791113891601562500e+02 1.132803344726562500e+03 9.125848388671875000e+02 7.372250556945800781e-01 0.000000000000000000e+00
7.096248168945312500e+02 7.406426391601562500e+02 7.448046875000000000e+02 8.581394042968750000e+02 7.065714001655578613e-01 0.000000000000000000e+00
1.175694335937500000e+03 7.804435424804687500e+02 1.215500366210937500e+03 9.109091186523437500e+02 6.920278668403625488e-01 0.000000000000000000e+00
3.769678115844726562e+01 7.740562133789062500e+02 9.144282531738281250e+01 9.252833862304687500e+02 6.911736130714416504e-01 0.000000000000000000e+00
7.888136596679687500e+02 7.338566894531250000e+02 8.247977294921875000e+02 8.492418823242187500e+02 6.463575959205627441e-01 0.000000000000000000e+00
2.560322570800781250e+02 6.741496582031250000e+02 2.840643615722656250e+02 7.652195434570312500e+02 5.884786248207092285e-01 0.000000000000000000e+00
6.079761352539062500e+02 7.009406738281250000e+02 6.316693725585937500e+02 7.776315307617187500e+02 5.755408406257629395e-01 0.000000000000000000e+00
0.000000000000000000e+00 7.671769409179687500e+02 2.680042839050292969e+01 9.121387939453125000e+02 5.312103033065795898e-01 0.000000000000000000e+00
1.138385742187500000e+03 7.781254272460937500e+02 1.179238281250000000e+03 9.141293945312500000e+02 5.219277143478393555e-01 0.000000000000000000e+00
6.418318481445312500e+02 7.923535766601562500e+02 6.896551513671875000e+02 9.022954101562500000e+02 5.093686580657958984e-01 0.000000000000000000e+00
1.253034057617187500e+03 6.721857910156250000e+02 1.288329345703125000e+03 7.534920043945312500e+02 5.020283460617065430e-01 0.000000000000000000e+00
1.140026977539062500e+03 6.487679443359375000e+02 1.172626464843750000e+03 7.503756103515625000e+02 4.860028922557830811e-01 0.000000000000000000e+00
3.110601196289062500e+02 6.846484985351562500e+02 3.414837341308593750e+02 7.561381225585937500e+02 4.687177538871765137e-01 0.000000000000000000e+00
9.418299560546875000e+02 7.204771728515625000e+02 9.821228637695312500e+02 8.482736206054687500e+02 4.590842425823211670e-01 0.000000000000000000e+00
3.592474365234375000e+02 6.409815673828125000e+02 3.877307128906250000e+02 7.171159057617187500e+02 3.738508522510528564e-01 0.000000000000000000e+00
9.130475463867187500e+02 6.984080200195312500e+02 9.472280273437500000e+02 8.048533325195312500e+02 3.714103102684020996e-01 0.000000000000000000e+00
6.586550292968750000e+02 6.692133178710937500e+02 6.874584960937500000e+02 7.730784912109375000e+02 3.451707065105438232e-01 0.000000000000000000e+00
3.914585571289062500e+02 6.433540039062500000e+02 4.147661437988281250e+02 7.127220458984375000e+02 3.389260768890380859e-01 0.000000000000000000e+00
8.538323974609375000e+02 6.227014770507812500e+02 8.789216918945312500e+02 6.934815673828125000e+02 2.833255827426910400e-01 0.000000000000000000e+00
2.910476074218750000e+02 6.356925048828125000e+02 3.154350891113281250e+02 7.046370239257812500e+02 2.746202349662780762e-01 0.000000000000000000e+00
