0.000000000000000000e+00 3.290000915527343750e+02 1.584631652832031250e+02 4.223602905273437500e+02 9.231035709381103516e-01 2.000000000000000000e+00
2.168903350830078125e-01 1.170509719848632812e+02 1.179818878173828125e+02 1.947143707275390625e+02 8.225842714309692383e-01 2.000000000000000000e+00
5.413120117187500000e+02 1.112642364501953125e+02 6.114425048828125000e+02 1.869692840576171875e+02 7.965889573097229004e-01 2.000000000000000000e+00
4.994360351562500000e+02 5.479145431518554688e+01 5.764219970703125000e+02 1.154014129638671875e+02 7.662436366081237793e-01 2.000000000000000000e+00
4.744743347167968750e+02 0.000000000000000000e+00 5.398807983398437500e+02 3.344010162353515625e+01 6.390047669410705566e-01 2.000000000000000000e+00
3.113123474121093750e+02 5.204899597167968750e+01 3.672197875976562500e+02 1.192541275024414062e+02 6.056259274482727051e-01 2.000000000000000000e+00
1.748514175415039062e-01 2.590410156250000000e+02 2.367152595520019531e+01 3.208195190429687500e+02 5.882016420364379883e-01 0.000000000000000000e+00
1.086750610351562500e+03 6.347826538085937500e+02 1.148995117187500000e+03 7.158685913085937500e+02 5.285285711288452148e-01 3.000000000000000000e+00
1.613415374755859375e+02 2.483672180175781250e+02 1.954656219482421875e+02 3.110771484375000000e+02 5.213106870651245117e-01 0.000000000000000000e+00
9.398791503906250000e+01 0.000000000000000000e+00 1.975247955322265625e+02 3.023591613769531250e+01 5.184087157249450684e-01 2.000000000000000000e+00
2.832615661621093750e+02 1.091447906494140625e+02 3.371069030761718750e+02 1.750786895751953125e+02 4.983720183372497559e-01 2.000000000000000000e+00
1.617405242919921875e+02 2.492994689941406250e+02 1.967454986572265625e+02 3.153037109375000000e+02 4.911704063415527344e-01 3.000000000000000000e+00
4.712871170043945312e+01 2.357914352416992188e+01 1.336890716552734375e+02 1.079227371215820312e+02 4.552085399627685547e-01 7.000000000000000000e+00
1.085526977539062500e+03 6.310226440429687500e+02 1.143377441406250000e+03 7.092998046875000000e+02 4.472010731697082520e-01 0.000000000000000000e+00
3.036354064941406250e+02 6.315821533203125000e+02 3.658035888671875000e+02 7.074337768554687500e+02 4.453570544719696045e-01 3.000000000000000000e+00
3.009833374023437500e+02 6.295676879882812500e+02 3.646747131347656250e+02 7.048421630859375000e+02 4.417878091335296631e-01 0.000000000000000000e+00
1.055848632812500000e+03 6.175594482421875000e+02 1.093843261718750000e+03 6.821848144531250000e+02 4.326436221599578857e-01 0.000000000000000000e+00
8.673794555664062500e+02 4.009286193847656250e+02 9.244343261718750000e+02 4.513560485839843750e+02 4.318794310092926025e-01 3.000000000000000000e+00
5.872575073242187500e+02 5.755725860595703125e+01 6.249242553710937500e+02 8.687947845458984375e+01 3.972823321819305420e-01 2.000000000000000000e+00
5.157792968750000000e+02 1.426985359191894531e+01 5.695919799804687500e+02 5.416233825683593750e+01 3.968472778797149658e-01 2.000000000000000000e+00
1.893140563964843750e+02 1.488756408691406250e+02 2.182123413085937500e+02 1.993669586181640625e+02 3.468290567398071289e-01 0.000000000000000000e+00
1.057237060546875000e+03 6.193062133789062500e+02 1.094650512695312500e+03 6.857819824218750000e+02 2.855943441390991211e-01 3.000000000000000000e+00
2.826900024414062500e+02 1.095967254638671875e+02 3.356844787597656250e+02 1.764894409179687500e+02 2.774112820625305176e-01 7.000000000000000000e+00
6.261654052734375000e+02 1.740059375762939453e+00 6.595382080078125000e+02 2.477561950683593750e+01 2.647807598114013672e-01 9.000000000000000000e+00
1.254410278320312500e+03 3.553253784179687500e+02 1.307679565429687500e+03 4.068701782226562500e+02 2.593341171741485596e-01 3.000000000000000000e+00
