7.907946166992187500e+02 5.945875244140625000e+02 8.314776611328125000e+02 6.967623901367187500e+02 8.592393994331359863e-01 0.000000000000000000e+00
4.862518310546875000e+02 1.463929290771484375e+02 5.419351806640625000e+02 1.770458984375000000e+02 4.795534908771514893e-01 2.000000000000000000e+00
8.821314697265625000e+02 2.675343017578125000e+02 9.251389770507812500e+02 3.036793518066406250e+02 4.146878421306610107e-01 1.000000000000000000e+00
5.047393493652343750e+02 1.976785125732421875e+02 5.456210937500000000e+02 2.316842956542968750e+02 4.099816083908081055e-01 2.000000000000000000e+00
1.156561645507812500e+03 2.638558654785156250e+02 1.174299560546875000e+03 3.123281555175781250e+02 4.057525694370269775e-01 0.000000000000000000e+00
4.727051696777343750e+02 7.665202331542968750e+01 5.545481567382812500e+02 1.251857223510742188e+02 3.583169579505920410e-01 7.000000000000000000e+00
3.852142028808593750e+02 2.136494903564453125e+02 4.414888305664062500e+02 2.463195495605468750e+02 3.562490344047546387e-01 2.000000000000000000e+00
8.829299926757812500e+02 3.645141296386718750e+02 9.190192871093750000e+02 4.181464538574218750e+02 3.478566408157348633e-01 0.000000000000000000e+00
4.406172790527343750e+02 1.367016448974609375e+02 4.534627990722656250e+02 1.657294464111328125e+02 3.418502509593963623e-01 0.000000000000000000e+00
7.206447753906250000e+02 2.389056091308593750e+02 7.676998291015625000e+02 2.704017028808593750e+02 3.133765757083892822e-01 2.000000000000000000e+00
5.550614013671875000e+02 2.022199859619140625e+02 5.742252807617187500e+02 2.358755645751953125e+02 3.118912875652313232e-01 0.000000000000000000e+00
4.757529296875000000e+02 1.414926300048828125e+02 5.271820068359375000e+02 1.669630584716796875e+02 3.036191761493682861e-01 2.000000000000000000e+00
8.233910369873046875e+01 1.864136810302734375e+02 1.296933135986328125e+02 2.192470855712890625e+02 3.034352362155914307e-01 7.000000000000000000e+00
7.658852539062500000e+02 3.093950805664062500e+02 7.891810302734375000e+02 3.651262817382812500e+02 2.921064496040344238e-01 3.000000000000000000e+00
5.023395996093750000e+02 1.955603027343750000e+02 5.464468383789062500e+02 2.315575866699218750e+02 2.839596271514892578e-01 7.000000000000000000e+00
7.670870971679687500e+02 3.098760070800781250e+02 7.880669555664062500e+02 3.612920837402343750e+02 2.696673870086669922e-01 0.000000000000000000e+00
2.913020935058593750e+02 3.532858581542968750e+02 3.081652832031250000e+02 3.869848937988281250e+02 2.503745257854461670e-01 0.000000000000000000e+00
