5.850000000000000000e+02 5.669469604492187500e+02 6.573901977539062500e+02 6.890307006835937500e+02 7.637616395950317383e-01 2.000000000000000000e+00
1.485970001220703125e+02 3.589410705566406250e+02 2.377946319580078125e+02 4.486232299804687500e+02 6.587784886360168457e-01 2.000000000000000000e+00
7.199253540039062500e+02 4.927372741699218750e+02 7.825431518554687500e+02 5.937880859375000000e+02 6.293025612831115723e-01 2.000000000000000000e+00
5.911532592773437500e+02 3.461005401611328125e+01 6.203137207031250000e+02 6.668085479736328125e+01 5.558035373687744141e-01 2.000000000000000000e+00
3.128262023925781250e+02 1.913426666259765625e+02 3.681256103515625000e+02 2.425515136718750000e+02 5.508636236190795898e-01 2.000000000000000000e+00
7.249156494140625000e+02 3.373339843750000000e+02 7.763046264648437500e+02 4.041081237792968750e+02 5.163143277168273926e-01 2.000000000000000000e+00
4.477639770507812500e+02 4.260221099853515625e+01 4.778243408203125000e+02 7.282303619384765625e+01 5.087237954139709473e-01 2.000000000000000000e+00
7.061707763671875000e+02 3.024743080139160156e+01 7.334937133789062500e+02 5.871649932861328125e+01 4.907754957675933838e-01 8.000000000000000000e+00
6.457496948242187500e+02 3.091467285156250000e+02 6.972763671875000000e+02 3.779548950195312500e+02 4.669593572616577148e-01 2.000000000000000000e+00
4.415532836914062500e+02 8.611293029785156250e+01 4.805057373046875000e+02 1.312584533691406250e+02 4.427733421325683594e-01 2.000000000000000000e+00
6.469212646484375000e+02 3.106487731933593750e+02 6.976279907226562500e+02 3.787680053710937500e+02 4.237931966781616211e-01 7.000000000000000000e+00
7.247983398437500000e+02 3.392061157226562500e+02 7.794518432617187500e+02 4.038601074218750000e+02 4.032815992832183838e-01 7.000000000000000000e+00
3.799177856445312500e+02 1.146581878662109375e+02 4.252803649902343750e+02 1.583567504882812500e+02 3.188521265983581543e-01 2.000000000000000000e+00
7.057212524414062500e+02 3.052560424804687500e+01 7.334784545898437500e+02 5.699815750122070312e+01 3.029515147209167480e-01 2.000000000000000000e+00
8.206013793945312500e+02 6.007162475585937500e+02 8.420527954101562500e+02 6.529688720703125000e+02 2.705544829368591309e-01 0.000000000000000000e+00
