8.369000854492187500e+02 1.281127166748046875e+02 8.631708984375000000e+02 1.757767791748046875e+02 6.722436547279357910e-01 0.000000000000000000e+00
1.178697631835937500e+03 6.451503906250000000e+02 1.354126586914062500e+03 7.493978271484375000e+02 6.442330479621887207e-01 2.000000000000000000e+00
3.478943481445312500e+02 6.622082519531250000e+01 4.894351806640625000e+02 2.295488739013671875e+02 5.733380317687988281e-01 7.000000000000000000e+00
8.103188476562500000e+02 0.000000000000000000e+00 9.856430053710937500e+02 8.371239471435546875e+01 5.245192050933837891e-01 7.000000000000000000e+00
4.936703491210937500e+02 1.182957916259765625e+02 6.242072753906250000e+02 2.008921966552734375e+02 5.097805857658386230e-01 2.000000000000000000e+00
6.176644897460937500e+02 6.227026977539062500e+02 7.809477539062500000e+02 7.650000000000000000e+02 4.792006313800811768e-01 2.000000000000000000e+00
5.532442626953125000e+02 3.063220825195312500e+02 6.825155639648437500e+02 3.837414550781250000e+02 4.543507695198059082e-01 2.000000000000000000e+00
5.216922607421875000e+02 2.109688262939453125e+02 6.664345092773437500e+02 2.948873901367187500e+02 4.351876676082611084e-01 2.000000000000000000e+00
5.523292236328125000e+02 5.792252731323242188e+01 6.366008300781250000e+02 1.112462463378906250e+02 4.109821021556854248e-01 2.000000000000000000e+00
5.543084716796875000e+02 3.061991271972656250e+02 6.807913818359375000e+02 3.826141052246093750e+02 3.895503282546997070e-01 2.500000000000000000e+01
1.072746582031250000e+03 1.661476745605468750e+02 1.338894042968750000e+03 4.283371582031250000e+02 3.785752356052398682e-01 7.000000000000000000e+00
5.540697021484375000e+02 2.577243652343750000e+02 6.811326293945312500e+02 3.172282104492187500e+02 3.592477738857269287e-01 2.000000000000000000e+00
8.142869873046875000e+02 6.207995414733886719e-01 8.776726684570312500e+02 3.521929931640625000e+01 3.542005121707916260e-01 2.000000000000000000e+00
4.963573913574218750e+02 6.353077316284179688e+01 6.318103027343750000e+02 1.220474243164062500e+02 3.338586986064910889e-01 2.000000000000000000e+00
5.651773071289062500e+02 4.638153686523437500e+02 6.424259033203125000e+02 5.066754150390625000e+02 2.871375977993011475e-01 3.000000000000000000e+00
1.247545776367187500e+03 7.129959106445312500e+02 1.358887084960937500e+03 7.647706298828125000e+02 2.652798295021057129e-01 2.000000000000000000e+00
