4.191166381835937500e+02 2.603265380859375000e+02 4.529534301757812500e+02 2.924462585449218750e+02 8.043969273567199707e-01 2.000000000000000000e+00
3.201387023925781250e+02 2.177591552734375000e+02 3.491410522460937500e+02 2.459455871582031250e+02 7.556553483009338379e-01 2.000000000000000000e+00
1.466374664306640625e+02 2.651872863769531250e+02 1.808034210205078125e+02 3.039913330078125000e+02 7.145903110504150391e-01 2.000000000000000000e+00
2.408701171875000000e+02 3.503098754882812500e+02 2.764940185546875000e+02 4.080153198242187500e+02 6.415455937385559082e-01 2.000000000000000000e+00
2.095310668945312500e+02 6.622313690185546875e+01 2.275714416503906250e+02 8.621726989746093750e+01 5.184782743453979492e-01 2.000000000000000000e+00
3.068574829101562500e+02 8.689503479003906250e+01 3.241842956542968750e+02 1.026513290405273438e+02 5.039688348770141602e-01 2.000000000000000000e+00
8.209385375976562500e+02 2.157904357910156250e+02 9.586887817382812500e+02 5.089132690429687500e+02 4.666669964790344238e-01 5.000000000000000000e+00
4.525697021484375000e+02 1.571991424560546875e+02 4.783857421875000000e+02 1.756352386474609375e+02 4.600902795791625977e-01 2.000000000000000000e+00
2.222353515625000000e+02 1.338161773681640625e+02 2.483173522949218750e+02 1.882209777832031250e+02 4.061221778392791748e-01 5.000000000000000000e+00
4.637537841796875000e+02 4.331238098144531250e+02 4.763511657714843750e+02 4.617717590332031250e+02 3.915038406848907471e-01 0.000000000000000000e+00
4.729409484863281250e+02 4.016695861816406250e+02 5.036807861328125000e+02 4.506836242675781250e+02 3.807218670845031738e-01 2.000000000000000000e+00
7.058925170898437500e+02 4.904890136718750000e+02 7.793787231445312500e+02 5.396892700195312500e+02 3.730272352695465088e-01 7.000000000000000000e+00
2.209617614746093750e+02 1.302109985351562500e+02 2.486105499267578125e+02 1.886973266601562500e+02 3.714196383953094482e-01 7.000000000000000000e+00
7.647338867187500000e+01 2.864211730957031250e+02 1.110558776855468750e+02 3.218382568359375000e+02 3.662767708301544189e-01 2.000000000000000000e+00
5.659988403320312500e+02 2.982078857421875000e+02 5.828150634765625000e+02 3.271381835937500000e+02 3.655503988265991211e-01 0.000000000000000000e+00
9.188411712646484375e+01 2.659323120117187500e+02 1.150286483764648438e+02 2.931198120117187500e+02 2.739260196685791016e-01 2.000000000000000000e+00
4.405533142089843750e+02 4.316638488769531250e+02 4.541251831054687500e+02 4.618544616699218750e+02 2.668715715408325195e-01 0.000000000000000000e+00
