6.160977783203125000e+02 5.146419067382812500e+02 6.833936767578125000e+02 6.395084838867187500e+02 8.437963724136352539e-01 2.000000000000000000e+00
8.109822998046875000e+02 5.400610351562500000e+02 8.842313842773437500e+02 6.503900756835937500e+02 8.059638142585754395e-01 2.000000000000000000e+00
7.078832397460937500e+02 3.362413330078125000e+02 7.680850219726562500e+02 4.208851013183593750e+02 7.851992249488830566e-01 2.000000000000000000e+00
7.429288940429687500e+02 2.310708770751953125e+02 7.831779174804687500e+02 2.841887207031250000e+02 7.746983170509338379e-01 2.000000000000000000e+00
6.301724243164062500e+02 3.247145385742187500e+02 6.903856201171875000e+02 4.086720581054687500e+02 7.630067467689514160e-01 2.000000000000000000e+00
1.106535766601562500e+03 4.681988830566406250e+02 1.128366577148437500e+03 5.259808349609375000e+02 6.947279572486877441e-01 0.000000000000000000e+00
0.000000000000000000e+00 4.971628112792968750e+02 1.357335815429687500e+02 6.374434204101562500e+02 6.904203891754150391e-01 7.000000000000000000e+00
8.909647216796875000e+02 7.019580078125000000e+01 9.189173583984375000e+02 9.960760498046875000e+01 6.659027338027954102e-01 2.000000000000000000e+00
7.329855957031250000e+02 1.105349884033203125e+02 7.660461425781250000e+02 1.458979034423828125e+02 6.216568350791931152e-01 2.000000000000000000e+00
7.602713623046875000e+02 1.529130249023437500e+02 8.013563232421875000e+02 1.936054229736328125e+02 5.902007818222045898e-01 2.000000000000000000e+00
7.817274780273437500e+02 6.658788299560546875e+01 8.111999511718750000e+02 9.405480194091796875e+01 5.265209674835205078e-01 2.000000000000000000e+00
7.707493286132812500e+02 1.196937942504882812e+02 8.041860351562500000e+02 1.517376708984375000e+02 4.813450276851654053e-01 2.000000000000000000e+00
8.726221313476562500e+02 5.645842552185058594e+00 8.998576660156250000e+02 3.995923233032226562e+01 4.578088819980621338e-01 2.000000000000000000e+00
1.182024612426757812e+02 5.900540161132812500e+02 2.065760498046875000e+02 6.919448242187500000e+02 3.946496546268463135e-01 7.000000000000000000e+00
9.301322021484375000e+02 4.084965515136718750e+02 9.514832153320312500e+02 4.555640563964843750e+02 3.764162957668304443e-01 0.000000000000000000e+00
3.950471496582031250e+02 3.199295349121093750e+02 5.022928466796875000e+02 3.874472961425781250e+02 3.760981857776641846e-01 7.000000000000000000e+00
1.094479370117187500e+03 1.296235504150390625e+02 1.120902343750000000e+03 1.527527465820312500e+02 3.429118394851684570e-01 2.000000000000000000e+00
1.063955932617187500e+03 4.661393737792968750e+02 1.090174560546875000e+03 5.042536621093750000e+02 3.075188100337982178e-01 0.000000000000000000e+00
7.667556762695312500e+02 1.253614807128906250e+02 8.034075317382812500e+02 1.751241760253906250e+02 2.982088029384613037e-01 2.000000000000000000e+00
9.289234008789062500e+02 4.106479797363281250e+02 9.518650512695312500e+02 4.572054443359375000e+02 2.955789864063262939e-01 3.000000000000000000e+00
