1.011721862792968750e+03 2.981761169433593750e+02 1.081390869140625000e+03 3.400384521484375000e+02 8.455179929733276367e-01 2.000000000000000000e+00
4.785390625000000000e+02 2.423511047363281250e+02 5.283047485351562500e+02 2.942695007324218750e+02 8.171184062957763672e-01 2.000000000000000000e+00
6.820900268554687500e+02 2.798517456054687500e+02 7.298357543945312500e+02 3.259382934570312500e+02 7.976408600807189941e-01 2.000000000000000000e+00
1.824677581787109375e+02 2.252072753906250000e+02 2.683499450683593750e+02 2.605864257812500000e+02 7.724881768226623535e-01 2.000000000000000000e+00
1.267580566406250000e+03 3.047578735351562500e+02 1.360000000000000000e+03 3.486634216308593750e+02 7.432320117950439453e-01 2.000000000000000000e+00
6.197835083007812500e+02 1.242649154663085938e+02 6.450643310546875000e+02 1.483565063476562500e+02 7.021576762199401855e-01 2.000000000000000000e+00
9.432821655273437500e+02 2.261118164062500000e+02 9.941007080078125000e+02 2.664281005859375000e+02 6.520800590515136719e-01 2.000000000000000000e+00
5.088876342773437500e+02 1.951246490478515625e+02 5.452994384765625000e+02 2.302724304199218750e+02 6.454233527183532715e-01 2.000000000000000000e+00
9.577264404296875000e+02 3.094990844726562500e+02 9.733321533203125000e+02 3.522065124511718750e+02 5.895689725875854492e-01 0.000000000000000000e+00
4.825198974609375000e+02 3.296716918945312500e+02 5.022174072265625000e+02 3.841225280761718750e+02 5.567789077758789062e-01 0.000000000000000000e+00
6.620819091796875000e+02 7.793853759765625000e+01 6.822687988281250000e+02 9.762784576416015625e+01 5.481032729148864746e-01 2.000000000000000000e+00
8.220690917968750000e+02 3.309005126953125000e+02 8.461552734375000000e+02 3.784871520996093750e+02 5.333952307701110840e-01 0.000000000000000000e+00
3.463883056640625000e+02 6.787307128906250000e+02 4.705356140136718750e+02 7.610311279296875000e+02 5.269159674644470215e-01 2.000000000000000000e+00
4.055257568359375000e+02 3.162841491699218750e+02 4.823014831542968750e+02 3.830091857910156250e+02 5.246565341949462891e-01 2.000000000000000000e+00
1.262095947265625000e+03 2.196996307373046875e+02 1.326115478515625000e+03 2.601596374511718750e+02 5.119932889938354492e-01 2.000000000000000000e+00
5.553864135742187500e+02 1.383900604248046875e+02 5.816276245117187500e+02 1.686560974121093750e+02 5.075777769088745117e-01 2.000000000000000000e+00
5.737730102539062500e+02 1.089126586914062500e+02 5.995198364257812500e+02 1.363813781738281250e+02 4.189692139625549316e-01 2.000000000000000000e+00
2.996276021003723145e-01 3.485834350585937500e+02 2.132091331481933594e+01 4.029848632812500000e+02 4.139551222324371338e-01 2.000000000000000000e+00
6.861999511718750000e+02 1.045132751464843750e+02 7.044584350585937500e+02 1.219417648315429688e+02 4.026433229446411133e-01 2.000000000000000000e+00
5.328737182617187500e+02 1.613522644042968750e+02 5.598476562500000000e+02 1.891353149414062500e+02 3.864076733589172363e-01 2.000000000000000000e+00
7.626768798828125000e+02 3.267246398925781250e+02 7.918270263671875000e+02 3.656837768554687500e+02 3.854018151760101318e-01 0.000000000000000000e+00
7.618831787109375000e+02 3.276661071777343750e+02 7.921259155273437500e+02 3.672131652832031250e+02 3.287541568279266357e-01 3.000000000000000000e+00
1.376566925048828125e+02 3.185349121093750000e+02 1.665515441894531250e+02 3.858177490234375000e+02 3.069769144058227539e-01 0.000000000000000000e+00
