6.858173828125000000e+02 4.680761108398437500e+02 8.017779541015625000e+02 5.265556640625000000e+02 8.714632987976074219e-01 2.000000000000000000e+00
6.554212646484375000e+02 3.514908142089843750e+02 7.500109863281250000e+02 3.901179809570312500e+02 7.715080976486206055e-01 2.000000000000000000e+00
4.357759704589843750e+02 5.335140380859375000e+02 5.755277099609375000e+02 5.909314575195312500e+02 7.382856607437133789e-01 2.000000000000000000e+00
8.531209106445312500e+02 3.484004516601562500e+02 8.961163330078125000e+02 3.915696411132812500e+02 7.324326634407043457e-01 2.000000000000000000e+00
7.601355590820312500e+02 3.475338134765625000e+02 8.003453369140625000e+02 3.906500549316406250e+02 6.908530592918395996e-01 2.000000000000000000e+00
8.035415649414062500e+02 3.508207092285156250e+02 8.452685546875000000e+02 3.915900573730468750e+02 5.849871635437011719e-01 2.000000000000000000e+00
5.233845825195312500e+02 6.467983398437500000e+02 6.551121826171875000e+02 7.288746948242187500e+02 5.741382241249084473e-01 7.000000000000000000e+00
9.976222534179687500e+02 1.313678283691406250e+02 1.034584106445312500e+03 1.496280822753906250e+02 5.663025975227355957e-01 2.000000000000000000e+00
8.100123901367187500e+02 3.075162353515625000e+02 8.761950683593750000e+02 3.476263732910156250e+02 5.371887683868408203e-01 2.000000000000000000e+00
6.159902954101562500e+02 3.278730163574218750e+02 6.549489746093750000e+02 3.703521423339843750e+02 5.240725874900817871e-01 7.000000000000000000e+00
8.905820922851562500e+02 3.006729736328125000e+02 9.281405029296875000e+02 3.424690246582031250e+02 5.213350653648376465e-01 2.000000000000000000e+00
4.776251831054687500e+02 4.224575805664062500e+02 5.765307617187500000e+02 4.707226257324218750e+02 4.760490059852600098e-01 2.000000000000000000e+00
7.887266845703125000e+02 2.422681427001953125e+02 8.517860107421875000e+02 2.832981262207031250e+02 4.731115400791168213e-01 2.000000000000000000e+00
9.182229003906250000e+02 1.831093139648437500e+02 9.516738891601562500e+02 2.111277008056640625e+02 4.693787097930908203e-01 2.000000000000000000e+00
4.972532348632812500e+02 5.087828674316406250e+02 6.085385742187500000e+02 5.618966674804687500e+02 4.413050711154937744e-01 2.000000000000000000e+00
3.082100219726562500e+02 1.417383728027343750e+02 4.282897033691406250e+02 2.183527679443359375e+02 4.229767024517059326e-01 7.000000000000000000e+00
8.947048950195312500e+02 3.513255615234375000e+02 9.509215698242187500e+02 3.972297973632812500e+02 4.152408838272094727e-01 2.000000000000000000e+00
4.957890625000000000e+02 4.537912597656250000e+02 6.092144165039062500e+02 5.371307373046875000e+02 4.140177071094512939e-01 2.000000000000000000e+00
8.076462402343750000e+02 2.538534240722656250e+02 8.491969604492187500e+02 2.864902648925781250e+02 4.100134968757629395e-01 2.000000000000000000e+00
3.299361572265625000e+02 2.592490844726562500e+02 5.206599731445312500e+02 3.754507446289062500e+02 3.924764096736907959e-01 7.000000000000000000e+00
5.831212768554687500e+02 3.315297546386718750e+02 6.149507446289062500e+02 3.685021057128906250e+02 3.593974411487579346e-01 7.000000000000000000e+00
4.289838075637817383e-01 3.834274902343750000e+02 5.776306915283203125e+01 4.521230468750000000e+02 3.490668535232543945e-01 2.000000000000000000e+00
5.834317626953125000e+02 3.328297119140625000e+02 6.148837890625000000e+02 3.679823608398437500e+02 3.479343652725219727e-01 2.000000000000000000e+00
8.429329872131347656e+00 3.984271545410156250e+02 1.368798522949218750e+02 4.594418029785156250e+02 3.300526142120361328e-01 2.000000000000000000e+00
1.208986328125000000e+03 1.423249664306640625e+02 1.257549316406250000e+03 1.639020080566406250e+02 3.067214190959930420e-01 2.000000000000000000e+00
3.172412414550781250e+02 2.445782775878906250e+02 4.583117675781250000e+02 3.299820251464843750e+02 2.924041450023651123e-01 7.000000000000000000e+00
1.278074096679687500e+03 4.083699645996093750e+02 1.290114990234375000e+03 4.260384521484375000e+02 2.500809431076049805e-01 9.000000000000000000e+00
