0.000000000000000000e+00 3.495909729003906250e+02 2.704034614562988281e+01 3.695923461914062500e+02 4.528528749942779541e-01 2.000000000000000000e+00
5.792438964843750000e+02 4.981376953125000000e+02 5.967149047851562500e+02 5.336061401367187500e+02 4.472586512565612793e-01 0.000000000000000000e+00
2.694186706542968750e+02 1.863694305419921875e+02 2.959183959960937500e+02 2.084116210937500000e+02 4.107483327388763428e-01 2.000000000000000000e+00
6.846190185546875000e+02 3.695244140625000000e+02 7.319418945312500000e+02 4.172314453125000000e+02 4.085904061794281006e-01 2.000000000000000000e+00
4.800535583496093750e+02 2.957211914062500000e+02 4.904610900878906250e+02 3.186802062988281250e+02 3.837477266788482666e-01 0.000000000000000000e+00
4.491601867675781250e+02 2.828724060058593750e+02 4.573439941406250000e+02 3.017224731445312500e+02 3.630160391330718994e-01 9.000000000000000000e+00
4.487807312011718750e+02 2.827095336914062500e+02 4.578931579589843750e+02 3.020915222167968750e+02 3.546034693717956543e-01 0.000000000000000000e+00
7.813755493164062500e+02 5.211871337890625000e+02 7.932614746093750000e+02 5.398655395507812500e+02 3.444215059280395508e-01 0.000000000000000000e+00
4.775357971191406250e+02 3.503637084960937500e+02 4.899009094238281250e+02 3.792013854980468750e+02 3.326185941696166992e-01 0.000000000000000000e+00
3.006637573242187500e+01 3.257647705078125000e+02 6.338912200927734375e+01 3.406471862792968750e+02 3.142444491386413574e-01 2.000000000000000000e+00
5.471231689453125000e+02 2.218849182128906250e+02 5.749850463867187500e+02 2.423093261718750000e+02 3.127685487270355225e-01 2.000000000000000000e+00
4.420739135742187500e+02 2.041118927001953125e+02 4.598476867675781250e+02 2.209380035400390625e+02 2.951951324939727783e-01 2.000000000000000000e+00
3.729338684082031250e+02 3.882723999023437500e+02 4.075474853515625000e+02 4.335868835449218750e+02 2.868797183036804199e-01 2.000000000000000000e+00
3.740525817871093750e+02 3.874808349609375000e+02 4.070319213867187500e+02 4.336287231445312500e+02 2.606554627418518066e-01 7.000000000000000000e+00
3.132740478515625000e+02 1.558694915771484375e+02 3.245964660644531250e+02 1.745674591064453125e+02 2.574269175529479980e-01 0.000000000000000000e+00
