8.479239501953125000e+02 4.338025207519531250e+02 9.824504394531250000e+02 5.036218261718750000e+02 9.034719467163085938e-01 2.000000000000000000e+00
6.057258911132812500e+02 4.111137695312500000e+02 7.383854980468750000e+02 4.776298828125000000e+02 9.008446931838989258e-01 2.000000000000000000e+00
4.711631774902343750e+02 4.845999755859375000e+02 6.155435180664062500e+02 5.685503540039062500e+02 9.007077217102050781e-01 2.000000000000000000e+00
2.454429168701171875e+02 4.780489501953125000e+02 3.886210021972656250e+02 5.561339111328125000e+02 8.329499363899230957e-01 2.000000000000000000e+00
3.082475662231445312e-01 6.830181884765625000e+02 1.083270111083984375e+02 7.581611328125000000e+02 8.257095217704772949e-01 2.000000000000000000e+00
4.527304992675781250e+02 2.440728149414062500e+02 5.228634643554687500e+02 2.906154785156250000e+02 7.517008185386657715e-01 2.000000000000000000e+00
4.064452819824218750e+02 1.883896789550781250e+02 4.787087097167968750e+02 2.319216003417968750e+02 7.474608421325683594e-01 2.000000000000000000e+00
5.317896728515625000e+02 2.841428222656250000e+02 5.786357421875000000e+02 3.492864379882812500e+02 7.465921044349670410e-01 2.000000000000000000e+00
1.073866455078125000e+03 4.100606384277343750e+02 1.211874511718750000e+03 4.752399291992187500e+02 6.813119649887084961e-01 2.000000000000000000e+00
4.866791992187500000e+02 1.544379119873046875e+02 5.712477416992187500e+02 2.104916992187500000e+02 6.462792158126831055e-01 2.000000000000000000e+00
6.817390136718750000e+02 3.151408081054687500e+02 7.386114501953125000e+02 3.885906677246093750e+02 6.455705165863037109e-01 2.000000000000000000e+00
0.000000000000000000e+00 2.308461303710937500e+02 8.638852691650390625e+01 3.724670104980468750e+02 5.346178412437438965e-01 8.000000000000000000e+00
4.871533813476562500e+02 1.124464874267578125e+02 5.369584960937500000e+02 1.603272094726562500e+02 4.513565599918365479e-01 2.000000000000000000e+00
1.008718444824218750e+03 3.909257202148437500e+02 1.043599365234375000e+03 4.241669006347656250e+02 4.408484995365142822e-01 3.000000000000000000e+00
3.964511718750000000e+02 2.561512451171875000e+02 4.230431213378906250e+02 3.014202575683593750e+02 4.172720611095428467e-01 0.000000000000000000e+00
8.437864990234375000e+02 3.696774902343750000e+02 8.693469238281250000e+02 4.067731628417968750e+02 3.855422437191009521e-01 0.000000000000000000e+00
1.224562255859375000e+03 3.851130981445312500e+02 1.349453247070312500e+03 4.525342407226562500e+02 3.853955566883087158e-01 2.000000000000000000e+00
1.030161010742187500e+03 6.103323364257812500e+02 1.056038818359375000e+03 6.617560424804687500e+02 3.819432854652404785e-01 9.000000000000000000e+00
7.880369873046875000e+02 2.838342285156250000e+02 8.296830444335937500e+02 3.375337829589843750e+02 3.788997232913970947e-01 2.000000000000000000e+00
3.011298217773437500e+02 3.991107177734375000e+01 3.140829772949218750e+02 6.738443756103515625e+01 3.728050887584686279e-01 0.000000000000000000e+00
2.415122985839843750e+02 1.587685546875000000e+02 2.551026306152343750e+02 1.878969116210937500e+02 3.554396927356719971e-01 0.000000000000000000e+00
2.705646362304687500e+02 1.941624879837036133e+00 3.046298828125000000e+02 4.463348007202148438e+01 3.252388238906860352e-01 2.000000000000000000e+00
9.985493164062500000e+02 2.882231445312500000e+02 1.014094848632812500e+03 3.179683837890625000e+02 3.247147798538208008e-01 0.000000000000000000e+00
8.408348388671875000e+02 3.710603942871093750e+02 8.728253784179687500e+02 4.079364929199218750e+02 3.108752071857452393e-01 3.000000000000000000e+00
2.622640419006347656e+01 1.985505828857421875e+02 5.996437835693359375e+01 2.341479949951171875e+02 3.060773909091949463e-01 2.000000000000000000e+00
3.589532165527343750e+02 1.189634084701538086e+00 3.856157226562500000e+02 1.823622131347656250e+01 3.054189085960388184e-01 2.000000000000000000e+00
1.335022705078125000e+03 2.749801330566406250e+02 1.360000000000000000e+03 3.392734680175781250e+02 2.843427360057830811e-01 0.000000000000000000e+00
1.665204620361328125e+02 3.952030944824218750e+01 2.309623870849609375e+02 6.506560516357421875e+01 2.754624485969543457e-01 2.000000000000000000e+00
5.751494598388671875e+01 5.062621765136718750e+02 9.135832977294921875e+01 5.525282592773437500e+02 2.507370412349700928e-01 0.000000000000000000e+00
