7.985528564453125000e+02 5.456351318359375000e+02 8.577315673828125000e+02 6.055269165039062500e+02 8.335862755775451660e-01 2.000000000000000000e+00
7.247335205078125000e+02 3.334761657714843750e+02 7.708569335937500000e+02 3.576144409179687500e+02 8.143800497055053711e-01 2.000000000000000000e+00
7.176307983398437500e+02 5.620975341796875000e+02 7.778013305664062500e+02 6.286268310546875000e+02 7.283238768577575684e-01 2.000000000000000000e+00
6.932147216796875000e+02 3.083202209472656250e+02 7.180943603515625000e+02 3.318781127929687500e+02 6.741897463798522949e-01 2.000000000000000000e+00
2.492748260498046875e+02 5.010052490234375000e+02 3.277107849121093750e+02 5.647135009765625000e+02 6.280680298805236816e-01 2.000000000000000000e+00
6.314955444335937500e+02 3.305455322265625000e+02 6.639522705078125000e+02 3.567177124023437500e+02 6.179891824722290039e-01 2.000000000000000000e+00
6.301321411132812500e+02 3.858656921386718750e+02 6.655750732421875000e+02 4.379737243652343750e+02 5.936635732650756836e-01 2.000000000000000000e+00
6.449015502929687500e+02 2.669427795410156250e+02 6.685380249023437500e+02 2.862769165039062500e+02 5.928611159324645996e-01 2.000000000000000000e+00
1.053130981445312500e+03 5.142669067382812500e+02 1.068916992187500000e+03 5.557352905273437500e+02 5.409562587738037109e-01 0.000000000000000000e+00
7.138028564453125000e+02 2.499132080078125000e+02 7.449849853515625000e+02 2.680072937011718750e+02 5.364959836006164551e-01 2.000000000000000000e+00
8.225100708007812500e+02 2.820586242675781250e+02 8.510239257812500000e+02 3.078395690917968750e+02 4.972290098667144775e-01 2.000000000000000000e+00
6.223062133789062500e+02 2.912438354492187500e+02 6.430872192382812500e+02 3.079358520507812500e+02 4.185486733913421631e-01 2.000000000000000000e+00
6.449538574218750000e+02 2.986405334472656250e+02 6.670601196289062500e+02 3.229515991210937500e+02 3.892740011215209961e-01 2.000000000000000000e+00
4.212076416015625000e+02 3.698719482421875000e+02 4.460278320312500000e+02 3.940086059570312500e+02 3.597995042800903320e-01 2.000000000000000000e+00
1.601283721923828125e+02 5.137640991210937500e+02 1.926186676025390625e+02 5.299932250976562500e+02 3.530525863170623779e-01 2.000000000000000000e+00
2.439402008056640625e+02 5.745554199218750000e+02 2.650736694335937500e+02 6.124938964843750000e+02 3.491448462009429932e-01 0.000000000000000000e+00
6.383757934570312500e+02 3.055076599121093750e+02 6.661763916015625000e+02 3.490754089355468750e+02 3.272783458232879639e-01 2.000000000000000000e+00
5.814354858398437500e+02 3.869682617187500000e+02 5.960819702148437500e+02 4.082189636230468750e+02 2.959474623203277588e-01 9.000000000000000000e+00
6.907904663085937500e+02 2.443683013916015625e+02 7.095799560546875000e+02 2.642632751464843750e+02 2.661998867988586426e-01 2.000000000000000000e+00
6.517847900390625000e+02 2.146436004638671875e+02 6.721527099609375000e+02 2.335054931640625000e+02 2.553917765617370605e-01 2.000000000000000000e+00
5.812128906250000000e+02 3.867384643554687500e+02 5.956242675781250000e+02 4.089574279785156250e+02 2.507688403129577637e-01 2.000000000000000000e+00
