1.629116577148437500e+03 9.173942871093750000e+02 1.700454101562500000e+03 1.077651489257812500e+03 7.847769856452941895e-01 0.000000000000000000e+00
1.449447753906250000e+03 8.399586791992187500e+02 1.504256713867187500e+03 9.991132202148437500e+02 7.497177720069885254e-01 0.000000000000000000e+00
1.542500976562500000e+03 8.605668334960937500e+02 1.598415161132812500e+03 1.011379089355468750e+03 7.494369745254516602e-01 0.000000000000000000e+00
2.367093200683593750e+02 9.253276977539062500e+02 3.501726379394531250e+02 9.952344360351562500e+02 6.445014476776123047e-01 2.500000000000000000e+01
1.126057617187500000e+03 6.587592773437500000e+02 1.253497680664062500e+03 8.487271728515625000e+02 6.344285011291503906e-01 5.000000000000000000e+00
1.330302581787109375e+02 7.898417358398437500e+02 1.888297576904296875e+02 9.397899169921875000e+02 6.169149875640869141e-01 0.000000000000000000e+00
5.556848144531250000e+02 8.002777099609375000e+02 6.177614135742187500e+02 9.987387695312500000e+02 6.163037419319152832e-01 0.000000000000000000e+00
8.582841796875000000e+02 8.641118774414062500e+02 9.147191162109375000e+02 1.029174804687500000e+03 5.942436456680297852e-01 0.000000000000000000e+00
8.849483642578125000e+02 7.520646972656250000e+02 9.271250610351562500e+02 8.760730590820312500e+02 5.657156109809875488e-01 0.000000000000000000e+00
2.641185913085937500e+02 9.507310180664062500e+02 3.274456176757812500e+02 1.080000000000000000e+03 5.546221137046813965e-01 0.000000000000000000e+00
4.438215026855468750e+02 7.934547729492187500e+02 4.820409240722656250e+02 9.094359741210937500e+02 5.483807921409606934e-01 0.000000000000000000e+00
1.888337768554687500e+03 9.298491821289062500e+02 1.919019653320312500e+03 1.078284912109375000e+03 5.461916923522949219e-01 0.000000000000000000e+00
1.844548217773437500e+03 8.174119262695312500e+02 1.894834838867187500e+03 9.639625854492187500e+02 4.986262321472167969e-01 0.000000000000000000e+00
1.922278289794921875e+02 7.827584838867187500e+02 2.382955627441406250e+02 9.118824462890625000e+02 4.981310665607452393e-01 0.000000000000000000e+00
1.093173828125000000e+03 7.784249877929687500e+02 1.127867553710937500e+03 8.917004394531250000e+02 4.923207461833953857e-01 0.000000000000000000e+00
1.179417648315429688e+02 9.206419067382812500e+02 1.996975250244140625e+02 1.080000000000000000e+03 4.900510609149932861e-01 0.000000000000000000e+00
8.073358154296875000e+02 8.864240112304687500e+02 8.623515014648437500e+02 1.041123413085937500e+03 4.610864818096160889e-01 0.000000000000000000e+00
1.094309692382812500e+03 6.110277099609375000e+02 1.175526123046875000e+03 6.852846679687500000e+02 4.589995145797729492e-01 2.000000000000000000e+00
9.409424438476562500e+02 6.914600830078125000e+02 9.677053222656250000e+02 7.731126708984375000e+02 4.339145123958587646e-01 0.000000000000000000e+00
5.046269531250000000e+02 8.631143798828125000e+02 5.568737792968750000e+02 1.001155212402343750e+03 4.287454783916473389e-01 0.000000000000000000e+00
1.663344360351562500e+03 7.517461547851562500e+02 1.707652587890625000e+03 8.792913818359375000e+02 3.920976221561431885e-01 0.000000000000000000e+00
1.072887084960937500e+03 7.658773193359375000e+02 1.105428344726562500e+03 8.902333984375000000e+02 3.645692467689514160e-01 0.000000000000000000e+00
2.428053283691406250e+02 7.518560180664062500e+02 2.912667541503906250e+02 8.832145996093750000e+02 3.480332493782043457e-01 0.000000000000000000e+00
6.749051513671875000e+02 7.539062500000000000e+02 7.185595092773437500e+02 8.642976074218750000e+02 3.358250260353088379e-01 0.000000000000000000e+00
7.940217285156250000e+02 6.662899169921875000e+02 8.199752807617187500e+02 7.476110839843750000e+02 3.250505924224853516e-01 0.000000000000000000e+00
7.604602661132812500e+02 8.701774902343750000e+02 8.131005249023437500e+02 1.012381042480468750e+03 3.117365837097167969e-01 0.000000000000000000e+00
9.805195312500000000e+02 7.035071411132812500e+02 1.022894165039062500e+03 7.974036254882812500e+02 2.740604877471923828e-01 0.000000000000000000e+00
1.123584228515625000e+03 6.552960815429687500e+02 1.253050048828125000e+03 8.431337280273437500e+02 2.631976902484893799e-01 2.000000000000000000e+00
3.709715881347656250e+02 7.153714599609375000e+02 4.020064086914062500e+02 8.171022949218750000e+02 2.572914958000183105e-01 0.000000000000000000e+00
