1.528971862792968750e+02 5.073910217285156250e+02 3.515308227539062500e+02 6.134414062500000000e+02 9.198800921440124512e-01 2.000000000000000000e+00
1.035405517578125000e+03 4.384983520507812500e+02 1.131798828125000000e+03 5.034965820312500000e+02 8.805389404296875000e-01 2.000000000000000000e+00
2.997655639648437500e+02 3.756413879394531250e+02 4.335478210449218750e+02 4.264258728027343750e+02 8.462065458297729492e-01 2.000000000000000000e+00
6.602028198242187500e+02 3.927959289550781250e+02 7.375471801757812500e+02 4.508009338378906250e+02 8.333749175071716309e-01 2.000000000000000000e+00
0.000000000000000000e+00 5.270108642578125000e+02 8.582704162597656250e+01 5.965124511718750000e+02 8.007889389991760254e-01 2.000000000000000000e+00
8.034475097656250000e+02 3.112504882812500000e+02 8.620238037109375000e+02 3.448201599121093750e+02 7.977517247200012207e-01 2.000000000000000000e+00
1.268038558959960938e+02 6.226806030273437500e+02 2.435934753417968750e+02 6.997792968750000000e+02 7.831798195838928223e-01 2.000000000000000000e+00
0.000000000000000000e+00 6.158172607421875000e+02 4.541043853759765625e+01 6.734215698242187500e+02 6.992120742797851562e-01 2.000000000000000000e+00
1.275814086914062500e+03 5.913989868164062500e+02 1.313212280273437500e+03 6.824139404296875000e+02 6.949900388717651367e-01 0.000000000000000000e+00
1.317958374023437500e+03 6.431062011718750000e+02 1.359495971679687500e+03 7.325043334960937500e+02 6.872007846832275391e-01 0.000000000000000000e+00
4.722910308837890625e+01 4.090667724609375000e+02 6.924227905273437500e+01 4.555911560058593750e+02 5.262212157249450684e-01 0.000000000000000000e+00
1.051581787109375000e+03 2.922637634277343750e+02 1.090810791015625000e+03 3.208076782226562500e+02 5.079196691513061523e-01 2.000000000000000000e+00
1.805803070068359375e+02 3.625854187011718750e+02 2.050145263671875000e+02 4.139266662597656250e+02 4.935368299484252930e-01 0.000000000000000000e+00
5.245771484375000000e+02 3.415977172851562500e+02 5.390386352539062500e+02 3.824248352050781250e+02 4.191285669803619385e-01 0.000000000000000000e+00
1.046448730468750000e+03 2.713514404296875000e+02 1.086702514648437500e+03 3.050728454589843750e+02 3.871975541114807129e-01 2.000000000000000000e+00
3.457325744628906250e+02 2.828823852539062500e+02 3.951409606933593750e+02 3.522577819824218750e+02 3.194450736045837402e-01 2.000000000000000000e+00
1.255253295898437500e+03 3.303736877441406250e+02 1.290447631835937500e+03 3.581642456054687500e+02 2.937833964824676514e-01 2.000000000000000000e+00
1.304454223632812500e+03 4.013998107910156250e+02 1.336432739257812500e+03 4.489699707031250000e+02 2.908536195755004883e-01 3.000000000000000000e+00
