4.552894897460937500e+02 2.338106231689453125e+02 4.863786010742187500e+02 3.163665466308593750e+02 8.754751086235046387e-01 0.000000000000000000e+00
7.409470367431640625e+01 1.609873504638671875e+02 1.042752761840820312e+02 2.257751922607421875e+02 8.573744297027587891e-01 0.000000000000000000e+00
1.660433197021484375e+02 2.870876159667968750e+02 2.015053405761718750e+02 3.626314392089843750e+02 8.394240736961364746e-01 0.000000000000000000e+00
4.895473327636718750e+02 2.336398773193359375e+02 5.191932983398437500e+02 3.174711914062500000e+02 7.384078502655029297e-01 0.000000000000000000e+00
2.637358093261718750e+02 2.824215087890625000e+02 2.990939025878906250e+02 3.671131896972656250e+02 6.884101033210754395e-01 0.000000000000000000e+00
2.758511657714843750e+02 1.510724334716796875e+02 2.961795959472656250e+02 2.105799865722656250e+02 6.559769511222839355e-01 0.000000000000000000e+00
3.181334533691406250e+02 2.561062622070312500e+02 3.509374389648437500e+02 3.362297058105468750e+02 5.678923726081848145e-01 0.000000000000000000e+00
2.896162109375000000e+02 2.514312896728515625e+02 3.201212768554687500e+02 3.274058227539062500e+02 5.440650582313537598e-01 0.000000000000000000e+00
2.688363342285156250e+02 9.685032653808593750e+01 2.859521179199218750e+02 1.370480346679687500e+02 4.284609258174896240e-01 0.000000000000000000e+00
2.498675079345703125e+02 9.795801544189453125e+01 2.664702758789062500e+02 1.369590148925781250e+02 4.274336695671081543e-01 0.000000000000000000e+00
2.070251464843750000e+02 1.605613861083984375e+02 2.377385711669921875e+02 2.076363067626953125e+02 3.156210482120513916e-01 0.000000000000000000e+00
3.207629394531250000e+02 2.579945983886718750e+02 3.500704650878906250e+02 3.367163391113281250e+02 3.045168220996856689e-01 1.000000000000000000e+00
