8.269938354492187500e+02 4.188939819335937500e+02 8.820105590820312500e+02 5.289620971679687500e+02 8.318628668785095215e-01 6.700000000000000000e+01
5.329805297851562500e+02 2.264712829589843750e+02 5.773617553710937500e+02 3.360517883300781250e+02 8.212030529975891113e-01 6.700000000000000000e+01
5.274323730468750000e+02 1.300819158554077148e+00 5.840839233398437500e+02 9.555200958251953125e+01 8.079283237457275391e-01 6.700000000000000000e+01
8.199192504882812500e+02 5.502534790039062500e+02 8.771613159179687500e+02 6.545541992187500000e+02 8.042995333671569824e-01 6.700000000000000000e+01
9.356834106445312500e+02 6.038018798828125000e+02 1.041899536132812500e+03 6.541865844726562500e+02 8.028078675270080566e-01 6.700000000000000000e+01
1.032087280273437500e+03 1.982602081298828125e+02 1.141254516601562500e+03 2.450234069824218750e+02 7.700305581092834473e-01 6.700000000000000000e+01
5.425130615234375000e+02 3.619751281738281250e+02 5.815315551757812500e+02 4.674785766601562500e+02 7.662510871887207031e-01 6.700000000000000000e+01
8.297377929687500000e+02 2.917492065429687500e+02 8.802578735351562500e+02 4.107884521484375000e+02 7.530888915061950684e-01 6.700000000000000000e+01
5.258390502929687500e+02 6.280006103515625000e+02 6.094511108398437500e+02 7.333127441406250000e+02 6.929378509521484375e-01 6.700000000000000000e+01
8.963891601562500000e+02 4.597493286132812500e+02 1.032986450195312500e+03 5.103868408203125000e+02 6.854270100593566895e-01 6.700000000000000000e+01
8.703243408203125000e+02 1.289380187988281250e+02 9.811847534179687500e+02 1.971572723388671875e+02 6.794605255126953125e-01 6.700000000000000000e+01
9.224319458007812500e+02 5.302893066406250000e+02 1.023791625976562500e+03 5.764363403320312500e+02 6.788414716720581055e-01 6.700000000000000000e+01
8.916543579101562500e+02 2.787261962890625000e+02 9.966206054687500000e+02 3.235755615234375000e+02 6.199316382408142090e-01 6.700000000000000000e+01
8.995676879882812500e+02 3.342385253906250000e+02 9.981298217773437500e+02 3.784574279785156250e+02 6.161858439445495605e-01 6.700000000000000000e+01
5.491161499023437500e+02 5.058496704101562500e+02 5.926272583007812500e+02 5.858692016601562500e+02 5.589703917503356934e-01 6.700000000000000000e+01
3.295583801269531250e+02 4.890859680175781250e+02 3.777489013671875000e+02 5.889709472656250000e+02 5.382481813430786133e-01 6.700000000000000000e+01
8.447975463867187500e+02 7.067424926757812500e+02 8.924025268554687500e+02 7.650000000000000000e+02 4.705169200897216797e-01 6.700000000000000000e+01
3.999306030273437500e+02 6.699741210937500000e+02 5.080810241699218750e+02 7.186688842773437500e+02 4.571652710437774658e-01 6.700000000000000000e+01
9.538264770507812500e+02 6.804026489257812500e+02 1.054486083984375000e+03 7.308938598632812500e+02 4.566364586353302002e-01 6.700000000000000000e+01
8.950189819335937500e+02 2.974303588867187500e+02 9.988734130859375000e+02 3.555774536132812500e+02 4.371545016765594482e-01 6.700000000000000000e+01
1.082492065429687500e+03 2.532544403076171875e+02 1.194598266601562500e+03 2.993860778808593750e+02 4.334033727645874023e-01 6.700000000000000000e+01
5.016364135742187500e+02 4.835967712402343750e+02 5.473137207031250000e+02 5.856851196289062500e+02 4.211715459823608398e-01 6.700000000000000000e+01
1.484510955810546875e+02 6.798602905273437500e+02 2.606364135742187500e+02 7.286544799804687500e+02 4.123789668083190918e-01 2.000000000000000000e+00
1.172741317749023438e+02 1.592021026611328125e+02 1.922188110351562500e+02 2.136982879638671875e+02 4.074596166610717773e-01 2.000000000000000000e+00
8.133049926757812500e+02 1.804301261901855469e+01 8.596934814453125000e+02 1.071273193359375000e+02 3.937367200851440430e-01 6.700000000000000000e+01
3.291736145019531250e+02 4.903999938964843750e+02 3.780834960937500000e+02 5.884981079101562500e+02 3.010158240795135498e-01 2.000000000000000000e+00
3.209812011718750000e+02 3.327494201660156250e+02 3.674157104492187500e+02 4.353710021972656250e+02 3.002361953258514404e-01 2.000000000000000000e+00
9.796944580078125000e+02 3.986669921875000000e+02 1.063819091796875000e+03 4.439509277343750000e+02 2.914136052131652832e-01 6.700000000000000000e+01
4.267194824218750000e+02 1.345451507568359375e+02 5.301677246093750000e+02 1.866137542724609375e+02 2.627734541893005371e-01 6.700000000000000000e+01
