3.128151550292968750e+02 3.710815734863281250e+02 3.517497253417968750e+02 4.768962097167968750e+02 8.596588373184204102e-01 0.000000000000000000e+00
4.742503051757812500e+02 2.344101562500000000e+02 5.042080078125000000e+02 3.228267517089843750e+02 8.464923501014709473e-01 0.000000000000000000e+00
2.323382415771484375e+02 4.320561523437500000e+02 2.806576232910156250e+02 5.385390014648437500e+02 8.250722885131835938e-01 0.000000000000000000e+00
5.113654174804687500e+02 2.379745330810546875e+02 5.407586669921875000e+02 3.205366516113281250e+02 8.214877247810363770e-01 0.000000000000000000e+00
3.715570068359375000e+02 3.504725646972656250e+02 4.065873718261718750e+02 4.521798706054687500e+02 8.078435063362121582e-01 0.000000000000000000e+00
1.956403808593750000e+02 3.753605651855468750e+02 2.374109497070312500e+02 4.725519409179687500e+02 8.008067011833190918e-01 0.000000000000000000e+00
3.276047058105468750e+02 2.033919982910156250e+02 3.542226562500000000e+02 2.699204711914062500e+02 7.863193750381469727e-01 0.000000000000000000e+00
1.174755020141601562e+02 4.819410400390625000e+02 1.832040863037109375e+02 5.400000000000000000e+02 7.707797884941101074e-01 0.000000000000000000e+00
4.196774597167968750e+02 1.915945129394531250e+02 4.454783935546875000e+02 2.586335449218750000e+02 7.589668035507202148e-01 0.000000000000000000e+00
3.172284126281738281e+01 3.852636108398437500e+02 8.693678283691406250e+01 4.677348632812500000e+02 7.459592223167419434e-01 0.000000000000000000e+00
4.438123168945312500e+02 1.928741607666015625e+02 4.656206359863281250e+02 2.592990417480468750e+02 7.451902031898498535e-01 0.000000000000000000e+00
1.018766632080078125e+02 3.522576904296875000e+02 1.564175262451171875e+02 4.100544738769531250e+02 6.256421804428100586e-01 0.000000000000000000e+00
1.624126434326171875e+02 9.744227600097656250e+01 1.898150939941406250e+02 1.385776519775390625e+02 5.485808253288269043e-01 0.000000000000000000e+00
4.308870239257812500e+02 9.958918762207031250e+01 4.499375000000000000e+02 1.551554870605468750e+02 4.723281562328338623e-01 0.000000000000000000e+00
5.386984863281250000e+02 6.461325836181640625e+01 5.528069458007812500e+02 1.005711441040039062e+02 3.636702299118041992e-01 0.000000000000000000e+00
