4.610054016113281250e+02 4.733919677734375000e+02 5.479790039062500000e+02 6.090454101562500000e+02 8.729990124702453613e-01 2.000000000000000000e+00
2.637700195312500000e+02 3.158342590332031250e+02 3.363080444335937500e+02 3.892848205566406250e+02 8.494033813476562500e-01 2.000000000000000000e+00
1.053261032104492188e+02 2.038000335693359375e+02 1.834338226318359375e+02 2.548393402099609375e+02 8.090996146202087402e-01 2.000000000000000000e+00
4.127311325073242188e+01 4.046470642089843750e+02 1.479671630859375000e+02 4.706651306152343750e+02 8.028363585472106934e-01 2.000000000000000000e+00
6.048912353515625000e+02 1.425237884521484375e+02 6.476265258789062500e+02 1.958031311035156250e+02 7.963227033615112305e-01 2.000000000000000000e+00
8.162879028320312500e+02 3.858972778320312500e+02 8.963037109375000000e+02 4.733395385742187500e+02 6.700561046600341797e-01 2.000000000000000000e+00
6.786427001953125000e+02 7.373937129974365234e+00 7.041757812500000000e+02 3.726812362670898438e+01 6.671133041381835938e-01 2.000000000000000000e+00
2.141219329833984375e+02 2.973494873046875000e+02 2.304420013427734375e+02 3.424441223144531250e+02 6.612206697463989258e-01 0.000000000000000000e+00
1.014619506835937500e+03 1.841416358947753906e+01 1.067327392578125000e+03 4.110315704345703125e+01 6.447133421897888184e-01 2.000000000000000000e+00
3.734667053222656250e+02 1.112373580932617188e+02 4.056336669921875000e+02 1.488175201416015625e+02 6.162605285644531250e-01 2.000000000000000000e+00
8.853732299804687500e+02 8.742009735107421875e+01 9.289127807617187500e+02 1.343592376708984375e+02 6.145775914192199707e-01 2.000000000000000000e+00
6.963942871093750000e+02 1.644584350585937500e+02 7.376353149414062500e+02 2.098428192138671875e+02 5.692079067230224609e-01 2.000000000000000000e+00
1.046617309570312500e+03 5.677622604370117188e+01 1.089516967773437500e+03 8.851468658447265625e+01 5.144115686416625977e-01 2.000000000000000000e+00
5.559401245117187500e+02 3.506884155273437500e+02 5.787070922851562500e+02 3.971886291503906250e+02 4.949890971183776855e-01 0.000000000000000000e+00
3.365619506835937500e+02 1.979503936767578125e+02 3.511065368652343750e+02 2.323000030517578125e+02 4.751081764698028564e-01 0.000000000000000000e+00
9.791940307617187500e+02 2.456834869384765625e+02 9.938342285156250000e+02 2.725317687988281250e+02 4.218101501464843750e-01 0.000000000000000000e+00
1.002921142578125000e+03 1.959428710937500000e+02 1.020527343750000000e+03 2.378422698974609375e+02 3.803845047950744629e-01 0.000000000000000000e+00
2.996331481933593750e+02 5.775900268554687500e+02 3.242229003906250000e+02 6.129597778320312500e+02 3.731451928615570068e-01 0.000000000000000000e+00
2.262237739562988281e+01 7.161353149414062500e+02 7.270436096191406250e+01 7.646604003906250000e+02 3.490155637264251709e-01 0.000000000000000000e+00
9.610817871093750000e+02 5.928035888671875000e+02 1.006670593261718750e+03 6.674753417968750000e+02 3.351145088672637939e-01 8.000000000000000000e+00
1.037260009765625000e+03 1.120983219146728516e+01 1.087442382812500000e+03 3.441603469848632812e+01 3.240443170070648193e-01 2.000000000000000000e+00
7.557064208984375000e+02 2.241305999755859375e+02 7.886204833984375000e+02 2.578996582031250000e+02 3.186466097831726074e-01 1.000000000000000000e+00
4.469194946289062500e+02 7.292585754394531250e+01 4.602036743164062500e+02 1.026816482543945312e+02 3.147854804992675781e-01 0.000000000000000000e+00
1.026754516601562500e+03 1.977715301513671875e+02 1.042114990234375000e+03 2.353798065185546875e+02 3.020858466625213623e-01 0.000000000000000000e+00
7.589466552734375000e+02 2.186015319824218750e+02 7.885835571289062500e+02 2.577939147949218750e+02 2.880940735340118408e-01 0.000000000000000000e+00
1.139293090820312500e+03 1.599414367675781250e+02 1.190581787109375000e+03 1.805815124511718750e+02 2.744289934635162354e-01 2.000000000000000000e+00
9.767883300781250000e+02 1.941517028808593750e+02 9.888775024414062500e+02 2.196269683837890625e+02 2.648529112339019775e-01 0.000000000000000000e+00
