3.530198059082031250e+02 3.048866882324218750e+02 3.761257934570312500e+02 3.273241577148437500e+02 6.675249934196472168e-01 2.000000000000000000e+00
8.042384338378906250e+01 5.073735351562500000e+02 1.353084869384765625e+02 5.393710327148437500e+02 5.295879244804382324e-01 2.000000000000000000e+00
4.217123413085937500e+02 3.763625793457031250e+02 4.421227416992187500e+02 3.988159790039062500e+02 5.193167924880981445e-01 2.000000000000000000e+00
2.695126037597656250e+02 4.313544921875000000e+02 2.965405273437500000e+02 4.598552246093750000e+02 5.036833286285400391e-01 2.000000000000000000e+00
3.255484313964843750e+02 3.436236877441406250e+02 3.537045593261718750e+02 3.693186950683593750e+02 4.714321792125701904e-01 2.000000000000000000e+00
4.694570007324218750e+02 2.214766998291015625e+02 4.864284973144531250e+02 2.350999755859375000e+02 4.125586748123168945e-01 2.000000000000000000e+00
1.724961662292480469e+01 5.010785522460937500e+02 6.360894012451171875e+01 5.374969482421875000e+02 3.974903523921966553e-01 2.000000000000000000e+00
4.594702148437500000e+02 5.037903747558593750e+02 4.692677307128906250e+02 5.286166381835937500e+02 3.262500762939453125e-01 0.000000000000000000e+00
3.833650207519531250e+02 3.298972167968750000e+02 3.895840148925781250e+02 3.422383422851562500e+02 3.262497484683990479e-01 0.000000000000000000e+00
2.209592895507812500e+02 5.010745239257812500e+02 2.471750946044921875e+02 5.379757690429687500e+02 3.250100314617156982e-01 2.000000000000000000e+00
4.558547973632812500e+02 2.404412536621093750e+02 4.688767089843750000e+02 2.541129608154296875e+02 3.237416446208953857e-01 2.000000000000000000e+00
5.000584106445312500e+02 1.994243316650390625e+02 5.238928833007812500e+02 2.149096069335937500e+02 2.624877393245697021e-01 2.000000000000000000e+00
3.841498718261718750e+02 2.638535156250000000e+02 4.063828125000000000e+02 2.802845458984375000e+02 2.566607296466827393e-01 2.000000000000000000e+00
