5.325776367187500000e+02 2.704707641601562500e+02 5.826154174804687500e+02 3.714918823242187500e+02 8.597324490547180176e-01 0.000000000000000000e+00
5.622788696289062500e+02 2.161802825927734375e+02 5.959891357421875000e+02 3.034245910644531250e+02 7.931990027427673340e-01 0.000000000000000000e+00
2.602018432617187500e+02 1.799038391113281250e+02 2.907173461914062500e+02 2.604190673828125000e+02 7.652124762535095215e-01 0.000000000000000000e+00
4.912852783203125000e+02 1.933782958984375000e+02 5.169667358398437500e+02 2.731619262695312500e+02 7.095037698745727539e-01 0.000000000000000000e+00
3.717865600585937500e+02 1.366036682128906250e+02 3.915653686523437500e+02 2.000692901611328125e+02 7.074552774429321289e-01 0.000000000000000000e+00
3.131294250488281250e+02 1.848104095458984375e+02 3.415337524414062500e+02 2.568143005371093750e+02 6.932101845741271973e-01 0.000000000000000000e+00
4.427545471191406250e+02 1.635818634033203125e+02 4.688676757812500000e+02 2.459519042968750000e+02 6.095979213714599609e-01 0.000000000000000000e+00
7.147866821289062500e+01 1.119312362670898438e+02 8.923889923095703125e+01 1.619813690185546875e+02 5.952984094619750977e-01 0.000000000000000000e+00
6.853225708007812500e+01 1.569753570556640625e+02 9.458193206787109375e+01 2.321084747314453125e+02 4.944936335086822510e-01 0.000000000000000000e+00
2.401066131591796875e+02 1.597748870849609375e+02 2.618782958984375000e+02 2.093605651855468750e+02 4.342612028121948242e-01 0.000000000000000000e+00
2.229921722412109375e+02 1.045661163330078125e+02 2.394098205566406250e+02 1.506298828125000000e+02 4.050436615943908691e-01 0.000000000000000000e+00
9.720918273925781250e+01 8.249123382568359375e+01 1.109416122436523438e+02 1.269541397094726562e+02 3.675033450126647949e-01 0.000000000000000000e+00
4.150816955566406250e+02 1.631394805908203125e+02 4.321064758300781250e+02 1.981282806396484375e+02 3.490042984485626221e-01 0.000000000000000000e+00
3.198361206054687500e+02 1.399358978271484375e+02 3.369080505371093750e+02 1.797403564453125000e+02 3.071910142898559570e-01 0.000000000000000000e+00
2.655093994140625000e+02 1.562240295410156250e+02 2.909732360839843750e+02 1.864674224853515625e+02 3.070800900459289551e-01 0.000000000000000000e+00
4.932312316894531250e+02 1.549497528076171875e+02 5.092940673828125000e+02 2.000290985107421875e+02 2.636554837226867676e-01 0.000000000000000000e+00
