1.531843505859375000e+03 8.574851074218750000e+02 1.584656616210937500e+03 1.019249267578125000e+03 7.847887277603149414e-01 0.000000000000000000e+00
1.452813354492187500e+03 8.428054199218750000e+02 1.509656494140625000e+03 1.001079406738281250e+03 6.952503323554992676e-01 0.000000000000000000e+00
2.789661026000976562e+01 8.203505859375000000e+02 8.883387756347656250e+01 9.379522705078125000e+02 6.212089657783508301e-01 0.000000000000000000e+00
9.358157958984375000e+02 7.396173706054687500e+02 9.592408447265625000e+02 8.101424560546875000e+02 6.030268073081970215e-01 0.000000000000000000e+00
4.660343627929687500e+02 6.894716186523437500e+02 4.973940124511718750e+02 7.649476928710937500e+02 4.718327522277832031e-01 0.000000000000000000e+00
8.753435668945312500e+02 7.280359497070312500e+02 8.998507690429687500e+02 8.005799560546875000e+02 4.570768773555755615e-01 0.000000000000000000e+00
1.109230224609375000e+03 9.986893310546875000e+02 1.169107421875000000e+03 1.078665161132812500e+03 4.106319844722747803e-01 0.000000000000000000e+00
1.137523315429687500e+03 9.873865356445312500e+02 1.178951293945312500e+03 1.077810058593750000e+03 4.031423330307006836e-01 0.000000000000000000e+00
2.169462432861328125e+02 7.230899047851562500e+02 2.468032379150390625e+02 8.005676879882812500e+02 4.004364013671875000e-01 0.000000000000000000e+00
1.601907958984375000e+02 7.096622924804687500e+02 1.904558868408203125e+02 7.797559814453125000e+02 3.844391405582427979e-01 0.000000000000000000e+00
7.684440307617187500e+02 7.385009765625000000e+02 7.965272827148437500e+02 8.026008911132812500e+02 3.759468197822570801e-01 0.000000000000000000e+00
2.472145080566406250e+02 7.209277954101562500e+02 2.751574096679687500e+02 7.991466674804687500e+02 3.715451955795288086e-01 0.000000000000000000e+00
1.164319091796875000e+03 7.107346191406250000e+02 1.197313964843750000e+03 7.980916137695312500e+02 3.326167464256286621e-01 0.000000000000000000e+00
1.891968750000000000e+03 8.800734252929687500e+02 1.920000000000000000e+03 1.028120971679687500e+03 3.203684389591217041e-01 0.000000000000000000e+00
4.305343322753906250e+02 6.927822265625000000e+02 4.587938232421875000e+02 7.589612426757812500e+02 3.082790970802307129e-01 0.000000000000000000e+00
2.240194854736328125e+02 7.169864501953125000e+02 2.672545166015625000e+02 7.981320190429687500e+02 3.068956434726715088e-01 0.000000000000000000e+00
7.224351806640625000e+02 6.615689697265625000e+02 7.430662231445312500e+02 7.195496826171875000e+02 2.889407873153686523e-01 0.000000000000000000e+00
