6.411882324218750000e+02 4.497898254394531250e+02 7.532600097656250000e+02 5.319301147460937500e+02 8.890432119369506836e-01 2.000000000000000000e+00
7.524650878906250000e+02 5.369913330078125000e+02 8.890670166015625000e+02 6.462659301757812500e+02 8.709505200386047363e-01 2.000000000000000000e+00
5.526216430664062500e+02 3.784313659667968750e+02 6.442508544921875000e+02 4.468116455078125000e+02 8.709067106246948242e-01 2.000000000000000000e+00
4.210436401367187500e+02 2.429902648925781250e+02 4.948874511718750000e+02 2.990380554199218750e+02 7.376289367675781250e-01 2.000000000000000000e+00
8.919675903320312500e+02 6.531036376953125000e+02 1.063113037109375000e+03 7.609371337890625000e+02 6.921423077583312988e-01 2.000000000000000000e+00
2.220679931640625000e+02 9.318958282470703125e+01 2.852188110351562500e+02 1.370663757324218750e+02 5.303515791893005371e-01 2.000000000000000000e+00
1.186431274414062500e+03 4.180014343261718750e+02 1.277478149414062500e+03 4.867080383300781250e+02 4.869792461395263672e-01 2.000000000000000000e+00
1.670458679199218750e+02 5.217803955078125000e+01 2.005832214355468750e+02 8.136528778076171875e+01 4.561232924461364746e-01 2.000000000000000000e+00
5.534852905273437500e+02 2.001008911132812500e+02 5.999911499023437500e+02 2.434038848876953125e+02 4.509241878986358643e-01 2.000000000000000000e+00
1.215803466796875000e+03 3.992521362304687500e+02 1.354482788085937500e+03 4.739813537597656250e+02 4.199761748313903809e-01 2.000000000000000000e+00
1.283334960937500000e+02 3.051870584487915039e+00 1.783296356201171875e+02 5.074575424194335938e+01 3.314718902111053467e-01 2.000000000000000000e+00
3.195696411132812500e+02 2.670188903808593750e+02 3.453712463378906250e+02 3.181071472167968750e+02 2.768458724021911621e-01 9.000000000000000000e+00
