7.521472167968750000e+01 5.495515136718750000e+02 1.989972381591796875e+02 6.098181762695312500e+02 8.198423385620117188e-01 2.000000000000000000e+00
2.128717346191406250e+02 5.401633300781250000e+02 3.178306884765625000e+02 6.081765747070312500e+02 8.184747695922851562e-01 2.000000000000000000e+00
6.569581298828125000e+02 6.104269409179687500e+02 7.252670898437500000e+02 7.162185668945312500e+02 7.834885120391845703e-01 2.000000000000000000e+00
7.068059692382812500e+02 5.224830322265625000e+02 7.528917236328125000e+02 5.895762939453125000e+02 7.663998603820800781e-01 2.000000000000000000e+00
7.587996826171875000e+02 7.215657958984375000e+02 8.146771850585937500e+02 7.644000244140625000e+02 7.262837290763854980e-01 2.000000000000000000e+00
6.754540252685546875e+01 4.413856506347656250e+02 1.770074157714843750e+02 4.943864440917968750e+02 6.904854774475097656e-01 2.000000000000000000e+00
9.093426513671875000e+02 3.978568420410156250e+02 9.592441406250000000e+02 4.459898986816406250e+02 6.777778267860412598e-01 2.000000000000000000e+00
9.524945678710937500e+02 5.077908325195312500e+02 9.996402587890625000e+02 5.698724975585937500e+02 6.550980210304260254e-01 2.000000000000000000e+00
9.349271240234375000e+02 5.727871704101562500e+02 9.889855346679687500e+02 6.480007934570312500e+02 6.547040939331054688e-01 2.000000000000000000e+00
1.544335327148437500e+02 6.108972778320312500e+02 2.249859619140625000e+02 6.839230346679687500e+02 5.923048853874206543e-01 2.000000000000000000e+00
7.506228027343750000e+02 3.192121276855468750e+02 7.857218627929687500e+02 3.505709228515625000e+02 5.892232060432434082e-01 2.000000000000000000e+00
3.725225219726562500e+02 4.742988586425781250e+02 4.702588500976562500e+02 5.610045166015625000e+02 5.626301765441894531e-01 2.000000000000000000e+00
5.619251098632812500e+02 6.808959350585937500e+02 5.873349609375000000e+02 7.275693359375000000e+02 5.133647322654724121e-01 0.000000000000000000e+00
8.045805664062500000e+02 4.223819274902343750e+02 8.405648803710937500e+02 4.734469604492187500e+02 4.915509521961212158e-01 2.000000000000000000e+00
3.702078857421875000e+02 4.753417053222656250e+02 4.678430175781250000e+02 5.626966552734375000e+02 4.895001351833343506e-01 7.000000000000000000e+00
6.144819946289062500e+02 6.286593017578125000e+02 6.530227661132812500e+02 6.834324951171875000e+02 4.885156154632568359e-01 2.000000000000000000e+00
9.575661010742187500e+02 2.735389099121093750e+02 1.020620910644531250e+03 3.050946044921875000e+02 4.597114920616149902e-01 2.000000000000000000e+00
2.106960449218750000e+02 6.104796752929687500e+02 3.476921997070312500e+02 7.570285034179687500e+02 4.409485459327697754e-01 2.000000000000000000e+00
1.102228759765625000e+03 7.053758544921875000e+02 1.149383056640625000e+03 7.607479248046875000e+02 4.352999329566955566e-01 2.000000000000000000e+00
1.719963836669921875e+02 3.216979064941406250e+02 2.175628814697265625e+02 3.591778869628906250e+02 4.059684872627258301e-01 2.000000000000000000e+00
7.000293579101562500e+02 3.597587585449218750e+02 7.538480834960937500e+02 4.032467346191406250e+02 3.975207805633544922e-01 2.000000000000000000e+00
4.259143676757812500e+02 5.151026000976562500e+02 5.376928100585937500e+02 6.457481689453125000e+02 3.902443349361419678e-01 7.000000000000000000e+00
1.036059082031250000e+03 4.837805786132812500e+02 1.119078857421875000e+03 5.603814697265625000e+02 3.422572910785675049e-01 7.000000000000000000e+00
9.829165649414062500e+02 3.213290100097656250e+02 1.048406250000000000e+03 3.508757629394531250e+02 3.395263254642486572e-01 2.000000000000000000e+00
6.962367553710937500e+02 3.783556823730468750e+02 7.452972412109375000e+02 4.229177551269531250e+02 3.099884390830993652e-01 2.000000000000000000e+00
2.492428436279296875e+02 5.072034606933593750e+02 2.651994628906250000e+02 5.412979736328125000e+02 3.080670237541198730e-01 0.000000000000000000e+00
6.630932006835937500e+02 4.224959411621093750e+02 7.135703735351562500e+02 5.120789794921875000e+02 3.044879138469696045e-01 7.000000000000000000e+00
8.978548583984375000e+02 2.607460937500000000e+02 9.251214599609375000e+02 2.884053344726562500e+02 3.024611771106719971e-01 2.000000000000000000e+00
1.991077270507812500e+02 4.356918945312500000e+02 2.341311187744140625e+02 4.653289794921875000e+02 3.007073700428009033e-01 2.000000000000000000e+00
8.244542846679687500e+02 2.347539062500000000e+02 8.500204467773437500e+02 2.548010711669921875e+02 2.970769107341766357e-01 2.000000000000000000e+00
9.447770385742187500e+02 7.025447387695312500e+02 1.003329833984375000e+03 7.650000000000000000e+02 2.884551584720611572e-01 7.000000000000000000e+00
6.631430053710937500e+02 4.221130981445312500e+02 7.150305175781250000e+02 5.113251037597656250e+02 2.840836048126220703e-01 2.000000000000000000e+00
9.278623046875000000e+02 2.662769470214843750e+02 9.586232910156250000e+02 2.880587158203125000e+02 2.645797133445739746e-01 2.000000000000000000e+00
8.640526123046875000e+02 2.352972717285156250e+02 8.765302734375000000e+02 2.538003692626953125e+02 2.590897679328918457e-01 0.000000000000000000e+00
2.522600402832031250e+02 4.322145996093750000e+02 2.691488647460937500e+02 4.663671264648437500e+02 2.590273022651672363e-01 0.000000000000000000e+00
7.910321655273437500e+02 2.353214111328125000e+02 8.251126708984375000e+02 2.632583312988281250e+02 2.573835551738739014e-01 2.000000000000000000e+00
9.550522460937500000e+02 3.377465515136718750e+02 1.044728393554687500e+03 3.981824645996093750e+02 2.571442723274230957e-01 2.000000000000000000e+00
6.026409912109375000e+02 3.971536254882812500e+02 6.427391967773437500e+02 4.266605834960937500e+02 2.553968727588653564e-01 2.000000000000000000e+00
5.228781890869140625e+01 1.734257202148437500e+02 1.043281402587890625e+02 1.995985107421875000e+02 2.532266974449157715e-01 2.500000000000000000e+01
