2.075649566650390625e+02 2.255169982910156250e+02 8.080485229492187500e+02 4.530772705078125000e+02 7.807084918022155762e-01 7.000000000000000000e+00
1.045073120117187500e+03 2.564742851257324219e+01 1.146533935546875000e+03 1.002620620727539062e+02 7.053626179695129395e-01 7.000000000000000000e+00
4.316694641113281250e+01 4.258275451660156250e+02 8.187590942382812500e+02 7.208690795898437500e+02 6.915462017059326172e-01 7.000000000000000000e+00
2.136985473632812500e+02 3.397098779678344727e+00 2.555549468994140625e+02 3.106544303894042969e+01 6.499588489532470703e-01 2.000000000000000000e+00
1.328970489501953125e+02 1.048667144775390625e+01 1.674895477294921875e+02 3.942013168334960938e+01 6.097004413604736328e-01 2.000000000000000000e+00
1.227113769531250000e+03 1.155615463256835938e+02 1.283317626953125000e+03 1.911647644042968750e+02 6.046947240829467773e-01 2.000000000000000000e+00
4.204985046386718750e+02 6.977309417724609375e+01 7.913125610351562500e+02 2.471292724609375000e+02 6.046867370605468750e-01 7.000000000000000000e+00
1.335051757812500000e+03 7.769602203369140625e+01 1.360000000000000000e+03 1.027878952026367188e+02 5.963391065597534180e-01 2.000000000000000000e+00
1.264137573242187500e+03 1.143134460449218750e+02 1.359245483398437500e+03 2.637609558105468750e+02 4.055291414260864258e-01 5.000000000000000000e+00
1.261413574218750000e+03 1.125345993041992188e+02 1.360000000000000000e+03 2.616989746093750000e+02 4.009984731674194336e-01 7.000000000000000000e+00
3.838281555175781250e+02 1.520575103759765625e+02 4.449879150390625000e+02 2.298491821289062500e+02 3.862675428390502930e-01 7.000000000000000000e+00
1.821562957763671875e+02 1.547763347625732422e+00 2.129765472412109375e+02 1.515883541107177734e+01 3.602716326713562012e-01 2.000000000000000000e+00
8.899820556640625000e+02 6.701786041259765625e+01 9.392351684570312500e+02 9.939624023437500000e+01 3.435484468936920166e-01 7.000000000000000000e+00
1.285412597656250000e+03 2.622811317443847656e+01 1.352955688476562500e+03 7.676061248779296875e+01 2.727942168712615967e-01 7.000000000000000000e+00
5.041387329101562500e+02 1.412825012207031250e+01 6.629129638671875000e+02 8.044464111328125000e+01 2.708813250064849854e-01 7.000000000000000000e+00
1.218806640625000000e+03 7.562688350677490234e+00 1.271858520507812500e+03 5.692748641967773438e+01 2.617463469505310059e-01 2.000000000000000000e+00
