1.019372009277343750e+03 6.552402343750000000e+02 1.170551269531250000e+03 7.335009155273437500e+02 8.881586790084838867e-01 2.000000000000000000e+00
7.513091430664062500e+02 6.119674682617187500e+02 8.239545898437500000e+02 6.965144042968750000e+02 8.752446770668029785e-01 2.000000000000000000e+00
5.486270751953125000e+02 6.576264648437500000e+02 6.218437500000000000e+02 7.614652099609375000e+02 8.460177183151245117e-01 2.000000000000000000e+00
5.109272460937500000e+02 4.478147888183593750e+02 5.600637817382812500e+02 5.015132751464843750e+02 8.338859677314758301e-01 2.000000000000000000e+00
5.127297973632812500e+02 5.239087524414062500e+02 5.650641479492187500e+02 6.002594604492187500e+02 7.634164094924926758e-01 2.000000000000000000e+00
6.790083007812500000e+02 5.113510742187500000e+02 7.228509521484375000e+02 5.658020019531250000e+02 7.274332046508789062e-01 2.000000000000000000e+00
6.069247436523437500e+02 3.946889038085937500e+02 6.449805297851562500e+02 4.284121398925781250e+02 7.204018235206604004e-01 2.000000000000000000e+00
4.465214538574218750e+02 6.716885986328125000e+02 5.156795043945312500e+02 7.618625488281250000e+02 6.994714736938476562e-01 2.000000000000000000e+00
5.706817016601562500e+02 3.794100341796875000e+02 6.016760253906250000e+02 4.076053161621093750e+02 6.900010704994201660e-01 2.000000000000000000e+00
5.240361938476562500e+02 3.858367309570312500e+02 5.616838989257812500e+02 4.211029052734375000e+02 6.798543930053710938e-01 2.000000000000000000e+00
1.102237670898437500e+03 5.289567871093750000e+02 1.119211181640625000e+03 5.688041381835937500e+02 6.505689024925231934e-01 0.000000000000000000e+00
6.220072631835937500e+02 3.561723327636718750e+02 6.522595825195312500e+02 3.829227600097656250e+02 6.225661039352416992e-01 2.000000000000000000e+00
1.154201660156250000e+03 5.309867553710937500e+02 1.175927734375000000e+03 5.732714843750000000e+02 6.091177463531494141e-01 0.000000000000000000e+00
6.113187255859375000e+02 2.527823333740234375e+02 6.334191894531250000e+02 2.706875610351562500e+02 6.005331277847290039e-01 2.000000000000000000e+00
6.335901489257812500e+02 3.165538940429687500e+02 6.614776611328125000e+02 3.403039855957031250e+02 5.692525506019592285e-01 2.000000000000000000e+00
6.843427734375000000e+02 3.127307739257812500e+02 7.125989379882812500e+02 3.356592712402343750e+02 4.548555910587310791e-01 2.000000000000000000e+00
6.047520751953125000e+02 4.457120971679687500e+02 6.427967529296875000e+02 4.918025207519531250e+02 4.404267072677612305e-01 2.000000000000000000e+00
4.693163452148437500e+02 3.082579040527343750e+02 4.986578063964843750e+02 3.348135986328125000e+02 4.002865552902221680e-01 2.000000000000000000e+00
5.843010253906250000e+02 3.365085144042968750e+02 6.132333984375000000e+02 3.723848266601562500e+02 3.911077678203582764e-01 2.000000000000000000e+00
8.605240478515625000e+02 6.265524291992187500e+02 8.813289184570312500e+02 6.780735473632812500e+02 3.832518160343170166e-01 0.000000000000000000e+00
6.354326782226562500e+02 2.811563110351562500e+02 6.581204833984375000e+02 3.065041198730468750e+02 3.634561300277709961e-01 2.000000000000000000e+00
4.029711608886718750e+02 6.059562988281250000e+02 4.262113952636718750e+02 6.573504638671875000e+02 3.420065343379974365e-01 3.000000000000000000e+00
4.040369873046875000e+02 6.050025024414062500e+02 4.271968994140625000e+02 6.562834472656250000e+02 3.261659145355224609e-01 0.000000000000000000e+00
1.886164474487304688e+01 6.993973388671875000e+02 5.148808593750000000e+02 7.650000000000000000e+02 3.207622170448303223e-01 5.000000000000000000e+00
5.865299072265625000e+02 3.211039428710937500e+02 6.124110717773437500e+02 3.607046508789062500e+02 3.179878592491149902e-01 2.000000000000000000e+00
5.811775512695312500e+02 3.829467468261718750e+02 6.419085693359375000e+02 4.184492492675781250e+02 3.170931637287139893e-01 2.000000000000000000e+00
1.044204223632812500e+03 5.077105407714843750e+02 1.059187133789062500e+03 5.441766357421875000e+02 2.897424101829528809e-01 0.000000000000000000e+00
7.501117706298828125e+00 6.991485595703125000e+02 5.107291564941406250e+02 7.650000000000000000e+02 2.755885422229766846e-01 7.000000000000000000e+00
8.601583251953125000e+02 6.281041870117187500e+02 8.801350708007812500e+02 6.797980346679687500e+02 2.605358958244323730e-01 1.000000000000000000e+00
