3.517955932617187500e+02 4.105427856445312500e+02 4.269013366699218750e+02 5.424230346679687500e+02 7.813676595687866211e-01 2.000000000000000000e+00
1.856111297607421875e+02 1.481554565429687500e+02 2.409189453125000000e+02 1.912470855712890625e+02 7.421099543571472168e-01 2.000000000000000000e+00
7.947523193359375000e+02 2.103505096435546875e+02 8.491060791015625000e+02 2.622015991210937500e+02 7.390738725662231445e-01 2.000000000000000000e+00
5.449235229492187500e+02 4.926167602539062500e+02 6.077322998046875000e+02 5.994197387695312500e+02 7.048311233520507812e-01 2.000000000000000000e+00
4.373515014648437500e+02 6.143840332031250000e+02 5.073532714843750000e+02 7.370751342773437500e+02 6.983498930931091309e-01 2.000000000000000000e+00
8.960720825195312500e+02 2.840737304687500000e+02 9.948586425781250000e+02 3.325010070800781250e+02 6.504305005073547363e-01 2.000000000000000000e+00
1.958947296142578125e+02 8.015676879882812500e+01 2.617581481933593750e+02 1.192447433471679688e+02 6.425358653068542480e-01 2.000000000000000000e+00
7.651051635742187500e+02 1.627867736816406250e+02 8.060009155273437500e+02 2.020095214843750000e+02 6.310563683509826660e-01 2.000000000000000000e+00
7.414231567382812500e+02 6.461297607421875000e+01 7.744918212890625000e+02 9.620765686035156250e+01 6.173618435859680176e-01 2.000000000000000000e+00
2.532291412353515625e+02 4.674015197753906250e+02 2.760016784667968750e+02 5.243519897460937500e+02 5.889480710029602051e-01 0.000000000000000000e+00
6.186042480468750000e+02 3.531828403472900391e+00 6.459390869140625000e+02 3.258600616455078125e+01 5.343456864356994629e-01 2.000000000000000000e+00
2.432622070312500000e+02 5.613604354858398438e+01 2.952182312011718750e+02 9.015465545654296875e+01 5.214346051216125488e-01 2.000000000000000000e+00
3.233637084960937500e+02 3.537211608886718750e+02 3.439847412109375000e+02 4.010503234863281250e+02 5.127043128013610840e-01 0.000000000000000000e+00
7.590294799804687500e+02 1.251626510620117188e+02 8.041682128906250000e+02 1.655103149414062500e+02 4.848952293395996094e-01 2.000000000000000000e+00
2.840190429687500000e+02 4.062641906738281250e+01 3.145740356445312500e+02 7.204434967041015625e+01 4.249745011329650879e-01 2.000000000000000000e+00
7.123516845703125000e+02 2.085936069488525391e-02 7.612862548828125000e+02 3.228049087524414062e+01 3.346690237522125244e-01 2.000000000000000000e+00
7.676506347656250000e+02 6.061731567382812500e+02 9.269644165039062500e+02 6.713878784179687500e+02 3.037380576133728027e-01 2.000000000000000000e+00
3.005079650878906250e+02 5.930073261260986328e-01 3.374342346191406250e+02 1.625654029846191406e+01 2.900714874267578125e-01 2.000000000000000000e+00
1.363948059082031250e+02 6.326633300781250000e+02 1.667062377929687500e+02 6.879552001953125000e+02 2.804179787635803223e-01 0.000000000000000000e+00
6.687947387695312500e+02 2.772047042846679688e+01 7.108223266601562500e+02 8.665339660644531250e+01 2.760920524597167969e-01 2.000000000000000000e+00
