4.179527282714843750e+02 4.312280273437500000e+02 4.764720458984375000e+02 5.186986694335937500e+02 8.450207114219665527e-01 2.000000000000000000e+00
4.277340393066406250e+02 3.006199340820312500e+02 4.664498596191406250e+02 3.479599914550781250e+02 7.965741753578186035e-01 2.000000000000000000e+00
4.799800415039062500e+02 2.386952514648437500e+02 5.100323181152343750e+02 2.678353271484375000e+02 7.680005431175231934e-01 2.000000000000000000e+00
3.658491210937500000e+02 1.580407867431640625e+02 3.854195251464843750e+02 1.765625152587890625e+02 7.257655858993530273e-01 2.000000000000000000e+00
3.536899414062500000e+02 3.280840759277343750e+02 3.856863098144531250e+02 3.775077209472656250e+02 7.225135564804077148e-01 2.000000000000000000e+00
4.870501403808593750e+02 2.848677062988281250e+02 5.404782714843750000e+02 3.651370544433593750e+02 6.027076840400695801e-01 5.000000000000000000e+00
4.727737426757812500e+02 1.844740905761718750e+02 4.915521240234375000e+02 2.044249420166015625e+02 5.688048601150512695e-01 2.000000000000000000e+00
6.906310424804687500e+02 4.297913818359375000e+02 7.927676391601562500e+02 5.164806518554687500e+02 5.395644307136535645e-01 2.000000000000000000e+00
4.765417175292968750e+02 2.158381042480468750e+02 5.008331298828125000e+02 2.398281250000000000e+02 5.165508985519409180e-01 2.000000000000000000e+00
4.854321899414062500e+02 2.864921875000000000e+02 5.419136352539062500e+02 3.639375915527343750e+02 5.016183257102966309e-01 2.000000000000000000e+00
4.644136352539062500e+02 1.725223999023437500e+02 4.810360412597656250e+02 1.842104339599609375e+02 4.550303816795349121e-01 2.000000000000000000e+00
3.343046569824218750e+02 1.523315124511718750e+02 3.474023742675781250e+02 1.636674346923828125e+02 4.458335041999816895e-01 2.000000000000000000e+00
4.379037780761718750e+02 1.859745941162109375e+02 4.579405517578125000e+02 2.077909698486328125e+02 4.166779816150665283e-01 2.000000000000000000e+00
7.017974853515625000e-01 1.725620117187500000e+02 4.862076568603515625e+01 2.482115478515625000e+02 3.784967660903930664e-01 7.000000000000000000e+00
1.893357849121093750e+02 3.263099060058593750e+02 2.066531677246093750e+02 3.619759826660156250e+02 3.391819596290588379e-01 0.000000000000000000e+00
3.731803588867187500e+02 1.427011871337890625e+02 3.901257019042968750e+02 1.548855285644531250e+02 3.319577276706695557e-01 2.000000000000000000e+00
1.988265991210937500e+02 2.709277343750000000e+02 2.164375000000000000e+02 2.979710388183593750e+02 3.018428087234497070e-01 0.000000000000000000e+00
4.339871520996093750e+02 1.915802001953125000e+02 4.653166809082031250e+02 2.485709075927734375e+02 3.017128109931945801e-01 5.000000000000000000e+00
3.055128173828125000e+02 1.893679656982421875e+02 3.292946777343750000e+02 2.082360229492187500e+02 2.913395166397094727e-01 2.000000000000000000e+00
4.852568664550781250e+02 2.705403747558593750e+02 5.203309936523437500e+02 2.969762268066406250e+02 2.661030292510986328e-01 2.000000000000000000e+00
5.365539550781250000e+02 2.292117156982421875e+02 5.463574218750000000e+02 2.510811462402343750e+02 2.502633929252624512e-01 9.000000000000000000e+00
