8.148591308593750000e+02 7.437694549560546875e+01 8.692478027343750000e+02 1.818743896484375000e+02 8.528293371200561523e-01 6.700000000000000000e+01
5.750661621093750000e+02 2.249866180419921875e+02 6.147104492187500000e+02 3.146239013671875000e+02 7.933459877967834473e-01 6.700000000000000000e+01
9.160590209960937500e+02 2.018242492675781250e+02 1.017749084472656250e+03 2.608706665039062500e+02 7.462330460548400879e-01 6.700000000000000000e+01
7.798270874023437500e+02 4.416033630371093750e+02 8.237249755859375000e+02 5.475463256835937500e+02 7.405797243118286133e-01 6.700000000000000000e+01
1.097968872070312500e+03 1.684628295898437500e+02 1.211988159179687500e+03 2.131907501220703125e+02 7.365869879722595215e-01 6.700000000000000000e+01
3.532636718750000000e+02 4.734301757812500000e+01 4.062679748535156250e+02 1.574303436279296875e+02 7.103443145751953125e-01 6.700000000000000000e+01
6.979371948242187500e+02 2.298507232666015625e+02 7.431689453125000000e+02 3.406095886230468750e+02 7.008818387985229492e-01 6.700000000000000000e+01
4.329131469726562500e+02 4.877866516113281250e+02 5.410751342773437500e+02 5.679135742187500000e+02 4.443825185298919678e-01 2.000000000000000000e+00
2.584605407714843750e+02 4.868212585449218750e+02 3.736420898437500000e+02 5.469825439453125000e+02 3.922246992588043213e-01 2.000000000000000000e+00
1.109427978515625000e+03 2.491092071533203125e+02 1.168100463867187500e+03 3.716709594726562500e+02 3.763494491577148438e-01 6.700000000000000000e+01
5.655497436523437500e+02 7.297512817382812500e+01 6.123280029296875000e+02 1.938282928466796875e+02 2.568087875843048096e-01 6.700000000000000000e+01
