1.163082122802734375e-01 4.649188537597656250e+02 1.618892822265625000e+02 6.123351440429687500e+02 9.036478400230407715e-01 2.000000000000000000e+00
1.798919677734375000e+02 4.490446472167968750e+02 4.354990234375000000e+02 5.880223999023437500e+02 8.922228813171386719e-01 2.000000000000000000e+00
7.462781982421875000e+02 3.896827087402343750e+02 9.257738647460937500e+02 4.888839721679687500e+02 8.633717298507690430e-01 2.000000000000000000e+00
6.282912597656250000e+02 4.096798095703125000e+02 8.341764526367187500e+02 5.421685180664062500e+02 8.600177764892578125e-01 2.000000000000000000e+00
3.986221313476562500e+02 4.270302429199218750e+02 6.286723022460937500e+02 5.514765014648437500e+02 8.290893435478210449e-01 2.000000000000000000e+00
1.140273315429687500e+03 2.811307373046875000e+02 1.299567871093750000e+03 3.610658264160156250e+02 8.221529126167297363e-01 2.000000000000000000e+00
1.185633178710937500e+03 1.658534393310546875e+02 1.247920166015625000e+03 2.251420898437500000e+02 7.512866854667663574e-01 2.000000000000000000e+00
1.191713745117187500e+03 2.248674163818359375e+02 1.268824340820312500e+03 2.881355895996093750e+02 7.035692930221557617e-01 2.000000000000000000e+00
2.495695343017578125e+02 3.282602233886718750e+02 2.757560119628906250e+02 3.969449768066406250e+02 6.226224899291992188e-01 0.000000000000000000e+00
8.993659667968750000e+02 3.775132446289062500e+02 9.277603759765625000e+02 4.463985595703125000e+02 5.968912243843078613e-01 0.000000000000000000e+00
9.924383544921875000e+02 3.117091979980468750e+02 1.134126586914062500e+03 4.138291015625000000e+02 5.233945250511169434e-01 5.000000000000000000e+00
3.419306945800781250e+02 3.864608154296875000e+02 4.340523986816406250e+02 4.409270324707031250e+02 4.665798544883728027e-01 3.000000000000000000e+00
1.156770019531250000e+03 1.378913421630859375e+02 1.199364746093750000e+03 1.879016723632812500e+02 4.626611769199371338e-01 2.000000000000000000e+00
1.245124145507812500e+03 3.895184936523437500e+02 1.280034179687500000e+03 4.592229614257812500e+02 4.591090083122253418e-01 0.000000000000000000e+00
9.810919799804687500e+02 3.113913879394531250e+02 1.132885620117187500e+03 4.139477233886718750e+02 3.704735934734344482e-01 7.000000000000000000e+00
1.230329589843750000e+03 3.937329711914062500e+02 1.280297973632812500e+03 4.678610229492187500e+02 3.550582528114318848e-01 3.000000000000000000e+00
9.963229370117187500e+02 1.753403167724609375e+02 1.086425292968750000e+03 2.466237945556640625e+02 3.498717546463012695e-01 7.000000000000000000e+00
8.108223266601562500e+02 3.483623962402343750e+02 8.349083251953125000e+02 3.869634094238281250e+02 3.202613890171051025e-01 0.000000000000000000e+00
8.358775634765625000e+02 3.442962341308593750e+02 8.525765380859375000e+02 3.871554260253906250e+02 3.159500658512115479e-01 0.000000000000000000e+00
9.643853759765625000e+02 2.389478759765625000e+02 1.028962036132812500e+03 2.740986938476562500e+02 3.118498921394348145e-01 3.000000000000000000e+00
1.133627075195312500e+03 6.927207946777343750e+01 1.184005493164062500e+03 1.312020111083984375e+02 3.081865012645721436e-01 7.000000000000000000e+00
8.950107421875000000e+02 3.321139526367187500e+02 9.090040283203125000e+02 3.701083374023437500e+02 3.069257140159606934e-01 0.000000000000000000e+00
9.785599975585937500e+02 2.802280273437500000e+02 1.014232055664062500e+03 3.173396301269531250e+02 2.792451381683349609e-01 3.000000000000000000e+00
1.041536865234375000e+03 1.391492767333984375e+02 1.101276733398437500e+03 1.923659362792968750e+02 2.608506977558135986e-01 7.000000000000000000e+00
1.092807128906250000e+03 2.651097106933593750e+02 1.175489990234375000e+03 3.212141723632812500e+02 2.594922780990600586e-01 3.000000000000000000e+00
