6.422025756835937500e+02 5.910759277343750000e+02 7.716694946289062500e+02 7.432339477539062500e+02 9.094822406768798828e-01 2.000000000000000000e+00
2.384117584228515625e+02 2.336934509277343750e+02 3.074040832519531250e+02 2.818989257812500000e+02 8.546326160430908203e-01 2.000000000000000000e+00
7.790675659179687500e+02 2.768438720703125000e+02 8.399260253906250000e+02 3.398388061523437500e+02 8.457220196723937988e-01 2.000000000000000000e+00
3.171086730957031250e+02 2.357517395019531250e+02 3.661733093261718750e+02 2.801383056640625000e+02 8.230717182159423828e-01 2.000000000000000000e+00
8.590499877929687500e+02 3.441252136230468750e+02 9.110317993164062500e+02 4.028195190429687500e+02 8.192316889762878418e-01 2.000000000000000000e+00
9.918898315429687500e+02 3.616912841796875000e+02 1.053734863281250000e+03 4.320984191894531250e+02 8.047602772712707520e-01 2.000000000000000000e+00
3.904356689453125000e+02 2.449118499755859375e+02 4.340963439941406250e+02 2.886657104492187500e+02 8.016986846923828125e-01 2.000000000000000000e+00
4.600917968750000000e+02 2.454448547363281250e+02 5.029047851562500000e+02 2.892312316894531250e+02 7.937457561492919922e-01 2.000000000000000000e+00
9.558890991210937500e+02 3.026086730957031250e+02 1.039042480468750000e+03 3.652325439453125000e+02 7.882034182548522949e-01 2.000000000000000000e+00
9.457359008789062500e+02 2.434261169433593750e+02 1.020356018066406250e+03 2.913541259765625000e+02 7.695206999778747559e-01 2.000000000000000000e+00
8.332072753906250000e+02 1.944567413330078125e+02 8.767175903320312500e+02 2.371911468505859375e+02 7.628205418586730957e-01 2.000000000000000000e+00
3.050423889160156250e+02 6.048726196289062500e+02 3.334252929687500000e+02 6.767554321289062500e+02 7.296846508979797363e-01 0.000000000000000000e+00
7.397637329101562500e+02 1.884815368652343750e+02 7.944332275390625000e+02 2.323485107421875000e+02 7.290979027748107910e-01 2.000000000000000000e+00
1.706677703857421875e+02 4.566519470214843750e+02 2.015340728759765625e+02 5.270833740234375000e+02 6.960030794143676758e-01 9.000000000000000000e+00
6.276300048828125000e+02 1.966400604248046875e+02 7.182767333984375000e+02 2.450661621093750000e+02 6.572374701499938965e-01 2.000000000000000000e+00
2.693769531250000000e+02 7.301326293945312500e+02 3.013641357421875000e+02 7.650000000000000000e+02 6.003994941711425781e-01 0.000000000000000000e+00
3.623929443359375000e+02 4.800875854492187500e+02 3.914305725097656250e+02 5.387734375000000000e+02 5.164594650268554688e-01 0.000000000000000000e+00
2.251204833984375000e+02 7.058785400390625000e+02 2.552248535156250000e+02 7.615968627929687500e+02 5.159735083580017090e-01 0.000000000000000000e+00
9.440187377929687500e+02 3.679679870605468750e+02 9.620629272460937500e+02 4.129820861816406250e+02 4.898898899555206299e-01 0.000000000000000000e+00
1.011804321289062500e+03 2.144716186523437500e+02 1.081618652343750000e+03 2.744313354492187500e+02 4.550890624523162842e-01 2.000000000000000000e+00
0.000000000000000000e+00 4.172475051879882812e+01 1.791918792724609375e+02 7.504191284179687500e+02 4.466302394866943359e-01 5.000000000000000000e+00
5.949925537109375000e+02 2.362103118896484375e+02 6.429553833007812500e+02 2.865213317871093750e+02 4.430218338966369629e-01 2.000000000000000000e+00
9.653749389648437500e+02 1.529640655517578125e+02 1.005872009277343750e+03 1.873356933593750000e+02 4.341296553611755371e-01 2.000000000000000000e+00
7.311900024414062500e+02 2.571694335937500000e+02 7.496118774414062500e+02 2.984845581054687500e+02 4.146792888641357422e-01 0.000000000000000000e+00
2.488503265380859375e+02 5.089031372070312500e+02 2.808730773925781250e+02 5.634269409179687500e+02 4.141003191471099854e-01 0.000000000000000000e+00
6.535455932617187500e+02 2.679180603027343750e+02 6.743866577148437500e+02 3.075987243652343750e+02 4.100139141082763672e-01 0.000000000000000000e+00
9.523206176757812500e+02 4.975915222167968750e+02 9.880330200195312500e+02 5.545147705078125000e+02 3.921254873275756836e-01 3.000000000000000000e+00
5.452319335937500000e+02 2.745910339355468750e+02 6.308936767578125000e+02 3.109389343261718750e+02 3.878172039985656738e-01 2.000000000000000000e+00
8.222348022460937500e+02 1.091721420288085938e+02 8.586052856445312500e+02 1.401432342529296875e+02 3.605620265007019043e-01 2.000000000000000000e+00
9.570187377929687500e+02 4.964102172851562500e+02 9.872691040039062500e+02 5.449848632812500000e+02 3.191415071487426758e-01 0.000000000000000000e+00
6.392673110961914062e+01 2.679985351562500000e+02 8.874960327148437500e+01 3.062539062500000000e+02 2.967339158058166504e-01 3.000000000000000000e+00
8.871715087890625000e+02 5.358168029785156250e+01 9.160795898437500000e+02 8.446958160400390625e+01 2.966405749320983887e-01 2.000000000000000000e+00
7.776770019531250000e+01 1.843518524169921875e+02 1.690328063964843750e+02 2.276723327636718750e+02 2.729371786117553711e-01 2.000000000000000000e+00
3.381125488281250000e+02 2.026171722412109375e+02 3.515924377441406250e+02 2.295083312988281250e+02 2.697356939315795898e-01 0.000000000000000000e+00
