8.007976074218750000e+02 5.987300415039062500e+02 9.257586059570312500e+02 7.249043579101562500e+02 9.093677997589111328e-01 2.000000000000000000e+00
7.346638183593750000e+02 6.514398193359375000e+02 8.618656616210937500e+02 7.637846679687500000e+02 8.816800117492675781e-01 2.000000000000000000e+00
8.696486206054687500e+02 5.837069702148437500e+02 9.948622436523437500e+02 6.955177001953125000e+02 8.661319613456726074e-01 2.000000000000000000e+00
9.434307861328125000e+02 5.606149291992187500e+02 1.077361206054687500e+03 6.721188964843750000e+02 8.520752787590026855e-01 2.000000000000000000e+00
1.072387207031250000e+03 5.270297241210937500e+02 1.200363769531250000e+03 6.384378662109375000e+02 8.247967958450317383e-01 2.000000000000000000e+00
9.037280273437500000e+02 4.406696472167968750e+02 1.019363342285156250e+03 5.090192565917968750e+02 8.157808780670166016e-01 2.000000000000000000e+00
1.071783569335937500e+03 4.423536071777343750e+02 1.183909179687500000e+03 5.008497924804687500e+02 7.967314124107360840e-01 2.000000000000000000e+00
4.961199340820312500e+02 6.736401977539062500e+02 6.299830932617187500e+02 7.650000000000000000e+02 7.363093495368957520e-01 2.000000000000000000e+00
1.085125122070312500e+03 3.509952087402343750e+02 1.177126342773437500e+03 3.944082031250000000e+02 7.314335703849792480e-01 2.000000000000000000e+00
9.336459350585937500e+02 3.710573120117187500e+02 1.021352478027343750e+03 4.250384521484375000e+02 7.294590473175048828e-01 2.000000000000000000e+00
1.182553955078125000e+03 3.922955932617187500e+02 1.282525390625000000e+03 4.397557678222656250e+02 7.081432342529296875e-01 2.000000000000000000e+00
8.871824340820312500e+02 2.845474548339843750e+02 9.584921264648437500e+02 3.257374877929687500e+02 6.873654723167419434e-01 2.000000000000000000e+00
2.370418930053710938e+01 6.605571289062500000e+02 5.543557357788085938e+01 7.173673706054687500e+02 6.824952363967895508e-01 0.000000000000000000e+00
6.512376708984375000e+02 6.759861450195312500e+02 7.652821044921875000e+02 7.631116333007812500e+02 6.606395840644836426e-01 2.000000000000000000e+00
1.003418273925781250e+03 5.528901977539062500e+02 1.143008056640625000e+03 6.502582397460937500e+02 6.362470984458923340e-01 2.000000000000000000e+00
8.708669433593750000e+02 4.039966125488281250e+02 9.762072143554687500e+02 4.594064636230468750e+02 6.241750717163085938e-01 2.000000000000000000e+00
6.960350952148437500e+02 5.088491821289062500e+02 7.124508056640625000e+02 5.554619750976562500e+02 6.179001927375793457e-01 0.000000000000000000e+00
1.007247680664062500e+03 3.137990112304687500e+02 1.085554565429687500e+03 3.543572082519531250e+02 5.351033806800842285e-01 2.000000000000000000e+00
8.132849121093750000e+02 2.404233093261718750e+02 8.907037353515625000e+02 2.791251831054687500e+02 5.174463391304016113e-01 2.000000000000000000e+00
6.025191650390625000e+02 4.374919433593750000e+02 7.118648071289062500e+02 4.846726074218750000e+02 4.110884368419647217e-01 2.000000000000000000e+00
8.476968383789062500e+02 3.763373107910156250e+02 9.486206054687500000e+02 4.270137023925781250e+02 3.978046178817749023e-01 2.000000000000000000e+00
5.368394165039062500e+02 4.974656372070312500e+02 6.617695312500000000e+02 5.651339721679687500e+02 3.657465875148773193e-01 2.000000000000000000e+00
6.441777343750000000e+02 3.930450439453125000e+02 7.515706176757812500e+02 4.532283020019531250e+02 3.576250076293945312e-01 2.000000000000000000e+00
6.232150268554687500e+02 3.110089416503906250e+02 6.891896362304687500e+02 3.427721862792968750e+02 3.310249447822570801e-01 2.000000000000000000e+00
6.232102661132812500e+02 4.117477722167968750e+02 7.311248168945312500e+02 4.717250061035156250e+02 2.812609374523162842e-01 2.000000000000000000e+00
8.074784545898437500e+02 3.552476501464843750e+02 9.142694702148437500e+02 3.987509460449218750e+02 2.789358198642730713e-01 2.000000000000000000e+00
9.617235107421875000e+02 3.206714172363281250e+02 1.060209838867187500e+03 3.642823486328125000e+02 2.757090628147125244e-01 2.000000000000000000e+00
5.752416992187500000e+02 4.642112426757812500e+02 6.813137207031250000e+02 5.127860717773437500e+02 2.699260413646697998e-01 2.000000000000000000e+00
6.669951782226562500e+02 1.693743133544921875e+02 7.161048583984375000e+02 1.942455291748046875e+02 2.537100911140441895e-01 2.000000000000000000e+00
1.145887207031250000e+03 5.281763305664062500e+02 1.265673950195312500e+03 6.116610107421875000e+02 2.536471784114837646e-01 2.000000000000000000e+00
