5.760949096679687500e+02 3.758121032714843750e+02 6.198101806640625000e+02 4.273180541992187500e+02 7.825393080711364746e-01 2.000000000000000000e+00
7.513060302734375000e+02 6.980914916992187500e+02 8.494810791015625000e+02 7.650000000000000000e+02 7.745794653892517090e-01 2.000000000000000000e+00
1.820543212890625000e+02 3.216374511718750000e+02 2.424108581542968750e+02 3.523683471679687500e+02 7.604720592498779297e-01 2.000000000000000000e+00
7.104500122070312500e+02 3.763509826660156250e+02 7.605747680664062500e+02 4.353343200683593750e+02 7.488535046577453613e-01 2.000000000000000000e+00
5.989772949218750000e+02 4.911977844238281250e+02 6.615275878906250000e+02 5.764657592773437500e+02 7.351438403129577637e-01 2.000000000000000000e+00
6.510939331054687500e+02 3.773216857910156250e+02 6.982815551757812500e+02 4.333068237304687500e+02 7.200314998626708984e-01 2.000000000000000000e+00
6.782111206054687500e+02 3.162848510742187500e+02 7.119868774414062500e+02 3.493114624023437500e+02 6.630085706710815430e-01 2.000000000000000000e+00
6.248229980468750000e+02 3.137035217285156250e+02 6.589005737304687500e+02 3.500578308105468750e+02 6.519666314125061035e-01 2.000000000000000000e+00
1.349951171875000000e+02 2.885286560058593750e+02 2.068882751464843750e+02 3.181030578613281250e+02 6.359469294548034668e-01 2.000000000000000000e+00
5.739266357421875000e+02 2.950313720703125000e+02 6.063316040039062500e+02 3.205587768554687500e+02 5.999892354011535645e-01 2.000000000000000000e+00
1.211569824218750000e+03 4.472769165039062500e+02 1.295067871093750000e+03 5.035805358886718750e+02 5.807287693023681641e-01 2.000000000000000000e+00
1.046446533203125000e+02 7.228768310546875000e+02 1.415627746582031250e+02 7.650000000000000000e+02 5.467277169227600098e-01 0.000000000000000000e+00
8.100808105468750000e+02 4.917163085937500000e+02 9.003221435546875000e+02 5.815181884765625000e+02 5.410902500152587891e-01 5.000000000000000000e+00
1.844057922363281250e+02 5.593726196289062500e+02 2.083544311523437500e+02 6.193173217773437500e+02 5.111151933670043945e-01 0.000000000000000000e+00
5.696079101562500000e+02 2.400655212402343750e+02 5.957697753906250000e+02 2.627048950195312500e+02 4.958146214485168457e-01 2.000000000000000000e+00
9.897220458984375000e+02 3.000442199707031250e+02 1.004097839355468750e+03 3.252433166503906250e+02 4.707208871841430664e-01 9.000000000000000000e+00
7.540397338867187500e+02 5.198579711914062500e+02 8.268768920898437500e+02 6.003257446289062500e+02 4.464856386184692383e-01 2.000000000000000000e+00
6.990426025390625000e+02 2.368787689208984375e+02 7.176074218750000000e+02 2.548626861572265625e+02 4.396413266658782959e-01 2.000000000000000000e+00
3.469938354492187500e+02 4.273096923828125000e+02 3.725636596679687500e+02 5.070260620117187500e+02 4.157774746417999268e-01 9.000000000000000000e+00
8.073120727539062500e+02 4.875566711425781250e+02 9.009880371093750000e+02 5.846514892578125000e+02 3.967953324317932129e-01 7.000000000000000000e+00
1.255286376953125000e+03 3.519248352050781250e+02 1.359229614257812500e+03 4.270937500000000000e+02 3.879989981651306152e-01 5.000000000000000000e+00
4.494557189941406250e+02 3.279453125000000000e+02 4.627308654785156250e+02 3.540718383789062500e+02 3.812753558158874512e-01 9.000000000000000000e+00
7.543505859375000000e+02 5.194112548828125000e+02 8.261059570312500000e+02 5.990671386718750000e+02 3.670167326927185059e-01 7.000000000000000000e+00
1.660818634033203125e+02 3.292279663085937500e+02 1.861519317626953125e+02 3.724407043457031250e+02 3.372167646884918213e-01 0.000000000000000000e+00
6.157246093750000000e+02 2.774210815429687500e+02 6.428580322265625000e+02 2.960566711425781250e+02 3.370771706104278564e-01 2.000000000000000000e+00
1.247697509765625000e+03 4.026150817871093750e+02 1.289616455078125000e+03 4.422769470214843750e+02 3.239393830299377441e-01 0.000000000000000000e+00
6.763325805664062500e+02 2.163743591308593750e+02 6.982543334960937500e+02 2.336037902832031250e+02 3.194054663181304932e-01 2.000000000000000000e+00
1.242825805664062500e+03 4.060128173828125000e+02 1.292471679687500000e+03 4.442041015625000000e+02 3.153892755508422852e-01 3.000000000000000000e+00
1.244238159179687500e+03 4.056724548339843750e+02 1.291895874023437500e+03 4.452538146972656250e+02 3.084087073802947998e-01 2.000000000000000000e+00
6.664091186523437500e+02 1.488709564208984375e+02 7.149682617187500000e+02 2.083696289062500000e+02 3.080109059810638428e-01 5.000000000000000000e+00
1.145960449218750000e+03 3.851748046875000000e+02 1.180906982421875000e+03 4.309716186523437500e+02 2.905876636505126953e-01 0.000000000000000000e+00
1.148723754882812500e+03 4.001251525878906250e+02 1.183292114257812500e+03 4.349204101562500000e+02 2.776541113853454590e-01 3.000000000000000000e+00
1.327744506835937500e+03 4.793182678222656250e+02 1.355146850585937500e+03 5.158802490234375000e+02 2.759565412998199463e-01 0.000000000000000000e+00
4.803111877441406250e+02 3.265729675292968750e+02 5.196156616210937500e+02 3.713729248046875000e+02 2.757929563522338867e-01 9.000000000000000000e+00
