3.814691162109375000e+02 3.178470764160156250e+02 4.065851440429687500e+02 3.473486938476562500e+02 8.168482780456542969e-01 2.000000000000000000e+00
6.325144042968750000e+02 4.296952819824218750e+02 6.720656738281250000e+02 4.723845825195312500e+02 6.625940799713134766e-01 2.000000000000000000e+00
4.397181091308593750e+02 2.635361938476562500e+02 4.568855285644531250e+02 2.800274963378906250e+02 6.598707437515258789e-01 2.000000000000000000e+00
4.942207336425781250e+02 2.946215515136718750e+02 5.131598510742187500e+02 3.145582885742187500e+02 6.526374220848083496e-01 2.000000000000000000e+00
3.917152709960937500e+02 2.874495544433593750e+02 4.112278137207031250e+02 3.062706298828125000e+02 6.471167802810668945e-01 2.000000000000000000e+00
4.707766418457031250e+02 2.949069824218750000e+02 4.850691223144531250e+02 3.142059631347656250e+02 5.282206535339355469e-01 2.000000000000000000e+00
3.989025878906250000e+02 3.643342590332031250e+02 4.276191101074218750e+02 4.119999694824218750e+02 5.026114583015441895e-01 2.000000000000000000e+00
6.386884765625000000e+02 5.105730590820312500e+02 6.529064941406250000e+02 5.384695434570312500e+02 4.780907630920410156e-01 0.000000000000000000e+00
2.733941040039062500e+02 2.978591308593750000e+02 3.075572814941406250e+02 3.210460510253906250e+02 4.025091230869293213e-01 2.000000000000000000e+00
7.125723266601562500e+02 3.597234802246093750e+02 7.252307739257812500e+02 3.798236694335937500e+02 3.913477659225463867e-01 0.000000000000000000e+00
8.620160522460937500e+02 4.996876831054687500e+02 8.749259033203125000e+02 5.313010253906250000e+02 3.884033262729644775e-01 0.000000000000000000e+00
2.938977966308593750e+02 4.712569885253906250e+02 3.438000793457031250e+02 5.307852172851562500e+02 3.856951296329498291e-01 5.000000000000000000e+00
0.000000000000000000e+00 4.396584777832031250e+02 5.738600921630859375e+01 5.145784301757812500e+02 3.716656863689422607e-01 5.000000000000000000e+00
4.757405090332031250e+02 2.137797546386718750e+02 4.903872070312500000e+02 2.290601806640625000e+02 3.693981468677520752e-01 2.000000000000000000e+00
7.092107543945312500e+02 3.948937683105468750e+02 7.192396240234375000e+02 4.146490173339843750e+02 3.396197557449340820e-01 0.000000000000000000e+00
4.884701843261718750e+02 2.383936157226562500e+02 5.015956420898437500e+02 2.543258514404296875e+02 3.325852453708648682e-01 2.000000000000000000e+00
4.702701721191406250e+02 2.410166931152343750e+02 4.938928833007812500e+02 2.576739807128906250e+02 3.308804333209991455e-01 2.000000000000000000e+00
1.088933944702148438e-01 4.404035644531250000e+02 5.770107650756835938e+01 5.136791381835937500e+02 3.218327462673187256e-01 7.000000000000000000e+00
6.789440917968750000e+02 5.144219360351562500e+02 7.008936767578125000e+02 5.399241333007812500e+02 3.163458108901977539e-01 0.000000000000000000e+00
1.074836044311523438e+02 3.926068115234375000e+02 1.423398132324218750e+02 4.246139221191406250e+02 3.148389756679534912e-01 2.000000000000000000e+00
2.933658142089843750e+02 4.723877563476562500e+02 3.451206359863281250e+02 5.296685180664062500e+02 3.132911026477813721e-01 7.000000000000000000e+00
6.810425415039062500e+02 5.127469482421875000e+02 7.326132202148437500e+02 5.398247680664062500e+02 3.122169673442840576e-01 2.000000000000000000e+00
6.588663482666015625e+01 4.788961791992187500e+02 8.618604278564453125e+01 5.034650878906250000e+02 3.108463883399963379e-01 0.000000000000000000e+00
8.783405151367187500e+02 4.827280273437500000e+02 8.907700805664062500e+02 5.094985046386718750e+02 2.831364870071411133e-01 0.000000000000000000e+00
7.957755126953125000e+02 4.358203125000000000e+02 8.220908813476562500e+02 4.559162292480468750e+02 2.638072669506072998e-01 2.000000000000000000e+00
5.593623046875000000e+02 3.608916320800781250e+02 5.715320434570312500e+02 3.826011657714843750e+02 2.597986757755279541e-01 9.000000000000000000e+00
2.940503540039062500e+02 4.715810852050781250e+02 3.447297363281250000e+02 5.309758300781250000e+02 2.570826113224029541e-01 2.000000000000000000e+00
6.039700317382812500e+02 4.818137817382812500e+02 6.155079345703125000e+02 5.150012817382812500e+02 2.568821609020233154e-01 0.000000000000000000e+00
2.857922973632812500e+02 3.879445495605468750e+02 2.963837890625000000e+02 4.092633361816406250e+02 2.545243799686431885e-01 0.000000000000000000e+00
