1.205401855468750000e+03 7.561992187500000000e+02 1.564729736328125000e+03 9.182052612304687500e+02 8.481173515319824219e-01 2.000000000000000000e+00
1.071197631835937500e+03 6.677035522460937500e+02 1.190914550781250000e+03 7.537829589843750000e+02 8.379374742507934570e-01 2.000000000000000000e+00
2.601211853027343750e+02 7.332200927734375000e+02 3.046238708496093750e+02 8.554697265625000000e+02 8.032308816909790039e-01 0.000000000000000000e+00
0.000000000000000000e+00 9.352344360351562500e+02 5.725720596313476562e+01 1.080000000000000000e+03 7.507457733154296875e-01 0.000000000000000000e+00
2.044729309082031250e+02 7.373985595703125000e+02 2.441490478515625000e+02 8.362526245117187500e+02 7.064720392227172852e-01 0.000000000000000000e+00
1.297723022460937500e+03 9.330926513671875000e+02 1.371526733398437500e+03 1.079062255859375000e+03 6.998049020767211914e-01 0.000000000000000000e+00
1.217271728515625000e+03 9.242506713867187500e+02 1.296039184570312500e+03 1.072226196289062500e+03 6.548255085945129395e-01 0.000000000000000000e+00
1.775291015625000000e+03 1.023098937988281250e+03 1.871566406250000000e+03 1.080000000000000000e+03 6.500222086906433105e-01 0.000000000000000000e+00
1.052177734375000000e+03 7.827986450195312500e+02 1.102230712890625000e+03 9.012940673828125000e+02 5.635554790496826172e-01 0.000000000000000000e+00
9.928754882812500000e+02 7.732614135742187500e+02 1.049351928710937500e+03 9.307621459960937500e+02 5.375012159347534180e-01 0.000000000000000000e+00
1.634171630859375000e+03 8.644714965820312500e+02 1.676303833007812500e+03 1.012495239257812500e+03 5.291101932525634766e-01 0.000000000000000000e+00
1.037754882812500000e+03 8.624791259765625000e+02 1.098385498046875000e+03 1.005573486328125000e+03 4.760776460170745850e-01 0.000000000000000000e+00
9.935707397460937500e+02 8.678448486328125000e+02 1.040447387695312500e+03 1.000231750488281250e+03 3.795944750308990479e-01 0.000000000000000000e+00
8.722673950195312500e+02 6.731580200195312500e+02 9.001530761718750000e+02 7.733705444335937500e+02 3.599196970462799072e-01 0.000000000000000000e+00
9.558663940429687500e+02 7.316470336914062500e+02 9.963878173828125000e+02 8.272443847656250000e+02 3.559239804744720459e-01 0.000000000000000000e+00
7.722416381835937500e+02 6.844063110351562500e+02 8.034578247070312500e+02 7.699056396484375000e+02 3.479956686496734619e-01 0.000000000000000000e+00
9.278263549804687500e+02 7.875073852539062500e+02 9.832357177734375000e+02 9.141634521484375000e+02 3.463534712791442871e-01 0.000000000000000000e+00
4.821708068847656250e+02 6.282470092773437500e+02 5.074411926269531250e+02 7.038210449218750000e+02 3.297008872032165527e-01 0.000000000000000000e+00
8.044608764648437500e+02 6.716242675781250000e+02 8.368084716796875000e+02 7.715165405273437500e+02 3.143353164196014404e-01 0.000000000000000000e+00
1.301739257812500000e+03 9.469076538085937500e+02 1.381350585937500000e+03 1.068553222656250000e+03 3.045286536216735840e-01 2.600000000000000000e+01
9.159453735351562500e+02 7.314062500000000000e+02 9.525897216796875000e+02 8.342606201171875000e+02 3.019291758537292480e-01 0.000000000000000000e+00
6.456596069335937500e+02 5.766042480468750000e+02 6.872380981445312500e+02 6.249439697265625000e+02 2.757560014724731445e-01 2.000000000000000000e+00
8.394700927734375000e+02 6.851907348632812500e+02 8.681277465820312500e+02 7.742677612304687500e+02 2.601399123668670654e-01 0.000000000000000000e+00
