5.411944580078125000e+01 2.518722839355468750e+02 1.689720306396484375e+02 3.125042419433593750e+02 8.212134838104248047e-01 2.000000000000000000e+00
1.756410217285156250e+02 1.308104095458984375e+02 2.344876708984375000e+02 1.803869171142578125e+02 7.676230669021606445e-01 2.000000000000000000e+00
7.201599731445312500e+02 2.871307067871093750e+02 7.690628662109375000e+02 3.576861877441406250e+02 7.427560687065124512e-01 2.000000000000000000e+00
7.337346801757812500e+02 1.477903747558593750e+02 7.769560546875000000e+02 1.974895782470703125e+02 7.427370548248291016e-01 2.000000000000000000e+00
5.642974243164062500e+02 5.348628540039062500e+02 6.352404174804687500e+02 6.554985961914062500e+02 6.985219717025756836e-01 2.000000000000000000e+00
3.484625816345214844e-01 3.015032653808593750e+02 1.000690917968750000e+02 3.735582885742187500e+02 6.941882967948913574e-01 2.000000000000000000e+00
6.086431274414062500e+02 3.669186401367187500e+02 6.661464843750000000e+02 4.541294555664062500e+02 6.644185185432434082e-01 2.000000000000000000e+00
7.074088745117187500e+02 4.183836364746093750e+02 7.684295654296875000e+02 5.171867065429687500e+02 6.625559926033020020e-01 2.000000000000000000e+00
6.883894042968750000e+02 6.691002807617187500e+02 7.690310058593750000e+02 7.650000000000000000e+02 6.574718952178955078e-01 2.000000000000000000e+00
6.419525756835937500e+02 2.434981994628906250e+02 6.944763183593750000e+02 3.160913085937500000e+02 6.355260610580444336e-01 2.000000000000000000e+00
1.075574096679687500e+03 6.493690185546875000e+02 1.185912231445312500e+03 7.632722167968750000e+02 5.206156373023986816e-01 2.000000000000000000e+00
2.680137634277343750e+02 5.448035888671875000e+02 2.984145202636718750e+02 5.995850219726562500e+02 5.137820243835449219e-01 0.000000000000000000e+00
7.304384765625000000e+02 3.379423141479492188e+00 7.607174072265625000e+02 3.230393218994140625e+01 5.135400295257568359e-01 2.000000000000000000e+00
5.809136352539062500e+02 1.539957046508789062e+00 6.122987670898437500e+02 2.132586669921875000e+01 5.128383636474609375e-01 2.000000000000000000e+00
7.333562622070312500e+02 5.411037063598632812e+01 7.702021484375000000e+02 8.765676116943359375e+01 4.926917552947998047e-01 2.000000000000000000e+00
7.086989135742187500e+02 4.197847290039062500e+02 7.667669067382812500e+02 5.188591308593750000e+02 4.563789665699005127e-01 5.000000000000000000e+00
6.541244506835937500e+02 5.496681690216064453e+00 6.980051269531250000e+02 3.654032135009765625e+01 4.553714096546173096e-01 2.000000000000000000e+00
1.220779785156250000e+03 6.771625366210937500e+02 1.358297607421875000e+03 7.642435913085937500e+02 2.747983336448669434e-01 2.000000000000000000e+00
