1.045829711914062500e+03 4.480471191406250000e+02 1.193262207031250000e+03 5.130195312500000000e+02 8.640919327735900879e-01 2.000000000000000000e+00
1.276698226928710938e+02 3.748257751464843750e+02 2.596115417480468750e+02 4.419691772460937500e+02 8.395794630050659180e-01 2.000000000000000000e+00
7.135516357421875000e+02 3.998263854980468750e+02 7.940704956054687500e+02 4.637071838378906250e+02 8.381443619728088379e-01 2.000000000000000000e+00
3.253847351074218750e+02 2.948000793457031250e+02 3.909214782714843750e+02 3.435320129394531250e+02 8.058937191963195801e-01 2.000000000000000000e+00
0.000000000000000000e+00 3.960364990234375000e+02 5.196252822875976562e+01 4.616750488281250000e+02 7.955974340438842773e-01 2.000000000000000000e+00
1.057940795898437500e+03 3.409996337890625000e+02 1.154388916015625000e+03 3.821522521972656250e+02 7.954540848731994629e-01 2.000000000000000000e+00
1.306420043945312500e+03 3.802843933105468750e+02 1.359982299804687500e+03 4.294205627441406250e+02 7.394852638244628906e-01 2.000000000000000000e+00
5.958558959960937500e+02 3.322277221679687500e+02 6.383107299804687500e+02 3.818314819335937500e+02 7.300686240196228027e-01 2.000000000000000000e+00
4.740882873535156250e+02 3.794312133789062500e+02 5.404995117187500000e+02 4.503321228027343750e+02 6.993405818939208984e-01 2.000000000000000000e+00
4.007759704589843750e+02 4.399875183105468750e+02 4.251898803710937500e+02 4.942109375000000000e+02 6.968885660171508789e-01 0.000000000000000000e+00
3.668389892578125000e+02 2.573482360839843750e+02 4.346197204589843750e+02 3.044498596191406250e+02 6.816501617431640625e-01 2.000000000000000000e+00
1.166514526367187500e+03 3.695399475097656250e+02 1.237917602539062500e+03 4.318291931152343750e+02 6.795647144317626953e-01 2.000000000000000000e+00
6.890377197265625000e+02 5.357224121093750000e+02 8.457759399414062500e+02 6.913951416015625000e+02 6.739910244941711426e-01 7.000000000000000000e+00
9.657830200195312500e+02 2.901485290527343750e+02 1.034591918945312500e+03 3.339703674316406250e+02 6.580471992492675781e-01 2.000000000000000000e+00
6.126584472656250000e+02 2.872944335937500000e+02 6.529379882812500000e+02 3.352647399902343750e+02 6.517608761787414551e-01 2.000000000000000000e+00
5.774157714843750000e+02 3.813951721191406250e+02 6.260859985351562500e+02 4.463504333496093750e+02 6.504281759262084961e-01 2.000000000000000000e+00
5.759625854492187500e+02 2.278526000976562500e+02 6.037081298828125000e+02 2.678023376464843750e+02 6.019462347030639648e-01 2.000000000000000000e+00
2.089125366210937500e+02 3.430553588867187500e+02 2.937996215820312500e+02 3.862406311035156250e+02 5.986616611480712891e-01 2.000000000000000000e+00
1.015905700683593750e+03 3.201574401855468750e+02 1.097729736328125000e+03 3.659635314941406250e+02 5.713684558868408203e-01 2.000000000000000000e+00
9.356456909179687500e+02 2.740595397949218750e+02 9.794161376953125000e+02 3.102945861816406250e+02 5.504705309867858887e-01 2.000000000000000000e+00
5.982324218750000000e+02 2.104386444091796875e+02 6.243703002929687500e+02 2.350536041259765625e+02 5.355387926101684570e-01 2.000000000000000000e+00
6.308684692382812500e+02 2.259032440185546875e+02 6.673341674804687500e+02 2.558777465820312500e+02 4.292842745780944824e-01 2.000000000000000000e+00
4.255102539062500000e+01 3.863161315917968750e+02 9.337135314941406250e+01 4.312156372070312500e+02 4.004399776458740234e-01 3.000000000000000000e+00
9.403102416992187500e+02 2.770888061523437500e+02 1.020172302246093750e+03 3.172204284667968750e+02 3.929419815540313721e-01 2.000000000000000000e+00
6.035028686523437500e+02 3.066590576171875000e+02 6.463286743164062500e+02 3.779723205566406250e+02 3.887307047843933105e-01 2.000000000000000000e+00
9.463027954101562500e+02 3.404993896484375000e+02 9.658214721679687500e+02 3.835845031738281250e+02 3.612995743751525879e-01 0.000000000000000000e+00
4.093090057373046875e+01 3.869204101562500000e+02 9.284578704833984375e+01 4.300286560058593750e+02 3.551967144012451172e-01 2.000000000000000000e+00
9.233619384765625000e+02 3.532751464843750000e+02 9.439037475585937500e+02 3.925218200683593750e+02 3.311298191547393799e-01 0.000000000000000000e+00
8.985216674804687500e+02 2.337825927734375000e+02 9.356605834960937500e+02 2.607288818359375000e+02 3.299253880977630615e-01 2.000000000000000000e+00
9.425346069335937500e+02 3.747151489257812500e+02 9.705577392578125000e+02 4.217498474121093750e+02 3.161130547523498535e-01 0.000000000000000000e+00
3.682214050292968750e+02 2.490262908935546875e+02 4.356578369140625000e+02 2.828367919921875000e+02 3.058321774005889893e-01 2.000000000000000000e+00
3.709998168945312500e+02 2.031315765380859375e+02 3.819261169433593750e+02 2.378740844726562500e+02 2.876850962638854980e-01 0.000000000000000000e+00
1.195555541992187500e+03 3.230670776367187500e+02 1.216639770507812500e+03 3.522831726074218750e+02 2.619365453720092773e-01 0.000000000000000000e+00
6.376004638671875000e+02 2.114095611572265625e+02 6.737056274414062500e+02 2.434684753417968750e+02 2.580090165138244629e-01 2.000000000000000000e+00
8.603117065429687500e+02 2.530962982177734375e+02 9.144025878906250000e+02 2.832435607910156250e+02 2.557853460311889648e-01 2.000000000000000000e+00
