6.328392333984375000e+02 8.564064331054687500e+02 7.019373168945312500e+02 1.053809082031250000e+03 8.100723028182983398e-01 0.000000000000000000e+00
1.038992919921875000e+03 9.002066040039062500e+02 1.114610717773437500e+03 1.080000000000000000e+03 7.485793828964233398e-01 0.000000000000000000e+00
8.720991210937500000e+02 7.889111938476562500e+02 9.285774536132812500e+02 9.541142578125000000e+02 7.475872039794921875e-01 0.000000000000000000e+00
9.667892456054687500e+02 9.190369873046875000e+02 1.023988098144531250e+03 1.073503784179687500e+03 6.618471741676330566e-01 0.000000000000000000e+00
7.411101684570312500e+02 6.838125000000000000e+02 7.747181396484375000e+02 7.939116210937500000e+02 6.513951420783996582e-01 0.000000000000000000e+00
9.126898193359375000e+02 7.965873413085937500e+02 9.699135742187500000e+02 9.616653442382812500e+02 6.241340041160583496e-01 0.000000000000000000e+00
9.751362304687500000e+02 8.095874633789062500e+02 1.029686767578125000e+03 9.488999633789062500e+02 5.679080486297607422e-01 0.000000000000000000e+00
1.139662933349609375e+02 7.374670410156250000e+02 1.643854980468750000e+02 8.619760131835937500e+02 5.514031648635864258e-01 0.000000000000000000e+00
4.930689697265625000e+02 6.849016723632812500e+02 5.287246093750000000e+02 7.728400268554687500e+02 5.499932765960693359e-01 0.000000000000000000e+00
8.049235839843750000e+02 6.893659667968750000e+02 8.327711791992187500e+02 7.978132934570312500e+02 4.807291030883789062e-01 0.000000000000000000e+00
5.884919357299804688e+01 7.696544189453125000e+02 1.089996490478515625e+02 9.096057739257812500e+02 4.525744616985321045e-01 0.000000000000000000e+00
9.157557487487792969e+00 6.972143554687500000e+02 5.153054046630859375e+01 8.405738525390625000e+02 4.377577900886535645e-01 0.000000000000000000e+00
8.261140747070312500e+02 7.652080078125000000e+02 8.665593261718750000e+02 8.707728881835937500e+02 4.282267689704895020e-01 0.000000000000000000e+00
1.681343750000000000e+03 7.624499511718750000e+02 1.740027221679687500e+03 9.460985107421875000e+02 4.154609441757202148e-01 0.000000000000000000e+00
8.576387939453125000e+02 6.885819702148437500e+02 8.870328979492187500e+02 7.881721801757812500e+02 4.057438969612121582e-01 0.000000000000000000e+00
1.277072631835937500e+03 7.092832641601562500e+02 1.319055541992187500e+03 8.169578857421875000e+02 3.571182787418365479e-01 0.000000000000000000e+00
9.253508300781250000e+02 6.513466186523437500e+02 9.512930297851562500e+02 7.331777954101562500e+02 2.762432098388671875e-01 0.000000000000000000e+00
0.000000000000000000e+00 7.462481689453125000e+02 2.989045715332031250e+01 8.806190185546875000e+02 2.761968374252319336e-01 0.000000000000000000e+00
