7.125784301757812500e+02 5.281997070312500000e+02 8.393875122070312500e+02 7.256815185546875000e+02 8.720913529396057129e-01 2.000000000000000000e+00
6.078943481445312500e+02 3.715447082519531250e+02 7.216754760742187500e+02 4.898280639648437500e+02 8.596267104148864746e-01 2.000000000000000000e+00
7.418740844726562500e+02 2.384654235839843750e+02 8.014395751953125000e+02 3.095148010253906250e+02 7.609254717826843262e-01 2.000000000000000000e+00
8.314218139648437500e+02 2.737450866699218750e+02 8.998346557617187500e+02 3.642837829589843750e+02 7.589717507362365723e-01 2.000000000000000000e+00
7.875481567382812500e+02 1.760061645507812500e+02 8.383664550781250000e+02 2.312944946289062500e+02 7.494273781776428223e-01 2.000000000000000000e+00
8.604718627929687500e+02 2.031525421142578125e+02 9.105384521484375000e+02 2.680999145507812500e+02 7.393082380294799805e-01 2.000000000000000000e+00
1.038269531250000000e+03 6.784663085937500000e+02 1.201052856445312500e+03 7.645823364257812500e+02 7.117480635643005371e-01 2.000000000000000000e+00
1.214262329101562500e+03 1.655921478271484375e+02 1.266327636718750000e+03 2.065307006835937500e+02 7.050873041152954102e-01 2.000000000000000000e+00
9.803446655273437500e+02 7.215900421142578125e+01 9.981975708007812500e+02 1.065948944091796875e+02 7.024022936820983887e-01 9.000000000000000000e+00
8.819597167968750000e+02 1.315606384277343750e+02 9.204694824218750000e+02 1.776500701904296875e+02 5.837669968605041504e-01 2.000000000000000000e+00
1.080499755859375000e+03 2.303135528564453125e+02 1.119911987304687500e+03 2.851719055175781250e+02 4.962970018386840820e-01 2.000000000000000000e+00
4.968790893554687500e+02 1.644537353515625000e+02 5.646027832031250000e+02 2.041165161132812500e+02 4.881368279457092285e-01 2.000000000000000000e+00
8.231770629882812500e+02 1.369437866210937500e+02 8.601625976562500000e+02 1.719237060546875000e+02 4.204508066177368164e-01 2.000000000000000000e+00
3.506691284179687500e+02 2.224956512451171875e+02 4.476907958984375000e+02 2.774443054199218750e+02 4.121700525283813477e-01 2.000000000000000000e+00
1.092992553710937500e+03 8.434636688232421875e+01 1.121928588867187500e+03 1.197927093505859375e+02 3.983335494995117188e-01 9.000000000000000000e+00
5.671694335937500000e+02 6.916390228271484375e+01 5.882038574218750000e+02 1.045247116088867188e+02 3.581425845623016357e-01 9.000000000000000000e+00
5.474493408203125000e+02 1.765778198242187500e+02 6.165628051757812500e+02 2.281757049560546875e+02 3.188936114311218262e-01 2.000000000000000000e+00
1.034114013671875000e+03 8.214011383056640625e+01 1.058651367187500000e+03 1.106012496948242188e+02 2.882829308509826660e-01 9.000000000000000000e+00
1.204031127929687500e+03 3.378660888671875000e+02 1.231784057617187500e+03 3.906187744140625000e+02 2.745856642723083496e-01 3.000000000000000000e+00
1.331076660156250000e+03 7.825021362304687500e+01 1.360000000000000000e+03 1.031545410156250000e+02 2.539888918399810791e-01 2.000000000000000000e+00
