8.303337097167968750e+01 4.055767211914062500e+02 1.397587280273437500e+02 4.367528991699218750e+02 7.991017103195190430e-01 2.000000000000000000e+00
5.485220336914062500e+02 3.437393188476562500e+02 5.742487792968750000e+02 3.670678100585937500e+02 7.632669806480407715e-01 2.000000000000000000e+00
4.578642883300781250e+02 3.541619262695312500e+02 4.819466857910156250e+02 3.823957214355468750e+02 7.280757427215576172e-01 2.000000000000000000e+00
4.312406616210937500e+02 2.415458831787109375e+02 4.470357971191406250e+02 2.541618041992187500e+02 6.401608586311340332e-01 2.000000000000000000e+00
3.438287658691406250e+02 3.229779052734375000e+02 3.654635620117187500e+02 3.478568725585937500e+02 5.879357457160949707e-01 2.000000000000000000e+00
4.503802490234375000e+02 2.273979034423828125e+02 4.663453063964843750e+02 2.444721221923828125e+02 5.702083706855773926e-01 2.000000000000000000e+00
4.406145629882812500e+02 2.753105163574218750e+02 4.584673461914062500e+02 2.923444213867187500e+02 5.675157308578491211e-01 2.000000000000000000e+00
4.663435668945312500e+02 2.642080078125000000e+02 4.808863525390625000e+02 2.825295715332031250e+02 5.363604426383972168e-01 2.000000000000000000e+00
1.387760009765625000e+02 3.466657104492187500e+02 1.774880523681640625e+02 3.722105712890625000e+02 5.243163704872131348e-01 2.000000000000000000e+00
5.036877441406250000e+02 3.279390563964843750e+02 5.089219970703125000e+02 3.457329711914062500e+02 5.033963322639465332e-01 0.000000000000000000e+00
1.739920501708984375e+02 3.427878723144531250e+02 2.069253997802734375e+02 3.670926818847656250e+02 5.028964877128601074e-01 2.000000000000000000e+00
1.938456726074218750e+02 3.222895812988281250e+02 2.235476684570312500e+02 3.420898132324218750e+02 4.945390820503234863e-01 2.000000000000000000e+00
1.316630554199218750e+02 3.529749755859375000e+02 1.805233154296875000e+02 3.835002136230468750e+02 4.550681412220001221e-01 2.000000000000000000e+00
5.854400634765625000e+02 4.446941833496093750e+02 5.989497070312500000e+02 4.690906982421875000e+02 4.516462981700897217e-01 0.000000000000000000e+00
3.448165893554687500e+02 2.820478210449218750e+02 3.708777465820312500e+02 2.982433166503906250e+02 4.491754770278930664e-01 2.000000000000000000e+00
2.760806884765625000e+02 4.495405273437500000e+02 3.291492004394531250e+02 5.204669799804687500e+02 4.343983530998229980e-01 2.000000000000000000e+00
4.938292236328125000e+02 2.592863769531250000e+02 5.121959838867187500e+02 2.741489562988281250e+02 4.038068354129791260e-01 2.000000000000000000e+00
3.991532897949218750e+02 2.268504791259765625e+02 4.122186889648437500e+02 2.394993591308593750e+02 3.681147992610931396e-01 2.000000000000000000e+00
3.555098266601562500e+02 2.512151641845703125e+02 3.720541381835937500e+02 2.689898071289062500e+02 3.618700802326202393e-01 2.000000000000000000e+00
3.691222534179687500e+02 2.095227508544921875e+02 3.890651550292968750e+02 2.260557556152343750e+02 2.611193060874938965e-01 2.000000000000000000e+00
3.401100158691406250e+02 2.848585510253906250e+02 3.632650756835937500e+02 3.100256958007812500e+02 2.580572366714477539e-01 2.000000000000000000e+00
3.146674499511718750e+02 3.554909973144531250e+02 3.343075561523437500e+02 3.827388000488281250e+02 2.535338699817657471e-01 2.000000000000000000e+00
