4.246077270507812500e+02 4.907117309570312500e+02 5.077494506835937500e+02 5.875749511718750000e+02 8.240522146224975586e-01 2.000000000000000000e+00
5.356134643554687500e+02 3.188553771972656250e+02 5.842550048828125000e+02 3.663123168945312500e+02 8.173120617866516113e-01 2.000000000000000000e+00
4.819286499023437500e+02 4.124374389648437500e+02 5.426194458007812500e+02 4.831823425292968750e+02 7.262121438980102539e-01 2.000000000000000000e+00
3.672185668945312500e+02 5.973018798828125000e+02 4.844215087890625000e+02 7.450280761718750000e+02 7.142353057861328125e-01 2.000000000000000000e+00
5.787205810546875000e+02 2.506559295654296875e+02 6.123392944335937500e+02 2.882885131835937500e+02 7.040023803710937500e-01 2.000000000000000000e+00
6.608007812500000000e+02 2.210380859375000000e+02 6.897225341796875000e+02 2.468939361572265625e+02 6.841609477996826172e-01 2.000000000000000000e+00
8.037191772460937500e+02 5.664633789062500000e+02 8.275456542968750000e+02 6.291121215820312500e+02 6.418675780296325684e-01 0.000000000000000000e+00
7.269003295898437500e+02 2.405084075927734375e+02 7.576698608398437500e+02 2.702824707031250000e+02 6.277644634246826172e-01 2.000000000000000000e+00
1.030786361694335938e+02 5.118405151367187500e+02 2.342185974121093750e+02 5.753381347656250000e+02 5.483132004737854004e-01 2.000000000000000000e+00
7.224429321289062500e+02 2.061422424316406250e+02 7.526711425781250000e+02 2.370721282958984375e+02 5.129213929176330566e-01 2.000000000000000000e+00
6.011729125976562500e+02 2.144406433105468750e+02 6.302670288085937500e+02 2.426273803710937500e+02 5.011883378028869629e-01 2.000000000000000000e+00
6.412224731445312500e+02 1.891124420166015625e+02 6.612370605468750000e+02 2.133127136230468750e+02 4.243112802505493164e-01 2.000000000000000000e+00
4.212532348632812500e+02 3.146802062988281250e+02 4.842608337402343750e+02 3.547593078613281250e+02 4.001072347164154053e-01 2.000000000000000000e+00
6.069447021484375000e+02 1.864141845703125000e+02 6.286259155273437500e+02 2.120143127441406250e+02 3.929074406623840332e-01 2.000000000000000000e+00
5.661925048828125000e+02 1.736651458740234375e+02 5.930225830078125000e+02 1.961972045898437500e+02 3.695439100265502930e-01 2.000000000000000000e+00
4.039589538574218750e+02 3.485830078125000000e+02 4.441479492187500000e+02 3.939627990722656250e+02 3.345410525798797607e-01 2.000000000000000000e+00
6.607115478515625000e+02 1.821453399658203125e+02 6.820709228515625000e+02 2.111664886474609375e+02 2.875519394874572754e-01 2.000000000000000000e+00
3.098512573242187500e+02 3.928627014160156250e+02 3.532469177246093750e+02 4.336165161132812500e+02 2.822672426700592041e-01 2.000000000000000000e+00
7.253543701171875000e+02 2.133457946777343750e+02 7.554548339843750000e+02 2.523126220703125000e+02 2.704854011535644531e-01 2.000000000000000000e+00
