7.901658935546875000e+02 4.706733703613281250e+02 8.768701171875000000e+02 5.593308105468750000e+02 8.739997744560241699e-01 2.000000000000000000e+00
6.261497802734375000e+02 6.668318481445312500e+02 6.994948120117187500e+02 7.629321899414062500e+02 8.419573903083801270e-01 2.000000000000000000e+00
6.489744262695312500e+02 4.538440246582031250e+02 7.189041748046875000e+02 5.686428222656250000e+02 7.787703871726989746e-01 2.000000000000000000e+00
6.546586303710937500e+02 3.217251281738281250e+02 7.077136840820312500e+02 3.970700073242187500e+02 7.777084708213806152e-01 2.000000000000000000e+00
6.650345458984375000e+02 2.134187927246093750e+02 7.063822631835937500e+02 2.791485290527343750e+02 7.481810450553894043e-01 2.000000000000000000e+00
7.177778320312500000e+02 1.778298187255859375e+02 7.553491210937500000e+02 2.172427520751953125e+02 7.370976209640502930e-01 2.000000000000000000e+00
6.551286010742187500e+02 1.426876220703125000e+02 6.880328979492187500e+02 1.989926605224609375e+02 5.995364189147949219e-01 2.000000000000000000e+00
7.032479858398437500e+02 2.010917663574218750e+01 7.312632446289062500e+02 4.657592773437500000e+01 5.904744267463684082e-01 2.000000000000000000e+00
4.792376098632812500e+02 5.896046752929687500e+02 5.023286743164062500e+02 6.474989013671875000e+02 5.706287026405334473e-01 0.000000000000000000e+00
7.650593872070312500e+02 5.936526489257812500e+01 7.884277954101562500e+02 8.395000457763671875e+01 5.156351327896118164e-01 2.000000000000000000e+00
7.975133666992187500e+02 1.329214019775390625e+02 8.325373535156250000e+02 1.691755523681640625e+02 4.892809092998504639e-01 2.000000000000000000e+00
5.465183715820312500e+02 5.461684570312500000e+02 5.696436767578125000e+02 5.964061889648437500e+02 4.670678675174713135e-01 0.000000000000000000e+00
8.285383300781250000e+02 2.587062683105468750e+02 8.447234497070312500e+02 2.906306152343750000e+02 4.614215195178985596e-01 0.000000000000000000e+00
7.697471313476562500e+02 1.944842071533203125e+02 8.005566406250000000e+02 2.461332244873046875e+02 4.159120619297027588e-01 2.000000000000000000e+00
9.160531005859375000e+02 3.802935180664062500e+02 9.348561401367187500e+02 4.187652282714843750e+02 3.950921595096588135e-01 0.000000000000000000e+00
5.624118652343750000e+02 3.196272277832031250e+02 5.787512817382812500e+02 3.585562133789062500e+02 3.760081827640533447e-01 0.000000000000000000e+00
7.578899536132812500e+02 3.140239906311035156e+01 7.812747802734375000e+02 5.611077499389648438e+01 3.303728401660919189e-01 2.000000000000000000e+00
1.873329877853393555e-01 5.054628295898437500e+02 2.980183792114257812e+01 5.679030151367187500e+02 3.016688823699951172e-01 2.000000000000000000e+00
3.532699584960937500e+01 5.697435913085937500e+02 1.159583816528320312e+02 6.382565307617187500e+02 2.889947295188903809e-01 2.000000000000000000e+00
1.158949707031250000e+03 3.271040954589843750e+02 1.183035766601562500e+03 3.525040893554687500e+02 2.767770886421203613e-01 0.000000000000000000e+00
5.196248779296875000e+02 2.529797363281250000e+02 5.491174926757812500e+02 2.994052124023437500e+02 2.634501755237579346e-01 5.000000000000000000e+00
3.764719543457031250e+02 5.422343750000000000e+02 4.255726318359375000e+02 6.163933105468750000e+02 2.512370645999908447e-01 2.000000000000000000e+00
