7.560680541992187500e+02 3.069961547851562500e+02 8.067143554687500000e+02 3.464526367187500000e+02 8.746618628501892090e-01 2.000000000000000000e+00
8.699426879882812500e+02 4.552139892578125000e+02 9.464612426757812500e+02 5.187647705078125000e+02 8.576489686965942383e-01 2.000000000000000000e+00
5.895485839843750000e+02 5.328157958984375000e+02 6.533079223632812500e+02 6.096782836914062500e+02 8.022827506065368652e-01 2.000000000000000000e+00
6.324634399414062500e+02 1.571685485839843750e+02 6.662146606445312500e+02 1.862416076660156250e+02 6.814256906509399414e-01 2.000000000000000000e+00
4.767428283691406250e+02 3.839708251953125000e+02 5.210978393554687500e+02 4.453755187988281250e+02 6.797256469726562500e-01 2.000000000000000000e+00
5.058643188476562500e+02 4.963480529785156250e+02 5.730149536132812500e+02 5.801923217773437500e+02 6.657582521438598633e-01 2.000000000000000000e+00
1.322505371093750000e+03 2.010688781738281250e+02 1.359560791015625000e+03 2.331866760253906250e+02 6.598823070526123047e-01 2.000000000000000000e+00
3.700592956542968750e+02 4.423624267578125000e+02 4.122827758789062500e+02 4.967508850097656250e+02 6.582663655281066895e-01 2.000000000000000000e+00
6.752739868164062500e+02 1.593877105712890625e+02 7.071361694335937500e+02 1.842798004150390625e+02 6.529557108879089355e-01 2.000000000000000000e+00
6.550218505859375000e+02 3.340034179687500000e+02 7.015350341796875000e+02 3.868016662597656250e+02 6.232498884201049805e-01 2.000000000000000000e+00
5.571495971679687500e+02 1.032062454223632812e+02 5.845284423828125000e+02 1.272067031860351562e+02 5.851909518241882324e-01 2.000000000000000000e+00
5.102237548828125000e+02 3.243281555175781250e+02 5.476988525390625000e+02 3.796397094726562500e+02 5.745251178741455078e-01 2.000000000000000000e+00
4.906814880371093750e+02 4.440335083007812500e+02 5.399627685546875000e+02 4.996359558105468750e+02 5.494956374168395996e-01 2.000000000000000000e+00
5.385440063476562500e+02 6.154851684570312500e+02 6.087899780273437500e+02 7.350618286132812500e+02 5.369453430175781250e-01 5.000000000000000000e+00
6.697540893554687500e+02 1.134953689575195312e+02 6.932052612304687500e+02 1.374550476074218750e+02 5.279691815376281738e-01 2.000000000000000000e+00
5.286740722656250000e+02 1.159735565185546875e+02 5.555194091796875000e+02 1.389619903564453125e+02 4.386940300464630127e-01 2.000000000000000000e+00
5.353356933593750000e+02 6.194998168945312500e+02 6.093392333984375000e+02 7.372059326171875000e+02 4.127253592014312744e-01 2.000000000000000000e+00
6.410766601562500000e+02 9.967893981933593750e+01 6.656602172851562500e+02 1.272651290893554688e+02 3.850383758544921875e-01 2.000000000000000000e+00
6.237988471984863281e-01 9.086947441101074219e+00 2.325960235595703125e+02 2.385612487792968750e+02 3.628193438053131104e-01 7.000000000000000000e+00
1.334663330078125000e+03 4.337296142578125000e+02 1.352725585937500000e+03 4.644605712890625000e+02 3.547444045543670654e-01 0.000000000000000000e+00
5.205730590820312500e+02 6.311940765380859375e+01 5.430712280273437500e+02 8.473480224609375000e+01 3.405739963054656982e-01 2.000000000000000000e+00
