6.938852539062500000e+02 3.099959716796875000e+02 7.236854248046875000e+02 3.436221923828125000e+02 7.641595005989074707e-01 2.000000000000000000e+00
5.534468994140625000e+02 3.864978332519531250e+02 6.206747436523437500e+02 4.264143371582031250e+02 7.517974376678466797e-01 2.000000000000000000e+00
5.134869995117187500e+02 6.106101074218750000e+02 5.742927246093750000e+02 6.966186523437500000e+02 6.738364696502685547e-01 2.000000000000000000e+00
2.733521118164062500e+02 7.173044433593750000e+02 3.967071838378906250e+02 7.613505859375000000e+02 6.718406677246093750e-01 2.000000000000000000e+00
4.205402526855468750e+02 6.429768066406250000e+02 5.001296997070312500e+02 7.430784301757812500e+02 6.420439481735229492e-01 2.000000000000000000e+00
6.352108154296875000e+02 2.823895874023437500e+02 6.791792602539062500e+02 3.123917236328125000e+02 5.987002253532409668e-01 2.000000000000000000e+00
4.858467102050781250e+02 5.568269653320312500e+02 5.458449096679687500e+02 6.307523193359375000e+02 5.722624063491821289e-01 2.000000000000000000e+00
7.051802978515625000e+02 2.555432739257812500e+02 7.314115600585937500e+02 2.846596984863281250e+02 5.719758272171020508e-01 2.000000000000000000e+00
8.241394042968750000e+02 6.790653686523437500e+02 8.844831542968750000e+02 7.638596801757812500e+02 5.657964348793029785e-01 2.000000000000000000e+00
5.717976074218750000e+02 3.593424072265625000e+02 6.282890014648437500e+02 3.934291687011718750e+02 5.367540121078491211e-01 2.000000000000000000e+00
9.522011718750000000e+02 4.407872009277343750e+02 9.941477050781250000e+02 4.839729309082031250e+02 5.359723567962646484e-01 2.000000000000000000e+00
6.475972900390625000e+02 2.404866790771484375e+02 6.925443725585937500e+02 2.687910156250000000e+02 5.352276563644409180e-01 2.000000000000000000e+00
9.497442626953125000e+02 4.087244873046875000e+02 9.905978393554687500e+02 4.465062866210937500e+02 5.298603177070617676e-01 2.000000000000000000e+00
6.125742797851562500e+02 3.228803405761718750e+02 6.511611328125000000e+02 3.580970764160156250e+02 5.238733887672424316e-01 2.000000000000000000e+00
5.286257324218750000e+02 4.129696655273437500e+02 6.032023315429687500e+02 4.638872375488281250e+02 5.238658785820007324e-01 2.000000000000000000e+00
7.632199707031250000e+02 3.038021545410156250e+02 7.928032226562500000e+02 3.362242126464843750e+02 5.103591680526733398e-01 2.000000000000000000e+00
8.140253906250000000e+02 4.335408630371093750e+02 8.835153808593750000e+02 4.753435974121093750e+02 5.093630552291870117e-01 2.000000000000000000e+00
7.907357177734375000e+02 3.158039550781250000e+02 8.290771484375000000e+02 3.512337646484375000e+02 5.073379278182983398e-01 2.000000000000000000e+00
4.799676513671875000e+02 4.751188964843750000e+02 5.731079711914062500e+02 5.432562866210937500e+02 4.830897450447082520e-01 7.000000000000000000e+00
1.263995727539062500e+03 1.703891754150390625e+02 1.303168945312500000e+03 1.957599334716796875e+02 4.453508853912353516e-01 2.000000000000000000e+00
7.577525024414062500e+02 3.970059509277343750e+02 7.693992919921875000e+02 4.255401306152343750e+02 4.085345864295959473e-01 0.000000000000000000e+00
6.156647338867187500e+02 2.957284240722656250e+02 6.612622070312500000e+02 3.440816345214843750e+02 3.745294809341430664e-01 2.000000000000000000e+00
1.015781799316406250e+03 1.672307586669921875e+02 1.251197387695312500e+03 2.305355682373046875e+02 3.551729321479797363e-01 5.000000000000000000e+00
9.602512817382812500e+02 2.890676574707031250e+02 1.014035034179687500e+03 3.244850158691406250e+02 3.493234217166900635e-01 2.000000000000000000e+00
8.233038330078125000e+02 5.923638305664062500e+02 8.763340454101562500e+02 6.674495849609375000e+02 3.407864272594451904e-01 2.000000000000000000e+00
1.303273071289062500e+03 1.860321502685546875e+02 1.358750610351562500e+03 2.122110290527343750e+02 3.258084058761596680e-01 2.000000000000000000e+00
7.027069702148437500e+02 2.073073577880859375e+02 7.271058349609375000e+02 2.281005249023437500e+02 3.227491676807403564e-01 2.000000000000000000e+00
7.812802124023437500e+02 2.489939575195312500e+02 8.171108398437500000e+02 2.869108886718750000e+02 3.166670203208923340e-01 2.000000000000000000e+00
5.392858886718750000e+02 4.382411499023437500e+02 6.005961914062500000e+02 4.816737365722656250e+02 3.028420209884643555e-01 2.000000000000000000e+00
1.036794433593750000e+03 5.742280883789062500e+02 1.051785278320312500e+03 6.070806274414062500e+02 2.709386050701141357e-01 0.000000000000000000e+00
6.734172973632812500e+02 2.109796295166015625e+02 6.999076538085937500e+02 2.370488433837890625e+02 2.704185545444488525e-01 2.000000000000000000e+00
7.293319091796875000e+02 1.820333404541015625e+02 7.518768310546875000e+02 2.017201690673828125e+02 2.656287550926208496e-01 2.000000000000000000e+00
4.953573608398437500e+02 5.661477661132812500e+02 5.659453735351562500e+02 6.591506347656250000e+02 2.623818814754486084e-01 2.000000000000000000e+00
1.009782653808593750e+03 2.991036682128906250e+02 1.071992553710937500e+03 3.308643493652343750e+02 2.529575824737548828e-01 2.000000000000000000e+00
