2.812564697265625000e+02 4.543842773437500000e+02 3.057965698242187500e+02 5.288911743164062500e+02 7.078285217285156250e-01 0.000000000000000000e+00
4.102936706542968750e+02 3.623526611328125000e+02 4.308686828613281250e+02 4.187827453613281250e+02 5.650578737258911133e-01 0.000000000000000000e+00
3.214856567382812500e+02 3.513440246582031250e+02 3.446798400878906250e+02 4.275513000488281250e+02 5.546942353248596191e-01 0.000000000000000000e+00
8.665217285156250000e+02 3.838228759765625000e+02 9.190213623046875000e+02 4.462767639160156250e+02 5.332077741622924805e-01 0.000000000000000000e+00
6.201356887817382812e+01 4.118607177734375000e+02 1.001688766479492188e+02 4.803596496582031250e+02 5.300543904304504395e-01 0.000000000000000000e+00
3.544588317871093750e+02 3.388465881347656250e+02 3.777673645019531250e+02 4.160288391113281250e+02 4.459295272827148438e-01 0.000000000000000000e+00
4.638971557617187500e+02 2.692214050292968750e+02 4.795578002929687500e+02 3.079462890625000000e+02 4.214325249195098877e-01 0.000000000000000000e+00
8.471537475585937500e+02 3.524625244140625000e+02 8.788745727539062500e+02 3.980207519531250000e+02 3.957697153091430664e-01 0.000000000000000000e+00
4.871286010742187500e+02 3.060201110839843750e+02 5.071541137695312500e+02 3.653669128417968750e+02 3.743591308593750000e-01 0.000000000000000000e+00
6.934989624023437500e+02 3.834865722656250000e+02 7.369035644531250000e+02 4.811059570312500000e+02 3.492989540100097656e-01 0.000000000000000000e+00
2.051819152832031250e+02 4.003133544921875000e+02 2.394316558837890625e+02 4.337846679687500000e+02 3.381610214710235596e-01 1.000000000000000000e+00
7.492957763671875000e+02 2.357480163574218750e+02 7.747491455078125000e+02 2.749909362792968750e+02 3.268165290355682373e-01 0.000000000000000000e+00
4.358974914550781250e+02 3.297284545898437500e+02 4.558221130371093750e+02 3.792679443359375000e+02 2.983412444591522217e-01 0.000000000000000000e+00
6.734047241210937500e+02 3.474948120117187500e+02 6.927518920898437500e+02 3.973389587402343750e+02 2.978332638740539551e-01 0.000000000000000000e+00
8.380629882812500000e+02 2.576910095214843750e+02 8.626522216796875000e+02 2.966116027832031250e+02 2.826778292655944824e-01 0.000000000000000000e+00
0.000000000000000000e+00 4.709279785156250000e+02 2.618265151977539062e+01 5.347290649414062500e+02 2.787260413169860840e-01 3.000000000000000000e+00
7.149215698242187500e+01 3.443507385253906250e+02 1.015018844604492188e+02 3.977945556640625000e+02 2.753283977508544922e-01 0.000000000000000000e+00
5.603270263671875000e+02 2.742737731933593750e+02 5.810234985351562500e+02 3.177606201171875000e+02 2.643875777721405029e-01 0.000000000000000000e+00
1.493244476318359375e+02 4.610052795410156250e+02 1.866370239257812500e+02 5.378602294921875000e+02 2.632634639739990234e-01 0.000000000000000000e+00
3.208296813964843750e+02 2.780161132812500000e+02 3.531033935546875000e+02 3.074194335937500000e+02 2.565539777278900146e-01 1.000000000000000000e+00
4.268811950683593750e+02 3.302508544921875000e+02 4.467918090820312500e+02 3.970590820312500000e+02 2.539531290531158447e-01 0.000000000000000000e+00
5.070340881347656250e+02 2.951965637207031250e+02 5.284247436523437500e+02 3.587674255371093750e+02 2.508654296398162842e-01 0.000000000000000000e+00
