8.929625854492187500e+02 5.782905273437500000e+02 9.739475708007812500e+02 6.504706420898437500e+02 8.403038978576660156e-01 2.000000000000000000e+00
5.918616943359375000e+02 6.828193969726562500e+02 7.356052856445312500e+02 7.624305419921875000e+02 8.208686113357543945e-01 2.000000000000000000e+00
1.217519897460937500e+03 6.130966186523437500e+02 1.347727783203125000e+03 7.021350708007812500e+02 5.912916660308837891e-01 2.000000000000000000e+00
1.280319580078125000e+03 6.661429443359375000e+02 1.360000000000000000e+03 7.291298217773437500e+02 5.796678662300109863e-01 2.000000000000000000e+00
5.070169677734375000e+02 4.705370788574218750e+02 6.123459472656250000e+02 5.566683959960937500e+02 5.757033824920654297e-01 5.000000000000000000e+00
4.322308959960937500e+02 8.596251678466796875e+01 4.645498352050781250e+02 1.171446609497070312e+02 5.418474674224853516e-01 2.000000000000000000e+00
5.039790039062500000e+02 1.470160675048828125e+02 5.453959960937500000e+02 1.706359405517578125e+02 5.132265090942382812e-01 2.000000000000000000e+00
2.390083312988281250e+02 1.118771209716796875e+02 2.768439636230468750e+02 1.596861419677734375e+02 4.817879796028137207e-01 7.000000000000000000e+00
6.814379272460937500e+02 5.972766723632812500e+02 7.566358642578125000e+02 6.947430419921875000e+02 4.585037827491760254e-01 7.000000000000000000e+00
9.454115600585937500e+02 5.376322631835937500e+02 9.607436523437500000e+02 5.738436279296875000e+02 4.313200712203979492e-01 0.000000000000000000e+00
6.176740722656250000e+02 2.794651794433593750e+02 6.858089599609375000e+02 3.056861877441406250e+02 4.220510721206665039e-01 2.000000000000000000e+00
5.695859985351562500e+02 2.258698120117187500e+02 6.228911132812500000e+02 2.590443420410156250e+02 4.151024520397186279e-01 2.000000000000000000e+00
3.120085449218750000e+02 1.333218994140625000e+02 3.471582641601562500e+02 1.727392578125000000e+02 4.094903469085693359e-01 2.000000000000000000e+00
4.005315856933593750e+02 8.373497009277343750e+01 4.251499633789062500e+02 1.082458343505859375e+02 3.874235749244689941e-01 2.000000000000000000e+00
6.848762817382812500e+02 5.958353271484375000e+02 7.545885620117187500e+02 6.948347167968750000e+02 3.772754073143005371e-01 2.000000000000000000e+00
5.578179931640625000e+02 1.945017700195312500e+02 6.035799560546875000e+02 2.209856414794921875e+02 3.508335351943969727e-01 2.000000000000000000e+00
4.137210998535156250e+02 3.832621383666992188e+01 4.402431945800781250e+02 7.458159637451171875e+01 3.362856209278106689e-01 2.000000000000000000e+00
4.464065856933593750e+02 3.433479003906250000e+02 4.975199279785156250e+02 3.693397827148437500e+02 2.866867184638977051e-01 2.000000000000000000e+00
5.450164794921875000e+02 6.319632568359375000e+02 5.850883178710937500e+02 6.672673950195312500e+02 2.581711709499359131e-01 2.000000000000000000e+00
5.159575195312500000e+02 1.686867218017578125e+02 5.572642822265625000e+02 1.982437591552734375e+02 2.523664832115173340e-01 2.000000000000000000e+00
