1.319844604492187500e+03 9.590816040039062500e+02 1.433042724609375000e+03 1.075877197265625000e+03 7.313557267189025879e-01 0.000000000000000000e+00
9.127952880859375000e+02 8.500814819335937500e+02 9.651907348632812500e+02 9.823312377929687500e+02 6.800006628036499023e-01 0.000000000000000000e+00
4.134093093872070312e+01 8.234898071289062500e+02 9.425942993164062500e+01 9.610673828125000000e+02 5.850867629051208496e-01 0.000000000000000000e+00
1.503941650390625000e+03 9.842746582031250000e+02 1.604168823242187500e+03 1.077040039062500000e+03 5.845753550529479980e-01 5.800000000000000000e+01
7.558098144531250000e+02 8.040046386718750000e+02 7.952672119140625000e+02 9.266190185546875000e+02 5.270932912826538086e-01 0.000000000000000000e+00
7.089761352539062500e+02 8.073310546875000000e+02 7.540820922851562500e+02 9.281215209960937500e+02 5.212223529815673828e-01 0.000000000000000000e+00
1.107047607421875000e+03 6.879284057617187500e+02 1.129874633789062500e+03 7.660505371093750000e+02 4.287902712821960449e-01 0.000000000000000000e+00
1.865515136718750000e+02 8.345762939453125000e+02 2.458619842529296875e+02 9.688237304687500000e+02 4.089281857013702393e-01 0.000000000000000000e+00
1.437208251953125000e+02 6.986520996093750000e+02 1.828241424560546875e+02 7.922304077148437500e+02 3.846804797649383545e-01 0.000000000000000000e+00
1.225704711914062500e+03 6.922680664062500000e+02 1.258442871093750000e+03 7.648001098632812500e+02 3.336897790431976318e-01 0.000000000000000000e+00
1.030600341796875000e+03 7.051516113281250000e+02 1.068389526367187500e+03 7.936459350585937500e+02 3.306511938571929932e-01 0.000000000000000000e+00
8.508483276367187500e+02 6.799492187500000000e+02 8.763256225585937500e+02 7.577609252929687500e+02 2.669980227947235107e-01 0.000000000000000000e+00
5.468225708007812500e+02 6.789871826171875000e+02 5.711248779296875000e+02 7.600712280273437500e+02 2.660883069038391113e-01 0.000000000000000000e+00
9.011704254150390625e+01 8.874523315429687500e+02 1.287251129150390625e+02 9.722426147460937500e+02 2.595425844192504883e-01 0.000000000000000000e+00
