1.471308837890625000e+03 7.671427612304687500e+02 1.508035888671875000e+03 8.731207275390625000e+02 7.087386250495910645e-01 0.000000000000000000e+00
7.592767944335937500e+02 8.260461425781250000e+02 8.069926757812500000e+02 9.612733764648437500e+02 6.584788560867309570e-01 0.000000000000000000e+00
1.528765258789062500e+03 7.655597534179687500e+02 1.570719116210937500e+03 8.727123413085937500e+02 6.290484070777893066e-01 0.000000000000000000e+00
3.748906860351562500e+02 8.420588989257812500e+02 4.356830749511718750e+02 1.004582763671875000e+03 6.085289716720581055e-01 0.000000000000000000e+00
2.292766113281250000e+02 8.570389404296875000e+02 2.790673217773437500e+02 1.015868103027343750e+03 5.828164219856262207e-01 0.000000000000000000e+00
1.708213745117187500e+03 9.869100952148437500e+02 1.785194213867187500e+03 1.078880249023437500e+03 5.642294287681579590e-01 0.000000000000000000e+00
6.707441406250000000e+02 7.830082397460937500e+02 7.180405883789062500e+02 9.313855590820312500e+02 5.359530448913574219e-01 0.000000000000000000e+00
1.243367675781250000e+03 6.628444213867187500e+02 1.291044067382812500e+03 7.917402343750000000e+02 5.356429219245910645e-01 0.000000000000000000e+00
8.497587890625000000e+02 8.121367187500000000e+02 9.051372070312500000e+02 9.612731933593750000e+02 5.343847870826721191e-01 0.000000000000000000e+00
5.955644531250000000e+02 7.781905517578125000e+02 6.442926635742187500e+02 9.295698852539062500e+02 4.943174719810485840e-01 0.000000000000000000e+00
8.373815917968750000e+02 6.256969604492187500e+02 9.205166015625000000e+02 7.464890136718750000e+02 4.903295636177062988e-01 5.000000000000000000e+00
1.681539916992187500e+02 8.683533325195312500e+02 2.189864959716796875e+02 1.016345397949218750e+03 4.779199063777923584e-01 0.000000000000000000e+00
1.026652343750000000e+03 6.480867919921875000e+02 1.051674316406250000e+03 7.185761718750000000e+02 4.539171755313873291e-01 0.000000000000000000e+00
3.476065063476562500e+02 7.391671142578125000e+02 3.807030944824218750e+02 8.478266601562500000e+02 4.465885162353515625e-01 0.000000000000000000e+00
1.654610229492187500e+03 9.904154663085937500e+02 1.718308593750000000e+03 1.078830810546875000e+03 4.462419748306274414e-01 0.000000000000000000e+00
1.348468170166015625e+02 7.404906005859375000e+02 1.854588775634765625e+02 9.054288940429687500e+02 4.432303011417388916e-01 0.000000000000000000e+00
1.306450073242187500e+03 6.591563110351562500e+02 1.429724365234375000e+03 7.117769165039062500e+02 4.315207302570343018e-01 2.000000000000000000e+00
1.725744873046875000e+03 6.741148681640625000e+02 1.862091430664062500e+03 7.303129882812500000e+02 3.891087174415588379e-01 2.000000000000000000e+00
1.715179077148437500e+03 6.732406616210937500e+02 1.774944335937500000e+03 7.243795166015625000e+02 3.851695656776428223e-01 2.000000000000000000e+00
8.344508056640625000e+02 6.176735229492187500e+02 9.228905639648437500e+02 7.437746582031250000e+02 3.741388916969299316e-01 2.000000000000000000e+00
5.618406982421875000e+02 7.674911499023437500e+02 5.913351440429687500e+02 8.574479370117187500e+02 3.576090335845947266e-01 0.000000000000000000e+00
1.660765136718750000e+03 6.646712036132812500e+02 1.724595703125000000e+03 7.030078735351562500e+02 3.387963473796844482e-01 2.000000000000000000e+00
1.183348022460937500e+03 6.754165039062500000e+02 1.216743652343750000e+03 7.458869628906250000e+02 3.188371956348419189e-01 0.000000000000000000e+00
1.697689941406250000e+03 8.603933715820312500e+01 1.913670166015625000e+03 3.116272888183593750e+02 3.133301436901092529e-01 2.500000000000000000e+01
1.547713012695312500e+03 7.002927246093750000e+02 1.579774780273437500e+03 7.750806884765625000e+02 3.020003437995910645e-01 0.000000000000000000e+00
6.415575561523437500e+02 7.737114868164062500e+02 6.824950561523437500e+02 9.150846557617187500e+02 2.950801849365234375e-01 0.000000000000000000e+00
1.968563385009765625e+02 7.826766357421875000e+02 2.468249969482421875e+02 8.898577880859375000e+02 2.927498221397399902e-01 0.000000000000000000e+00
2.004522094726562500e+02 8.667814331054687500e+02 2.461287841796875000e+02 1.012951782226562500e+03 2.881868481636047363e-01 0.000000000000000000e+00
1.389744873046875000e+03 6.684430541992187500e+02 1.435226928710937500e+03 7.069309082031250000e+02 2.782952189445495605e-01 2.000000000000000000e+00
1.667371948242187500e+03 6.683651733398437500e+02 1.760713989257812500e+03 7.169776000976562500e+02 2.755382657051086426e-01 2.000000000000000000e+00
2.460367584228515625e+02 7.885952148437500000e+02 2.949166259765625000e+02 9.082171020507812500e+02 2.660197019577026367e-01 0.000000000000000000e+00
1.532840454101562500e+03 6.589361572265625000e+02 1.646593261718750000e+03 7.372648925781250000e+02 2.647547721862792969e-01 2.000000000000000000e+00
1.089550781250000000e+03 6.194544677734375000e+02 1.113709960937500000e+03 6.880512695312500000e+02 2.592288553714752197e-01 0.000000000000000000e+00
4.273423767089843750e+02 6.307742309570312500e+02 5.405391845703125000e+02 6.991727294921875000e+02 2.507635056972503662e-01 2.000000000000000000e+00
