1.040563598632812500e+03 1.170499343872070312e+02 1.175052490234375000e+03 1.806486358642578125e+02 8.274343013763427734e-01 2.000000000000000000e+00
1.313470214843750000e+03 3.669105529785156250e+02 1.355755126953125000e+03 4.338952636718750000e+02 7.596098780632019043e-01 0.000000000000000000e+00
7.796945190429687500e+02 5.570265769958496094e+00 8.262044677734375000e+02 4.281640243530273438e+01 7.521666288375854492e-01 2.000000000000000000e+00
3.522294311523437500e+02 1.137085952758789062e+02 4.099902038574218750e+02 1.844777832031250000e+02 7.324215769767761230e-01 2.000000000000000000e+00
4.590397644042968750e+02 7.905615234375000000e+01 5.036760253906250000e+02 1.303746337890625000e+02 7.158767580986022949e-01 2.000000000000000000e+00
5.741017913818359375e+01 5.097422027587890625e+01 1.272566146850585938e+02 9.939296722412109375e+01 7.118381857872009277e-01 2.000000000000000000e+00
8.802128906250000000e+02 1.762540588378906250e+02 9.057221069335937500e+02 2.316622161865234375e+02 7.096329927444458008e-01 0.000000000000000000e+00
5.181816406250000000e+02 6.730961914062500000e+02 6.581589355468750000e+02 7.650000000000000000e+02 6.419353485107421875e-01 8.000000000000000000e+00
5.828833618164062500e+02 0.000000000000000000e+00 6.210529785156250000e+02 2.094822120666503906e+01 6.019970774650573730e-01 2.000000000000000000e+00
0.000000000000000000e+00 1.932754058837890625e+02 3.992031860351562500e+01 2.548078765869140625e+02 5.992342233657836914e-01 0.000000000000000000e+00
9.875723876953125000e+02 2.098433380126953125e+02 1.009716674804687500e+03 2.594408874511718750e+02 5.969859957695007324e-01 0.000000000000000000e+00
3.372327880859375000e+02 2.675182189941406250e+02 3.680648803710937500e+02 3.379480895996093750e+02 5.947467088699340820e-01 0.000000000000000000e+00
1.129858551025390625e+02 6.424040985107421875e+01 1.898900299072265625e+02 1.260469589233398438e+02 5.866574645042419434e-01 2.000000000000000000e+00
5.560536384582519531e+00 1.260403594970703125e+02 2.980317878723144531e+01 1.716052856445312500e+02 5.766683816909790039e-01 0.000000000000000000e+00
5.987101440429687500e+02 4.087161254882812500e+02 6.782576904296875000e+02 4.689125061035156250e+02 5.531206130981445312e-01 8.000000000000000000e+00
9.953660278320312500e+02 1.509182434082031250e+02 1.011353820800781250e+03 1.936536102294921875e+02 5.093031525611877441e-01 0.000000000000000000e+00
4.606202087402343750e+02 1.274945983886718750e+02 5.129943237304687500e+02 1.970457763671875000e+02 4.808422923088073730e-01 2.000000000000000000e+00
2.145451354980468750e+02 4.987266540527343750e+01 2.346979064941406250e+02 9.618347167968750000e+01 4.784448146820068359e-01 0.000000000000000000e+00
1.373051605224609375e+02 2.283486022949218750e+02 1.653068542480468750e+02 2.869269104003906250e+02 4.763826727867126465e-01 0.000000000000000000e+00
1.225558471679687500e+03 1.384910278320312500e+02 1.257809326171875000e+03 1.934520263671875000e+02 4.066981971263885498e-01 0.000000000000000000e+00
2.018994598388671875e+02 2.080841674804687500e+02 2.319906768798828125e+02 2.667823181152343750e+02 3.830168545246124268e-01 0.000000000000000000e+00
1.236776367187500000e+03 1.310437164306640625e+02 1.272001953125000000e+03 1.915123138427734375e+02 3.619471788406372070e-01 0.000000000000000000e+00
1.991865081787109375e+02 3.688984298706054688e+01 2.168928222656250000e+02 8.050687408447265625e+01 3.318819105625152588e-01 0.000000000000000000e+00
1.319466552734375000e+03 9.163267517089843750e+01 1.359653442382812500e+03 1.927970581054687500e+02 3.159584999084472656e-01 2.000000000000000000e+00
4.026235656738281250e+02 0.000000000000000000e+00 4.474702148437500000e+02 2.531365776062011719e+01 2.654269933700561523e-01 2.000000000000000000e+00
