8.661121826171875000e+02 3.899749450683593750e+02 9.522794799804687500e+02 5.156660766601562500e+02 8.408868312835693359e-01 5.000000000000000000e+00
4.555253295898437500e+02 6.024034423828125000e+02 6.572023925781250000e+02 6.994353027343750000e+02 8.221759796142578125e-01 2.000000000000000000e+00
2.939518127441406250e+02 3.843830871582031250e+01 3.602375488281250000e+02 1.018499526977539062e+02 7.470654845237731934e-01 2.000000000000000000e+00
9.847171020507812500e+02 5.605434570312500000e+02 1.200594238281250000e+03 6.500175781250000000e+02 7.066389322280883789e-01 2.000000000000000000e+00
3.517818603515625000e+02 9.086647796630859375e+01 4.634843750000000000e+02 1.540811462402343750e+02 6.545586585998535156e-01 2.000000000000000000e+00
2.519486083984375000e+02 2.370074844360351562e+01 2.717738037109375000e+02 6.478867340087890625e+01 5.038648247718811035e-01 0.000000000000000000e+00
4.141726074218750000e+02 2.306594085693359375e+02 4.981715087890625000e+02 3.115289611816406250e+02 4.570116400718688965e-01 7.000000000000000000e+00
3.331164550781250000e+02 1.352781829833984375e+02 4.555560302734375000e+02 2.003845825195312500e+02 4.555836617946624756e-01 2.000000000000000000e+00
0.000000000000000000e+00 1.700687103271484375e+02 3.717736434936523438e+01 2.599469299316406250e+02 2.993712425231933594e-01 2.000000000000000000e+00
8.569061279296875000e+02 6.466084594726562500e+02 8.893672485351562500e+02 7.036475830078125000e+02 2.528614401817321777e-01 9.000000000000000000e+00
