2.008047332763671875e+02 3.687265930175781250e+02 3.890378417968750000e+02 4.789094238281250000e+02 8.139021396636962891e-01 2.500000000000000000e+01
4.931992492675781250e+02 3.819560241699218750e+02 6.562102050781250000e+02 4.720287170410156250e+02 7.334378957748413086e-01 2.500000000000000000e+01
9.339338378906250000e+02 2.570583190917968750e+02 9.895424804687500000e+02 2.924189453125000000e+02 7.029952406883239746e-01 2.000000000000000000e+00
1.133046386718750000e+03 1.996728668212890625e+02 1.217208251953125000e+03 2.780661621093750000e+02 6.781958937644958496e-01 2.500000000000000000e+01
2.725906372070312500e+02 1.304399871826171875e+02 4.821919250488281250e+02 2.785375061035156250e+02 6.366229653358459473e-01 2.500000000000000000e+01
7.714314575195312500e+02 6.291035156250000000e+02 8.794367065429687500e+02 7.176990356445312500e+02 5.694494247436523438e-01 2.000000000000000000e+00
6.546732788085937500e+02 4.265863952636718750e+02 7.235776977539062500e+02 4.744334411621093750e+02 5.424557924270629883e-01 2.500000000000000000e+01
9.883256835937500000e+02 6.725225219726562500e+02 1.041371337890625000e+03 7.372678833007812500e+02 5.040758252143859863e-01 2.000000000000000000e+00
1.087768066406250000e+03 5.161868896484375000e+02 1.153402221679687500e+03 5.598013916015625000e+02 4.863628149032592773e-01 2.000000000000000000e+00
1.177826080322265625e+02 2.261484680175781250e+02 3.028012390136718750e+02 4.604227600097656250e+02 4.842727482318878174e-01 2.500000000000000000e+01
1.029870117187500000e+03 4.555270080566406250e+02 1.086414428710937500e+03 4.924466552734375000e+02 4.717049300670623779e-01 2.000000000000000000e+00
7.688798217773437500e+02 1.899113616943359375e+02 7.871729125976562500e+02 2.431840667724609375e+02 4.642050266265869141e-01 0.000000000000000000e+00
2.017641067504882812e+01 4.728444519042968750e+02 3.739030151367187500e+02 7.274822998046875000e+02 4.567257463932037354e-01 2.500000000000000000e+01
7.992935180664062500e+02 1.551194000244140625e+02 8.973704833984375000e+02 1.951167602539062500e+02 4.478971958160400391e-01 2.500000000000000000e+01
1.030918212890625000e+03 4.531415405273437500e+02 1.089520385742187500e+03 4.910087890625000000e+02 4.417568445205688477e-01 2.500000000000000000e+01
8.013968505859375000e+02 1.893305358886718750e+02 8.772270507812500000e+02 2.240343170166015625e+02 4.400205910205841064e-01 2.500000000000000000e+01
8.432359008789062500e+02 3.557463989257812500e+02 8.647232666015625000e+02 4.170087585449218750e+02 4.036500155925750732e-01 0.000000000000000000e+00
1.049014038085937500e+03 4.700904846191406250e+02 1.112778442382812500e+03 5.156309814453125000e+02 3.758086562156677246e-01 2.000000000000000000e+00
7.872053222656250000e+02 3.964804382324218750e+02 8.389215087890625000e+02 4.475673828125000000e+02 3.601096272468566895e-01 1.000000000000000000e+00
3.873210754394531250e+02 5.081453552246093750e+02 4.540900268554687500e+02 5.677678222656250000e+02 3.588571846485137939e-01 5.600000000000000000e+01
8.704014282226562500e+02 1.182093048095703125e+02 8.883707885742187500e+02 1.603538208007812500e+02 3.550737500190734863e-01 0.000000000000000000e+00
1.214228881835937500e+03 2.387178039550781250e+02 1.306062255859375000e+03 3.144466247558593750e+02 3.057071268558502197e-01 7.000000000000000000e+00
9.189531250000000000e+02 5.784101104736328125e+01 1.190399414062500000e+03 1.521331939697265625e+02 2.706083655357360840e-01 5.000000000000000000e+00
8.766955566406250000e+01 7.500894927978515625e+01 2.543973236083984375e+02 1.693863525390625000e+02 2.687690556049346924e-01 2.500000000000000000e+01
7.471391601562500000e+02 3.105916137695312500e+02 8.163329467773437500e+02 3.463126831054687500e+02 2.652103304862976074e-01 2.500000000000000000e+01
8.610827636718750000e+01 7.170916748046875000e+01 2.018011322021484375e+02 1.195950469970703125e+02 2.583498060703277588e-01 2.500000000000000000e+01
8.003723144531250000e+02 1.668862762451171875e+02 8.913474121093750000e+02 2.195889129638671875e+02 2.528117001056671143e-01 2.500000000000000000e+01
