5.275964355468750000e+02 3.929877319335937500e+02 5.978755493164062500e+02 4.667471313476562500e+02 8.615403175354003906e-01 2.000000000000000000e+00
5.710427856445312500e+02 3.114680786132812500e+02 6.259381713867187500e+02 3.757441406250000000e+02 8.193808794021606445e-01 2.000000000000000000e+00
6.312073364257812500e+02 5.541404418945312500e+02 7.168614501953125000e+02 6.721398315429687500e+02 7.827149629592895508e-01 2.000000000000000000e+00
6.899515380859375000e+02 3.165327148437500000e+02 7.348180541992187500e+02 3.633230590820312500e+02 7.827071547508239746e-01 2.000000000000000000e+00
1.312360473632812500e+03 2.620537719726562500e+02 1.359286621093750000e+03 3.049672546386718750e+02 7.739497423171997070e-01 2.000000000000000000e+00
8.154500732421875000e+02 3.869024963378906250e+02 8.863448486328125000e+02 4.507608642578125000e+02 6.264163255691528320e-01 2.000000000000000000e+00
1.110170776367187500e+03 2.125262145996093750e+02 1.186250976562500000e+03 2.658469848632812500e+02 6.123222708702087402e-01 2.000000000000000000e+00
5.834412231445312500e+02 1.354041290283203125e+02 6.178502807617187500e+02 1.709796600341796875e+02 5.977331399917602539e-01 2.000000000000000000e+00
4.942356262207031250e+02 2.519907989501953125e+02 5.391397094726562500e+02 2.903389282226562500e+02 5.919428467750549316e-01 2.000000000000000000e+00
1.162187988281250000e+03 2.696410217285156250e+02 1.254306640625000000e+03 3.123517761230468750e+02 5.460814237594604492e-01 2.000000000000000000e+00
1.294042510986328125e+02 3.489029235839843750e+02 1.451823883056640625e+02 3.896306152343750000e+02 4.558683037757873535e-01 0.000000000000000000e+00
8.474064941406250000e+02 5.610585937500000000e+02 9.254711914062500000e+02 6.652203369140625000e+02 4.369072914123535156e-01 5.000000000000000000e+00
5.391735839843750000e+02 1.877820434570312500e+02 5.772191772460937500e+02 2.244505767822265625e+02 4.191204607486724854e-01 2.000000000000000000e+00
6.957182617187500000e+02 1.523408203125000000e+02 7.210679321289062500e+02 1.749283752441406250e+02 3.928757607936859131e-01 2.000000000000000000e+00
1.089608993530273438e+02 3.525526428222656250e+02 1.243243179321289062e+02 3.880834655761718750e+02 3.550834953784942627e-01 0.000000000000000000e+00
3.461871337890625000e+02 4.462246398925781250e+02 3.681091613769531250e+02 5.009372863769531250e+02 3.274025917053222656e-01 0.000000000000000000e+00
6.318469238281250000e+02 1.196300811767578125e+02 6.529501953125000000e+02 1.412661590576171875e+02 3.266199827194213867e-01 2.000000000000000000e+00
1.074797851562500000e+03 2.110038452148437500e+02 1.114944824218750000e+03 2.412230377197265625e+02 2.980060875415802002e-01 2.000000000000000000e+00
2.258801269531250000e+02 1.502816467285156250e+02 3.075621948242187500e+02 2.528063812255859375e+02 2.754509150981903076e-01 7.000000000000000000e+00
1.029296875000000000e+00 3.823787841796875000e+02 1.163974609375000000e+02 4.445993041992187500e+02 2.692059576511383057e-01 7.000000000000000000e+00
4.014107360839843750e+02 2.034606018066406250e+02 4.159891052246093750e+02 2.370267181396484375e+02 2.635052800178527832e-01 0.000000000000000000e+00
2.802691345214843750e+02 3.692209472656250000e+02 2.971706237792968750e+02 4.100643005371093750e+02 2.567768096923828125e-01 9.000000000000000000e+00
