5.840692138671875000e+02 3.389340820312500000e+02 6.277104492187500000e+02 3.789171447753906250e+02 8.202849030494689941e-01 2.000000000000000000e+00
4.262420959472656250e+02 2.920014953613281250e+02 4.802915344238281250e+02 3.230687255859375000e+02 8.040972352027893066e-01 2.000000000000000000e+00
4.437180786132812500e+02 6.331476440429687500e+02 5.645186157226562500e+02 7.548510131835937500e+02 7.733737826347351074e-01 2.000000000000000000e+00
5.216831054687500000e+02 3.048395080566406250e+02 5.633016357421875000e+02 3.437396850585937500e+02 7.203564047813415527e-01 2.000000000000000000e+00
6.767234497070312500e+02 2.616705932617187500e+02 7.107417602539062500e+02 3.101490173339843750e+02 7.002186775207519531e-01 2.000000000000000000e+00
3.749636230468750000e+02 2.572542419433593750e+02 4.244310913085937500e+02 2.835474853515625000e+02 6.836010813713073730e-01 2.000000000000000000e+00
9.235109863281250000e+02 4.347206115722656250e+02 9.385064697265625000e+02 4.653227233886718750e+02 6.166952848434448242e-01 9.000000000000000000e+00
5.718218383789062500e+02 2.297736358642578125e+02 5.997265625000000000e+02 2.539684600830078125e+02 6.092427372932434082e-01 2.000000000000000000e+00
7.156820678710937500e+02 2.534749298095703125e+02 7.764329223632812500e+02 2.826411437988281250e+02 6.073740124702453613e-01 2.000000000000000000e+00
6.222050170898437500e+02 2.309919738769531250e+02 6.507178344726562500e+02 2.529058685302734375e+02 5.580411553382873535e-01 2.000000000000000000e+00
8.835662841796875000e+02 2.216067199707031250e+02 9.294627075195312500e+02 2.459228820800781250e+02 5.559802055358886719e-01 2.000000000000000000e+00
1.157367229461669922e-01 2.487411499023437500e+02 5.265462493896484375e+01 2.761728210449218750e+02 5.278550982475280762e-01 2.000000000000000000e+00
6.772844848632812500e+02 5.650650024414062500e+02 7.489527587890625000e+02 6.879849243164062500e+02 4.690341949462890625e-01 7.000000000000000000e+00
7.901330566406250000e+02 2.661957397460937500e+02 8.308842163085937500e+02 2.960830383300781250e+02 4.490185976028442383e-01 2.000000000000000000e+00
2.156448211669921875e+02 3.475832519531250000e+02 2.379439697265625000e+02 3.934248352050781250e+02 4.291734993457794189e-01 9.000000000000000000e+00
7.499519653320312500e+02 3.759484863281250000e+02 7.674456176757812500e+02 4.228802490234375000e+02 4.100917577743530273e-01 0.000000000000000000e+00
2.754780578613281250e+02 2.585625305175781250e+02 3.193829040527343750e+02 2.789264831542968750e+02 4.024460613727569580e-01 2.000000000000000000e+00
9.852572021484375000e+02 2.371188659667968750e+02 1.042694702148437500e+03 2.594242248535156250e+02 4.014253318309783936e-01 2.000000000000000000e+00
7.100850830078125000e+02 3.855545959472656250e+02 7.218720703125000000e+02 4.193979187011718750e+02 3.703932464122772217e-01 0.000000000000000000e+00
6.775084838867187500e+02 5.628687133789062500e+02 7.496593627929687500e+02 6.882871704101562500e+02 3.685671687126159668e-01 5.000000000000000000e+00
9.986545410156250000e+02 2.706032104492187500e+02 1.057715087890625000e+03 2.954147644042968750e+02 3.434126377105712891e-01 2.000000000000000000e+00
1.030936203002929688e+02 2.522778015136718750e+02 1.812807922363281250e+02 2.781172180175781250e+02 3.293345570564270020e-01 2.000000000000000000e+00
9.776877441406250000e+02 3.996088867187500000e+02 9.936691894531250000e+02 4.267580261230468750e+02 3.187609612941741943e-01 9.000000000000000000e+00
7.290939941406250000e+02 3.784114074707031250e+02 7.433731689453125000e+02 4.212904052734375000e+02 3.085940480232238770e-01 0.000000000000000000e+00
3.363036346435546875e+01 2.115279541015625000e+02 8.037755584716796875e+01 2.322575683593750000e+02 3.025614023208618164e-01 2.000000000000000000e+00
4.792989807128906250e+02 1.786702728271484375e+02 5.167171630859375000e+02 2.005202026367187500e+02 2.882521450519561768e-01 2.000000000000000000e+00
3.669085083007812500e+02 2.125615081787109375e+02 4.189005126953125000e+02 2.384134521484375000e+02 2.777298092842102051e-01 2.000000000000000000e+00
