6.396033325195312500e+02 9.444620971679687500e+02 8.971284179687500000e+02 1.075031250000000000e+03 8.762804865837097168e-01 2.000000000000000000e+00
1.277341308593750000e+03 7.837587890625000000e+02 1.430347900390625000e+03 8.839832153320312500e+02 8.753601908683776855e-01 2.000000000000000000e+00
1.264839965820312500e+03 6.993834838867187500e+02 1.385725708007812500e+03 7.909428100585937500e+02 8.461486101150512695e-01 2.000000000000000000e+00
4.082651367187500000e+02 9.174043579101562500e+02 5.145128784179687500e+02 1.077092285156250000e+03 8.393930792808532715e-01 2.000000000000000000e+00
9.143646240234375000e+02 5.211165161132812500e+02 9.807606811523437500e+02 5.817452392578125000e+02 8.110870122909545898e-01 2.000000000000000000e+00
1.003027099609375000e+03 7.710302734375000000e+02 1.109729736328125000e+03 8.930786743164062500e+02 8.107990622520446777e-01 2.000000000000000000e+00
2.209804840087890625e+02 7.430294189453125000e+02 3.184576416015625000e+02 8.578901977539062500e+02 8.076699972152709961e-01 2.000000000000000000e+00
8.745917358398437500e+02 8.030440673828125000e+02 9.893941040039062500e+02 9.500021362304687500e+02 7.907286286354064941e-01 2.000000000000000000e+00
4.866855621337890625e+01 7.979703369140625000e+02 1.859241485595703125e+02 9.383217773437500000e+02 7.846201658248901367e-01 2.000000000000000000e+00
1.481996459960937500e+03 9.137633666992187500e+02 1.601089721679687500e+03 1.045574218750000000e+03 7.788774967193603516e-01 2.000000000000000000e+00
1.178838256835937500e+03 7.278554077148437500e+02 1.265348876953125000e+03 8.210401611328125000e+02 7.543078064918518066e-01 2.000000000000000000e+00
1.162688110351562500e+03 6.326526489257812500e+02 1.289014404296875000e+03 7.271547851562500000e+02 7.434238791465759277e-01 2.000000000000000000e+00
4.990913085937500000e+02 4.890509033203125000e+02 5.542648925781250000e+02 5.588228759765625000e+02 7.284719347953796387e-01 2.000000000000000000e+00
8.491041870117187500e+02 7.015276489257812500e+02 9.188091430664062500e+02 7.990776367187500000e+02 7.184243798255920410e-01 2.000000000000000000e+00
5.802088623046875000e+02 7.266120605468750000e+02 6.688527221679687500e+02 8.557108154296875000e+02 6.901586055755615234e-01 2.000000000000000000e+00
5.830368041992187500e+02 3.251325073242187500e+02 6.270633544921875000e+02 3.649230041503906250e+02 6.102590560913085938e-01 2.000000000000000000e+00
1.499494628906250000e+03 7.814987792968750000e+02 1.634485229492187500e+03 9.130261840820312500e+02 6.004089117050170898e-01 7.000000000000000000e+00
8.509552612304687500e+02 5.982707519531250000e+02 9.146695556640625000e+02 6.848135375976562500e+02 5.884782075881958008e-01 2.000000000000000000e+00
8.753514404296875000e+02 4.421676635742187500e+02 9.306967163085937500e+02 4.898681945800781250e+02 5.486532449722290039e-01 2.000000000000000000e+00
0.000000000000000000e+00 9.298764038085937500e+02 9.863925933837890625e+01 1.079195434570312500e+03 5.440930724143981934e-01 2.000000000000000000e+00
1.386193603515625000e+03 9.939022216796875000e+02 1.475791992187500000e+03 1.067125122070312500e+03 5.313193798065185547e-01 3.000000000000000000e+00
6.211965332031250000e+02 5.474562988281250000e+02 6.783484497070312500e+02 6.149776611328125000e+02 5.280717015266418457e-01 2.000000000000000000e+00
8.603948364257812500e+02 3.527098388671875000e+02 9.042442016601562500e+02 3.947730102539062500e+02 5.239716768264770508e-01 2.000000000000000000e+00
8.256824340820312500e+02 4.903111572265625000e+02 8.857626342773437500e+02 5.450939331054687500e+02 5.211225152015686035e-01 2.000000000000000000e+00
1.124994873046875000e+03 5.684583129882812500e+02 1.240544189453125000e+03 6.266486816406250000e+02 5.068276524543762207e-01 2.000000000000000000e+00
1.384156494140625000e+03 9.455319213867187500e+02 1.414556396484375000e+03 1.018720642089843750e+03 4.897915124893188477e-01 0.000000000000000000e+00
1.335133514404296875e+02 6.973263549804687500e+02 2.486323242187500000e+02 8.015993041992187500e+02 4.634776413440704346e-01 2.000000000000000000e+00
1.021104492187500000e+03 4.293209228515625000e+02 1.118837158203125000e+03 4.839775390625000000e+02 4.632059931755065918e-01 2.000000000000000000e+00
8.225667724609375000e+02 5.617588500976562500e+02 8.795938720703125000e+02 6.266434936523437500e+02 4.528782367706298828e-01 2.000000000000000000e+00
1.492430664062500000e+03 7.807962036132812500e+02 1.631955688476562500e+03 9.080162353515625000e+02 4.366706013679504395e-01 2.000000000000000000e+00
8.361466064453125000e+02 2.953094787597656250e+02 8.738544311523437500e+02 3.304063110351562500e+02 4.252697527408599854e-01 2.000000000000000000e+00
3.723872680664062500e+02 6.902701416015625000e+02 4.021751403808593750e+02 7.549900512695312500e+02 4.101889431476593018e-01 0.000000000000000000e+00
1.358513031005859375e+02 6.999034423828125000e+02 2.496508483886718750e+02 8.021208496093750000e+02 3.990309238433837891e-01 7.000000000000000000e+00
1.067375854492187500e+03 5.025320434570312500e+02 1.168386718750000000e+03 5.651076049804687500e+02 3.954766988754272461e-01 2.000000000000000000e+00
2.267081146240234375e+02 5.577793579101562500e+02 3.322227172851562500e+02 6.755668945312500000e+02 3.818135261535644531e-01 7.000000000000000000e+00
5.955571289062500000e+02 6.071158447265625000e+02 6.655318603515625000e+02 7.333634033203125000e+02 3.808648884296417236e-01 2.000000000000000000e+00
1.075667114257812500e+03 5.202233276367187500e+02 1.206731689453125000e+03 5.839141235351562500e+02 3.725783824920654297e-01 2.000000000000000000e+00
1.123655395507812500e+03 6.143065795898437500e+02 1.260834716796875000e+03 6.972150878906250000e+02 3.691455721855163574e-01 2.000000000000000000e+00
1.033850341796875000e+03 5.064161071777343750e+02 1.056032226562500000e+03 5.588907470703125000e+02 3.529475629329681396e-01 0.000000000000000000e+00
7.874404907226562500e+02 3.481789855957031250e+02 8.282944335937500000e+02 4.110693054199218750e+02 3.455753922462463379e-01 2.000000000000000000e+00
1.323144409179687500e+03 8.969256591796875000e+02 1.350170288085937500e+03 9.519406127929687500e+02 3.276446163654327393e-01 0.000000000000000000e+00
1.411817871093750000e+03 9.012075805664062500e+02 1.437661987304687500e+03 9.870012817382812500e+02 3.246718347072601318e-01 0.000000000000000000e+00
1.390024169921875000e+03 9.954234008789062500e+02 1.475697875976562500e+03 1.070011352539062500e+03 3.160183429718017578e-01 1.000000000000000000e+00
6.540640869140625000e+02 3.589602355957031250e+02 6.907132568359375000e+02 4.002103271484375000e+02 3.152098059654235840e-01 2.000000000000000000e+00
1.418147094726562500e+03 7.233045654296875000e+02 1.478467895507812500e+03 7.986781005859375000e+02 3.123880624771118164e-01 3.000000000000000000e+00
9.951181640625000000e+02 3.254465942382812500e+02 1.058931152343750000e+03 3.579820251464843750e+02 3.080930709838867188e-01 2.000000000000000000e+00
1.355325561523437500e+03 9.040762939453125000e+02 1.381675781250000000e+03 9.646550903320312500e+02 2.874682545661926270e-01 0.000000000000000000e+00
9.176994018554687500e+02 3.300115356445312500e+02 9.711848754882812500e+02 3.666665344238281250e+02 2.769391238689422607e-01 2.000000000000000000e+00
1.417070678710937500e+03 9.386929321289062500e+02 1.448000244140625000e+03 1.024674804687500000e+03 2.655531167984008789e-01 0.000000000000000000e+00
4.335416870117187500e+02 7.704290771484375000e+02 4.679421691894531250e+02 8.407289428710937500e+02 2.603906095027923584e-01 0.000000000000000000e+00
