4.667001342773437500e+02 2.746584777832031250e+02 5.376018066406250000e+02 3.497072753906250000e+02 8.417165875434875488e-01 2.000000000000000000e+00
0.000000000000000000e+00 3.640036315917968750e+02 6.412700653076171875e+01 4.287442016601562500e+02 8.036634325981140137e-01 2.000000000000000000e+00
9.883676910400390625e+01 2.890917053222656250e+02 2.089645996093750000e+02 3.471382751464843750e+02 7.541919946670532227e-01 2.000000000000000000e+00
5.570015869140625000e+02 6.651229095458984375e+01 6.041979370117187500e+02 1.003146591186523438e+02 7.367507815361022949e-01 2.000000000000000000e+00
6.643410644531250000e+02 2.437215881347656250e+02 7.089614257812500000e+02 2.894888000488281250e+02 7.114613056182861328e-01 2.000000000000000000e+00
9.379945068359375000e+02 1.623947906494140625e+02 1.025557006835937500e+03 2.166363525390625000e+02 6.924564838409423828e-01 2.000000000000000000e+00
2.488811187744140625e+02 1.782619171142578125e+02 3.401393432617187500e+02 2.253647308349609375e+02 6.907981038093566895e-01 2.000000000000000000e+00
5.934840087890625000e+02 4.146169433593750000e+02 6.544642944335937500e+02 4.873441162109375000e+02 6.867618560791015625e-01 2.000000000000000000e+00
8.223186035156250000e+02 3.173509521484375000e+02 9.192119140625000000e+02 3.568681335449218750e+02 6.842734813690185547e-01 2.000000000000000000e+00
1.638350868225097656e+01 3.247337036132812500e+02 1.320590209960937500e+02 3.803966064453125000e+02 6.417757868766784668e-01 2.000000000000000000e+00
9.090753173828125000e+02 7.876308441162109375e+01 9.827462768554687500e+02 1.205497360229492188e+02 6.302160024642944336e-01 2.000000000000000000e+00
4.164161376953125000e+02 2.881118392944335938e+01 4.609310302734375000e+02 6.116696548461914062e+01 6.223078966140747070e-01 2.000000000000000000e+00
4.476248779296875000e+02 1.882109222412109375e+02 4.985348815917968750e+02 2.388971862792968750e+02 6.214862465858459473e-01 2.000000000000000000e+00
4.258742980957031250e+02 1.183142318725585938e+02 5.159735107421875000e+02 1.723543548583984375e+02 6.206226348876953125e-01 2.000000000000000000e+00
8.538550415039062500e+02 4.474578552246093750e+02 9.299016113281250000e+02 5.106791992187500000e+02 6.014518737792968750e-01 2.000000000000000000e+00
9.069797973632812500e+02 2.086745834350585938e+01 9.568085937500000000e+02 5.015934371948242188e+01 5.679380297660827637e-01 2.000000000000000000e+00
4.511519775390625000e+02 7.944226074218750000e+01 5.257390747070312500e+02 1.124516220092773438e+02 5.526816248893737793e-01 2.000000000000000000e+00
6.934531250000000000e+02 1.412886810302734375e+02 7.258840942382812500e+02 1.761550445556640625e+02 5.370218753814697266e-01 2.000000000000000000e+00
8.150958862304687500e+02 3.523014221191406250e+02 9.297436523437500000e+02 4.000682067871093750e+02 5.340033769607543945e-01 2.000000000000000000e+00
1.446248626708984375e+02 2.573304443359375000e+02 2.447541046142578125e+02 3.105560302734375000e+02 5.264598131179809570e-01 2.000000000000000000e+00
7.608214721679687500e+02 2.679647827148437500e+02 8.076782226562500000e+02 3.177073364257812500e+02 5.246401429176330566e-01 2.000000000000000000e+00
4.690462341308593750e+02 4.608336639404296875e+01 5.108923034667968750e+02 7.006168365478515625e+01 5.208874344825744629e-01 2.000000000000000000e+00
9.232784423828125000e+02 1.006451187133789062e+02 9.887507324218750000e+02 1.373589019775390625e+02 4.534534811973571777e-01 2.000000000000000000e+00
2.631117858886718750e+02 1.601469573974609375e+02 3.515778198242187500e+02 2.092199707031250000e+02 3.960041403770446777e-01 2.000000000000000000e+00
7.318999633789062500e+02 7.277434349060058594e+00 7.627269897460937500e+02 3.619326400756835938e+01 3.684729635715484619e-01 2.000000000000000000e+00
7.607390747070312500e+02 2.672771606445312500e+02 8.078841552734375000e+02 3.187613830566406250e+02 3.638309240341186523e-01 7.000000000000000000e+00
7.748595581054687500e+02 4.545943603515625000e+02 7.979951782226562500e+02 4.949853210449218750e+02 3.212301135063171387e-01 9.000000000000000000e+00
7.771036376953125000e+02 2.825020027160644531e+01 8.031211547851562500e+02 6.343478012084960938e+01 3.042522370815277100e-01 2.000000000000000000e+00
3.932369689941406250e+02 2.113857879638671875e+02 4.110804748535156250e+02 2.466383514404296875e+02 2.883877754211425781e-01 0.000000000000000000e+00
4.533923034667968750e+02 8.270492553710937500e+00 4.951836853027343750e+02 3.564655685424804688e+01 2.545975446701049805e-01 2.000000000000000000e+00
7.758318481445312500e+02 1.177754058837890625e+02 8.147800292968750000e+02 1.658066406250000000e+02 2.506664097309112549e-01 2.000000000000000000e+00
