9.618985595703125000e+02 1.861684570312500000e+02 1.123551391601562500e+03 2.537873687744140625e+02 9.200394153594970703e-01 2.000000000000000000e+00
6.542465972900390625e+01 9.827008819580078125e+01 2.093217773437500000e+02 1.469948272705078125e+02 8.432537317276000977e-01 2.000000000000000000e+00
8.441957092285156250e+01 1.943657073974609375e+02 2.588700256347656250e+02 2.659814758300781250e+02 8.297958374023437500e-01 2.000000000000000000e+00
7.102696533203125000e+02 5.755423736572265625e+01 8.119370727539062500e+02 9.872911071777343750e+01 8.283720612525939941e-01 2.000000000000000000e+00
1.132361328125000000e+03 2.659865112304687500e+02 1.170425048828125000e+03 3.434427795410156250e+02 8.127248287200927734e-01 0.000000000000000000e+00
1.005450927734375000e+03 5.666070938110351562e+01 1.061798828125000000e+03 1.099580841064453125e+02 7.688823342323303223e-01 2.000000000000000000e+00
3.133311462402343750e+02 4.057849121093750000e+01 3.805274658203125000e+02 8.186875152587890625e+01 7.502368092536926270e-01 2.000000000000000000e+00
2.517693634033203125e+02 3.451388549804687500e+01 3.165368652343750000e+02 7.885805511474609375e+01 7.257193922996520996e-01 2.000000000000000000e+00
1.093127197265625000e+03 6.757991790771484375e+01 1.144166381835937500e+03 1.096825332641601562e+02 6.899824738502502441e-01 2.000000000000000000e+00
1.198362182617187500e+03 2.738677673339843750e+02 1.234482421875000000e+03 3.480762329101562500e+02 6.713423132896423340e-01 0.000000000000000000e+00
3.146929359436035156e+01 2.829820632934570312e+01 9.644905853271484375e+01 6.295294570922851562e+01 6.594588756561279297e-01 2.000000000000000000e+00
9.683838500976562500e+02 2.567904968261718750e+02 1.011084106445312500e+03 3.302864074707031250e+02 6.499562263488769531e-01 0.000000000000000000e+00
5.185302734375000000e+02 1.712188568115234375e+02 5.459022827148437500e+02 2.319792785644531250e+02 6.474757790565490723e-01 0.000000000000000000e+00
1.064953613281250000e+03 2.397166290283203125e+02 1.243234252929687500e+03 3.040118103027343750e+02 6.212752461433410645e-01 2.000000000000000000e+00
2.543219604492187500e+02 1.579335784912109375e+02 2.782601928710937500e+02 2.177921752929687500e+02 5.971593260765075684e-01 0.000000000000000000e+00
1.207161499023437500e+03 1.676433181762695312e+01 1.242847534179687500e+03 4.357559204101562500e+01 5.927012562751770020e-01 2.000000000000000000e+00
4.517940673828125000e+02 1.659358367919921875e+02 4.736858825683593750e+02 2.258753356933593750e+02 5.836350917816162109e-01 0.000000000000000000e+00
3.872219848632812500e+02 5.024791336059570312e+01 4.619430236816406250e+02 9.106105041503906250e+01 5.770719647407531738e-01 2.000000000000000000e+00
4.766239013671875000e+02 1.342763214111328125e+02 4.927973022460937500e+02 1.827870635986328125e+02 5.764396190643310547e-01 0.000000000000000000e+00
2.315512695312500000e+02 1.713213806152343750e+02 2.506784973144531250e+02 2.199946899414062500e+02 5.616027116775512695e-01 0.000000000000000000e+00
1.030745727539062500e+03 3.614601135253906250e+01 1.072472534179687500e+03 7.179031372070312500e+01 5.361657142639160156e-01 2.000000000000000000e+00
6.834243774414062500e+02 3.897030353546142578e-01 7.564497680664062500e+02 3.674431228637695312e+01 5.289181470870971680e-01 2.000000000000000000e+00
5.687429809570312500e+02 7.268369674682617188e+00 6.362003173828125000e+02 3.778242492675781250e+01 5.226442813873291016e-01 2.000000000000000000e+00
1.203516006469726562e+02 3.768018341064453125e+01 2.113698883056640625e+02 7.722865295410156250e+01 4.888117611408233643e-01 2.000000000000000000e+00
0.000000000000000000e+00 3.359407348632812500e+02 7.563893890380859375e+01 4.444934692382812500e+02 4.673947095870971680e-01 2.000000000000000000e+00
8.353066444396972656e-02 3.487058410644531250e+02 3.782522201538085938e+01 4.426227416992187500e+02 4.318277239799499512e-01 2.000000000000000000e+00
2.058491058349609375e+02 1.635440826416015625e+02 2.277715454101562500e+02 2.137266235351562500e+02 3.899939656257629395e-01 0.000000000000000000e+00
9.176376342773437500e+02 7.243092651367187500e+02 9.755459594726562500e+02 7.642847900390625000e+02 3.573311269283294678e-01 0.000000000000000000e+00
1.100258911132812500e+03 2.693770980834960938e+01 1.144161987304687500e+03 7.312988281250000000e+01 3.530194163322448730e-01 2.000000000000000000e+00
2.111955566406250000e+02 1.687537536621093750e+02 2.472950744628906250e+02 2.179062652587890625e+02 3.402100801467895508e-01 0.000000000000000000e+00
2.014777069091796875e+02 1.064562225341796875e+01 2.519084930419921875e+02 4.744907379150390625e+01 3.338133394718170166e-01 2.000000000000000000e+00
8.837457275390625000e+02 7.086212768554687500e+02 9.882193603515625000e+02 7.650000000000000000e+02 3.313414454460144043e-01 0.000000000000000000e+00
4.663138732910156250e+02 1.485046539306640625e+02 4.885997619628906250e+02 2.102304687500000000e+02 3.104132413864135742e-01 0.000000000000000000e+00
1.253334350585937500e+03 6.796729278564453125e+01 1.288766235351562500e+03 1.002921371459960938e+02 3.082057535648345947e-01 2.000000000000000000e+00
1.101558715820312500e+03 2.089657211303710938e+01 1.143304077148437500e+03 5.078592300415039062e+01 2.961849272251129150e-01 2.000000000000000000e+00
1.192666992187500000e+03 0.000000000000000000e+00 1.221682373046875000e+03 1.295779514312744141e+01 2.930283546447753906e-01 2.000000000000000000e+00
4.300353393554687500e+02 1.962458648681640625e+02 4.530870666503906250e+02 2.550045318603515625e+02 2.665234804153442383e-01 0.000000000000000000e+00
4.371620788574218750e+02 1.762808837890625000e+02 4.615943298339843750e+02 2.530047912597656250e+02 2.659702897071838379e-01 0.000000000000000000e+00
4.135242309570312500e+02 3.792852401733398438e+01 5.046109619140625000e+02 8.439979553222656250e+01 2.658817470073699951e-01 2.000000000000000000e+00
