7.467633819580078125e+01 2.229170227050781250e+02 2.833147277832031250e+02 3.079800720214843750e+02 9.139307737350463867e-01 2.000000000000000000e+00
5.803094482421875000e+02 3.274859619140625000e+02 7.534398803710937500e+02 4.632306518554687500e+02 9.137954115867614746e-01 2.000000000000000000e+00
8.509783325195312500e+02 6.893889617919921875e+01 9.173555297851562500e+02 1.140588607788085938e+02 8.545019030570983887e-01 2.000000000000000000e+00
9.529074096679687500e+01 1.589049682617187500e+02 2.390038146972656250e+02 2.307013092041015625e+02 8.542811870574951172e-01 2.000000000000000000e+00
1.201269287109375000e+03 2.504774322509765625e+02 1.360000000000000000e+03 3.405086059570312500e+02 8.485704660415649414e-01 2.000000000000000000e+00
2.864440612792968750e+02 9.283615875244140625e+01 3.432680358886718750e+02 1.450423431396484375e+02 8.385394811630249023e-01 2.000000000000000000e+00
7.494964599609375000e+02 6.495717620849609375e+01 8.397153320312500000e+02 1.078417587280273438e+02 8.236683011054992676e-01 2.000000000000000000e+00
2.892277526855468750e+02 3.474013137817382812e+01 3.358860473632812500e+02 7.439234924316406250e+01 8.177852630615234375e-01 2.000000000000000000e+00
8.773603057861328125e+01 3.718945617675781250e+02 1.297588195800781250e+02 4.681005554199218750e+02 7.715637087821960449e-01 0.000000000000000000e+00
1.059101440429687500e+03 7.384568023681640625e+01 1.151252319335937500e+03 1.173391799926757812e+02 7.572693824768066406e-01 2.000000000000000000e+00
1.163036376953125000e+03 1.361611938476562500e+02 1.286199462890625000e+03 1.878981170654296875e+02 7.151758670806884766e-01 2.000000000000000000e+00
9.473966674804687500e+02 8.257289886474609375e+01 1.058388671875000000e+03 1.232691802978515625e+02 6.829718351364135742e-01 2.000000000000000000e+00
1.459959106445312500e+02 3.525478515625000000e+02 1.828211517333984375e+02 4.459446716308593750e+02 6.220862269401550293e-01 0.000000000000000000e+00
7.621778869628906250e+01 5.498393630981445312e+01 1.420488433837890625e+02 1.122885742187500000e+02 5.763004422187805176e-01 2.000000000000000000e+00
9.491261596679687500e+02 2.310777130126953125e+02 9.777758178710937500e+02 2.925720520019531250e+02 5.441347956657409668e-01 0.000000000000000000e+00
1.746796112060546875e+02 5.383729553222656250e+01 2.261543426513671875e+02 9.893091583251953125e+01 5.095577836036682129e-01 2.000000000000000000e+00
8.256925659179687500e+02 2.430842285156250000e+02 8.643598022460937500e+02 3.059472045898437500e+02 4.967824816703796387e-01 0.000000000000000000e+00
4.860416564941406250e+02 3.142005004882812500e+02 5.335017089843750000e+02 3.705963134765625000e+02 4.562343657016754150e-01 0.000000000000000000e+00
4.788257446289062500e+02 3.274310607910156250e+02 5.359721069335937500e+02 3.920766906738281250e+02 4.435224831104278564e-01 3.000000000000000000e+00
6.274208984375000000e+02 3.268124389648437500e+01 7.201143188476562500e+02 8.173065948486328125e+01 4.422120451927185059e-01 2.000000000000000000e+00
1.221640853881835938e+02 3.596537170410156250e+02 1.562107543945312500e+02 4.522721557617187500e+02 4.289009571075439453e-01 0.000000000000000000e+00
7.944915771484375000e+02 2.653920898437500000e+02 8.545349121093750000e+02 3.148623352050781250e+02 4.167846441268920898e-01 3.000000000000000000e+00
9.554356079101562500e+02 5.036120605468750000e+01 1.051192626953125000e+03 8.525506591796875000e+01 4.151866436004638672e-01 2.000000000000000000e+00
8.201333618164062500e+02 2.497900543212890625e+02 8.628956909179687500e+02 3.103080139160156250e+02 3.837319612503051758e-01 3.000000000000000000e+00
1.343091888427734375e+02 3.584102172851562500e+02 1.682848358154296875e+02 4.465005798339843750e+02 3.827515840530395508e-01 0.000000000000000000e+00
1.784879913330078125e+02 3.635270080566406250e+02 2.012808990478515625e+02 4.232932128906250000e+02 3.450859189033508301e-01 0.000000000000000000e+00
7.220125122070312500e+02 5.162515258789062500e+01 7.837346801757812500e+02 9.796008300781250000e+01 2.889354228973388672e-01 2.000000000000000000e+00
4.274184875488281250e+02 6.086604595184326172e-01 4.632570495605468750e+02 2.300305747985839844e+01 2.544762790203094482e-01 2.000000000000000000e+00
