1.143722900390625000e+03 9.364654541015625000e+02 1.212811523437500000e+03 1.077486816406250000e+03 7.913376092910766602e-01 0.000000000000000000e+00
1.387779418945312500e+03 7.066842041015625000e+02 1.493281494140625000e+03 7.927463378906250000e+02 7.880329489707946777e-01 2.000000000000000000e+00
1.304753295898437500e+03 8.622042846679687500e+02 1.355998657226562500e+03 1.017405029296875000e+03 7.557995915412902832e-01 0.000000000000000000e+00
1.676771392822265625e+02 9.203754272460937500e+02 2.234679107666015625e+02 1.074714111328125000e+03 7.410079240798950195e-01 0.000000000000000000e+00
8.895498657226562500e+01 6.654455566406250000e+02 2.297584075927734375e+02 7.199302368164062500e+02 7.317352890968322754e-01 2.000000000000000000e+00
1.226135986328125000e+03 8.078166503906250000e+02 1.273857421875000000e+03 9.287215576171875000e+02 7.173864245414733887e-01 0.000000000000000000e+00
1.367717773437500000e+03 8.764054565429687500e+02 1.415046142578125000e+03 9.994840087890625000e+02 7.126575112342834473e-01 0.000000000000000000e+00
1.282786010742187500e+03 8.170834350585937500e+02 1.321193481445312500e+03 9.260485839843750000e+02 6.820779442787170410e-01 0.000000000000000000e+00
2.054854393005371094e+01 8.057389526367187500e+02 6.860968780517578125e+01 9.334548339843750000e+02 6.195876002311706543e-01 0.000000000000000000e+00
2.256756134033203125e+02 6.591578369140625000e+02 3.177747192382812500e+02 7.079317016601562500e+02 6.084534525871276855e-01 2.000000000000000000e+00
1.047542495727539062e+02 9.203664550781250000e+02 1.540899047851562500e+02 1.071486694335937500e+03 5.729929208755493164e-01 0.000000000000000000e+00
1.907489204406738281e+01 1.006548156738281250e+03 9.405473327636718750e+01 1.080000000000000000e+03 5.485179424285888672e-01 0.000000000000000000e+00
1.221563598632812500e+03 6.652812500000000000e+02 1.372906372070312500e+03 7.497062988281250000e+02 5.371686220169067383e-01 2.000000000000000000e+00
1.890409851074218750e+02 8.016874389648437500e+02 2.985625915527343750e+02 8.778146362304687500e+02 4.734410345554351807e-01 2.000000000000000000e+00
5.834412231445312500e+02 7.431767578125000000e+02 6.157530517578125000e+02 8.357733764648437500e+02 4.484219849109649658e-01 0.000000000000000000e+00
7.443441162109375000e+02 7.002562255859375000e+02 7.817633056640625000e+02 7.962622070312500000e+02 4.291036128997802734e-01 0.000000000000000000e+00
1.569616333007812500e+03 6.916971435546875000e+02 1.628052612304687500e+03 7.433552856445312500e+02 4.041292369365692139e-01 2.000000000000000000e+00
6.201599731445312500e+02 9.780289916992187500e+02 6.631650390625000000e+02 1.080000000000000000e+03 3.928441405296325684e-01 0.000000000000000000e+00
3.268612976074218750e+02 6.636179199218750000e+02 4.163302917480468750e+02 7.121801147460937500e+02 3.849861621856689453e-01 2.000000000000000000e+00
1.114296875000000000e+03 6.245740356445312500e+02 1.253141235351562500e+03 6.945760498046875000e+02 3.740401566028594971e-01 2.000000000000000000e+00
1.231137451171875000e+03 7.467958374023437500e+02 1.279680053710937500e+03 8.322145385742187500e+02 2.929444015026092529e-01 0.000000000000000000e+00
5.667441558837890625e+01 6.373577880859375000e+02 8.208815765380859375e+01 6.929632568359375000e+02 2.833059430122375488e-01 9.000000000000000000e+00
1.121982910156250000e+03 6.586270751953125000e+02 1.153045288085937500e+03 7.523496093750000000e+02 2.738918364048004150e-01 0.000000000000000000e+00
5.363383483886718750e+01 9.274163818359375000e+02 1.070631713867187500e+02 1.079538940429687500e+03 2.690521180629730225e-01 0.000000000000000000e+00
5.443485107421875000e+02 9.929196777343750000e+02 6.428715209960937500e+02 1.080000000000000000e+03 2.503114640712738037e-01 0.000000000000000000e+00
