5.189732666015625000e+02 2.400963287353515625e+02 6.648253173828125000e+02 3.961901245117187500e+02 5.617864131927490234e-01 2.000000000000000000e+00
7.545394287109375000e+02 2.343615875244140625e+02 8.966733398437500000e+02 4.315662536621093750e+02 4.763093590736389160e-01 7.000000000000000000e+00
3.101293029785156250e+02 5.699730224609375000e+02 4.837143554687500000e+02 7.344185180664062500e+02 4.328547418117523193e-01 2.000000000000000000e+00
1.736030578613281250e-01 4.761092834472656250e+02 2.009197235107421875e+02 7.650000000000000000e+02 4.313627779483795166e-01 7.000000000000000000e+00
9.700147094726562500e+02 5.319720458984375000e+02 1.105955566406250000e+03 6.545831298828125000e+02 4.197269380092620850e-01 7.000000000000000000e+00
5.298371582031250000e+02 4.549667739868164062e+01 5.754287109375000000e+02 8.952043914794921875e+01 3.695332705974578857e-01 2.000000000000000000e+00
5.510093994140625000e+02 6.868687438964843750e+01 6.157731323242187500e+02 1.202556838989257812e+02 3.678914606571197510e-01 2.000000000000000000e+00
1.891722412109375000e+02 3.395069580078125000e+02 3.324751281738281250e+02 5.024792175292968750e+02 3.533374369144439697e-01 7.000000000000000000e+00
1.111353515625000000e+03 6.689390869140625000e+02 1.165315795898437500e+03 7.333532714843750000e+02 3.469722568988800049e-01 2.000000000000000000e+00
2.495579223632812500e+02 4.306390686035156250e+02 4.010704040527343750e+02 6.118433227539062500e+02 3.451302945613861084e-01 7.000000000000000000e+00
2.493139495849609375e+02 4.308955688476562500e+02 4.007656860351562500e+02 6.101531372070312500e+02 3.321725130081176758e-01 2.000000000000000000e+00
1.149818191528320312e+02 5.603790283203125000e+01 1.550894165039062500e+02 1.023326263427734375e+02 3.230981230735778809e-01 2.000000000000000000e+00
3.100047607421875000e+02 5.726109008789062500e+02 4.841450500488281250e+02 7.411094970703125000e+02 2.990339100360870361e-01 7.000000000000000000e+00
8.735160522460937500e+02 3.957707519531250000e+02 1.075629150390625000e+03 6.000487670898437500e+02 2.841377854347229004e-01 7.000000000000000000e+00
9.686641845703125000e+02 5.339127197265625000e+02 1.107068969726562500e+03 6.541987304687500000e+02 2.622303366661071777e-01 2.000000000000000000e+00
