3.853341369628906250e+02 2.476105194091796875e+02 5.068866271972656250e+02 3.313115844726562500e+02 8.721227049827575684e-01 2.000000000000000000e+00
1.075337036132812500e+03 3.645720214843750000e+02 1.161503784179687500e+03 4.683036499023437500e+02 8.592527508735656738e-01 2.000000000000000000e+00
1.180225585937500000e+03 1.820795440673828125e+02 1.259545776367187500e+03 2.576712646484375000e+02 8.492430448532104492e-01 2.000000000000000000e+00
9.495654296875000000e+02 2.992237548828125000e+02 1.042362548828125000e+03 3.969451293945312500e+02 8.394135832786560059e-01 2.000000000000000000e+00
1.332819824218750000e+03 1.640634307861328125e+02 1.359734863281250000e+03 2.109993896484375000e+02 7.478237152099609375e-01 2.000000000000000000e+00
1.263464721679687500e+03 2.189547271728515625e+02 1.314086791992187500e+03 2.761271362304687500e+02 5.960165262222290039e-01 2.000000000000000000e+00
4.149790344238281250e+02 6.842356567382812500e+02 4.335579528808593750e+02 7.214751586914062500e+02 5.862182974815368652e-01 0.000000000000000000e+00
1.315822631835937500e+03 2.395979766845703125e+02 1.360000000000000000e+03 2.985159606933593750e+02 5.794783830642700195e-01 2.000000000000000000e+00
3.866894836425781250e+02 6.924944458007812500e+02 4.088933715820312500e+02 7.326254882812500000e+02 5.736624002456665039e-01 0.000000000000000000e+00
4.077516174316406250e+01 3.941959838867187500e+02 6.924792480468750000e+01 4.320975646972656250e+02 5.607134699821472168e-01 0.000000000000000000e+00
8.160089492797851562e+00 4.094379272460937500e+02 3.717520141601562500e+01 4.527405700683593750e+02 5.159614682197570801e-01 0.000000000000000000e+00
4.397352905273437500e+02 6.921550292968750000e+02 4.572531127929687500e+02 7.227934570312500000e+02 4.949192702770233154e-01 0.000000000000000000e+00
6.790983276367187500e+02 7.304571533203125000e+02 7.080116577148437500e+02 7.650000000000000000e+02 4.783717691898345947e-01 0.000000000000000000e+00
5.123884277343750000e+02 3.539438629150390625e+01 5.558884887695312500e+02 8.811302185058593750e+01 4.626234769821166992e-01 2.000000000000000000e+00
2.641239013671875000e+02 1.580314788818359375e+02 3.721863098144531250e+02 2.575887145996093750e+02 4.465838968753814697e-01 2.000000000000000000e+00
2.635449829101562500e+02 1.596800689697265625e+02 3.722080383300781250e+02 2.574238891601562500e+02 4.320907294750213623e-01 7.000000000000000000e+00
1.198719848632812500e+03 5.868316650390625000e+01 1.242736083984375000e+03 9.814149475097656250e+01 4.313747286796569824e-01 3.000000000000000000e+00
2.418612518310546875e+02 4.368896484375000000e+02 3.451716918945312500e+02 5.613419799804687500e+02 4.291161000728607178e-01 7.000000000000000000e+00
9.887598266601562500e+02 1.271482706069946289e+00 1.018568298339843750e+03 3.396837997436523438e+01 4.110388457775115967e-01 2.000000000000000000e+00
5.457511596679687500e+02 3.762170410156250000e+02 5.800519409179687500e+02 4.223385925292968750e+02 3.993952572345733643e-01 0.000000000000000000e+00
5.123754272460937500e+02 3.627000427246093750e+01 5.543809204101562500e+02 8.924489593505859375e+01 3.911328315734863281e-01 7.000000000000000000e+00
5.196102142333984375e+01 7.184581909179687500e+02 1.549992065429687500e+02 7.645065917968750000e+02 3.809446990489959717e-01 2.000000000000000000e+00
6.986318359375000000e+02 7.255845336914062500e+02 7.246831665039062500e+02 7.647434692382812500e+02 3.161256313323974609e-01 0.000000000000000000e+00
5.445108642578125000e+02 3.783432922363281250e+02 5.815829467773437500e+02 4.234333801269531250e+02 3.031750321388244629e-01 3.000000000000000000e+00
1.795648956298828125e+01 3.960002746582031250e+02 6.481745910644531250e+01 4.441757507324218750e+02 2.824814915657043457e-01 0.000000000000000000e+00
8.218307495117187500e+01 5.746908569335937500e+02 2.545548400878906250e+02 7.599193725585937500e+02 2.621736526489257812e-01 2.000000000000000000e+00
1.204084701538085938e+02 5.804118041992187500e+02 2.557923278808593750e+02 7.574585571289062500e+02 2.502485811710357666e-01 5.000000000000000000e+00
