5.204770507812500000e+02 4.056604614257812500e+02 5.825899047851562500e+02 4.736744689941406250e+02 7.813840508460998535e-01 2.000000000000000000e+00
7.672619628906250000e+02 2.655469055175781250e+02 8.032020263671875000e+02 3.042286987304687500e+02 7.376186847686767578e-01 2.000000000000000000e+00
6.786766967773437500e+02 2.339335479736328125e+02 7.100209350585937500e+02 2.705169982910156250e+02 7.187946438789367676e-01 2.000000000000000000e+00
5.512382812500000000e+02 2.415620880126953125e+02 5.855917358398437500e+02 2.755163574218750000e+02 7.149446606636047363e-01 2.000000000000000000e+00
8.036943359375000000e+02 4.200621032714843750e+02 8.583790893554687500e+02 4.783125000000000000e+02 7.049391865730285645e-01 2.000000000000000000e+00
4.160989685058593750e+02 6.218617553710937500e+02 5.061552429199218750e+02 7.486622924804687500e+02 6.884561181068420410e-01 2.000000000000000000e+00
1.320489501953125000e+02 5.837319335937500000e+02 2.228230285644531250e+02 6.700910644531250000e+02 6.517921090126037598e-01 2.000000000000000000e+00
7.832475585937500000e+02 3.152116088867187500e+02 8.295767211914062500e+02 3.711221008300781250e+02 6.500672698020935059e-01 2.000000000000000000e+00
7.543401489257812500e+02 2.297111511230468750e+02 7.879691162109375000e+02 2.537048187255859375e+02 6.149065494537353516e-01 2.000000000000000000e+00
7.523741455078125000e+02 3.707360839843750000e+02 7.906519775390625000e+02 4.170896606445312500e+02 5.736014246940612793e-01 2.000000000000000000e+00
6.960489501953125000e+02 1.359846496582031250e+02 7.187927246093750000e+02 1.575797424316406250e+02 5.122997760772705078e-01 2.000000000000000000e+00
5.083002319335937500e+02 2.316169281005859375e+02 5.510848388671875000e+02 2.634523620605468750e+02 3.711731135845184326e-01 2.000000000000000000e+00
3.582535095214843750e+02 5.240411987304687500e+02 3.771852722167968750e+02 5.772196655273437500e+02 3.612771034240722656e-01 0.000000000000000000e+00
3.348560180664062500e+02 5.246491088867187500e+02 3.527637939453125000e+02 5.583098144531250000e+02 3.336843550205230713e-01 0.000000000000000000e+00
5.990048828125000000e+02 1.684338989257812500e+02 6.273839111328125000e+02 1.878503875732421875e+02 2.933886945247650146e-01 2.000000000000000000e+00
