5.348469848632812500e+02 4.279555969238281250e+02 5.794932250976562500e+02 4.688209838867187500e+02 8.744507431983947754e-01 2.000000000000000000e+00
5.816476440429687500e+02 4.739650573730468750e+02 6.308424072265625000e+02 5.289842529296875000e+02 8.255388736724853516e-01 2.000000000000000000e+00
6.688894653320312500e+02 4.507254028320312500e+02 7.117421264648437500e+02 5.047535095214843750e+02 8.235022425651550293e-01 2.000000000000000000e+00
6.639632568359375000e+02 5.820997314453125000e+02 7.283035278320312500e+02 6.682560424804687500e+02 7.885258793830871582e-01 2.000000000000000000e+00
6.138690795898437500e+02 3.541631164550781250e+02 6.471046752929687500e+02 3.877732849121093750e+02 6.650288105010986328e-01 2.000000000000000000e+00
3.660064697265625000e+02 6.631973876953125000e+02 4.557521972656250000e+02 7.620147094726562500e+02 6.095292568206787109e-01 5.000000000000000000e+00
6.421440429687500000e+02 2.737367248535156250e+02 6.675287475585937500e+02 3.007433166503906250e+02 5.498539209365844727e-01 2.000000000000000000e+00
6.800308837890625000e+02 3.298993530273437500e+02 7.080941162109375000e+02 3.562956237792968750e+02 5.361080765724182129e-01 2.000000000000000000e+00
6.580837402343750000e+02 2.360437927246093750e+02 6.777617797851562500e+02 2.518825073242187500e+02 5.255434513092041016e-01 2.000000000000000000e+00
2.915587768554687500e+02 5.277872314453125000e+02 3.103941040039062500e+02 5.637239990234375000e+02 4.574908316135406494e-01 0.000000000000000000e+00
6.405623779296875000e+02 2.327731628417968750e+02 6.631049804687500000e+02 2.477255249023437500e+02 4.512720108032226562e-01 2.000000000000000000e+00
7.144885864257812500e+02 2.559653472900390625e+02 7.291053466796875000e+02 2.710219421386718750e+02 3.566969633102416992e-01 2.000000000000000000e+00
2.557070255279541016e-01 7.166049804687500000e+02 9.691163635253906250e+01 7.639376831054687500e+02 3.392424881458282471e-01 2.000000000000000000e+00
1.742426452636718750e+02 5.484250488281250000e+02 1.927912597656250000e+02 5.888261108398437500e+02 3.374455869197845459e-01 0.000000000000000000e+00
