8.499606323242187500e+02 5.366094970703125000e+02 9.484022216796875000e+02 5.965420532226562500e+02 8.286463618278503418e-01 2.000000000000000000e+00
4.111354675292968750e+02 6.962375488281250000e+02 4.551122741699218750e+02 7.600412597656250000e+02 7.636010050773620605e-01 2.000000000000000000e+00
8.510366210937500000e+02 4.924269409179687500e+02 9.294636840820312500e+02 5.385698852539062500e+02 7.474551796913146973e-01 2.000000000000000000e+00
4.703178405761718750e+02 4.537674865722656250e+02 5.173491821289062500e+02 5.169595947265625000e+02 6.328656673431396484e-01 2.000000000000000000e+00
8.417865600585937500e+02 2.430293426513671875e+02 9.026595458984375000e+02 2.695630493164062500e+02 5.978909134864807129e-01 2.000000000000000000e+00
3.967311401367187500e+02 5.958561401367187500e+02 4.870490722656250000e+02 6.740980224609375000e+02 5.639536380767822266e-01 2.000000000000000000e+00
4.866632385253906250e+02 3.842251892089843750e+02 5.238698120117187500e+02 4.340940246582031250e+02 5.245816707611083984e-01 2.000000000000000000e+00
1.113020751953125000e+03 5.767238159179687500e+02 1.146933349609375000e+03 6.029362792968750000e+02 4.109132885932922363e-01 2.000000000000000000e+00
4.665652770996093750e+02 1.258985671997070312e+02 5.054475097656250000e+02 1.425198364257812500e+02 3.959057033061981201e-01 2.000000000000000000e+00
4.601064453125000000e+02 4.301515502929687500e+02 4.802645568847656250e+02 4.666899719238281250e+02 3.899113237857818604e-01 0.000000000000000000e+00
1.251468017578125000e+03 6.957401733398437500e+02 1.300233276367187500e+03 7.284916992187500000e+02 3.877435922622680664e-01 2.000000000000000000e+00
8.764535522460937500e+02 5.985112915039062500e+02 9.990241699218750000e+02 6.673829956054687500e+02 3.757758140563964844e-01 2.000000000000000000e+00
8.818457641601562500e+02 5.904739379882812500e+02 1.036716674804687500e+03 7.548038330078125000e+02 3.577750325202941895e-01 2.000000000000000000e+00
1.733347415924072266e+00 3.507867126464843750e+02 2.707953491210937500e+02 7.522860717773437500e+02 3.246757090091705322e-01 5.000000000000000000e+00
5.319674072265625000e+02 5.973633422851562500e+02 5.481268310546875000e+02 6.356666259765625000e+02 3.181990087032318115e-01 0.000000000000000000e+00
8.717763671875000000e+02 3.212849731445312500e+02 8.832701416015625000e+02 3.406817016601562500e+02 2.970113158226013184e-01 0.000000000000000000e+00
8.832586059570312500e+02 5.969884033203125000e+02 1.048057617187500000e+03 7.553234863281250000e+02 2.842943966388702393e-01 5.000000000000000000e+00
1.233779174804687500e+03 4.498587646484375000e+02 1.359473022460937500e+03 7.389425659179687500e+02 2.831612527370452881e-01 5.000000000000000000e+00
2.664972229003906250e+02 5.422670288085937500e+02 2.835323791503906250e+02 5.751037597656250000e+02 2.669558525085449219e-01 0.000000000000000000e+00
3.804303283691406250e+02 2.951019287109375000e+02 4.109163513183593750e+02 3.170931396484375000e+02 2.618626058101654053e-01 2.000000000000000000e+00
2.516889343261718750e+02 4.852723999023437500e+02 2.693615417480468750e+02 5.251732788085937500e+02 2.550441324710845947e-01 0.000000000000000000e+00
