4.862312011718750000e+02 3.325061340332031250e+02 6.347821655273437500e+02 4.539930725097656250e+02 9.016449451446533203e-01 2.000000000000000000e+00
9.217142333984375000e+02 5.564273681640625000e+02 1.210082031250000000e+03 7.470932006835937500e+02 8.979739546775817871e-01 2.000000000000000000e+00
9.451226196289062500e+02 1.614119873046875000e+02 1.075718017578125000e+03 2.183282012939453125e+02 8.554033041000366211e-01 2.000000000000000000e+00
3.112005310058593750e+02 6.550634765625000000e+01 3.478266906738281250e+02 1.022738800048828125e+02 7.783727049827575684e-01 2.000000000000000000e+00
3.644884338378906250e+02 1.631707611083984375e+02 4.138920898437500000e+02 2.262792358398437500e+02 7.711935639381408691e-01 2.000000000000000000e+00
6.846122436523437500e+02 5.829990386962890625e+01 7.267305297851562500e+02 9.128594207763671875e+01 6.698256731033325195e-01 2.000000000000000000e+00
7.925786132812500000e+02 2.649253463745117188e+01 8.415281982421875000e+02 6.114351272583007812e+01 6.540735363960266113e-01 2.000000000000000000e+00
1.210505615234375000e+03 1.141269683837890625e+02 1.300038085937500000e+03 2.270479125976562500e+02 5.930606722831726074e-01 5.000000000000000000e+00
5.125670166015625000e+02 0.000000000000000000e+00 5.283004760742187500e+02 1.933099555969238281e+01 5.666249394416809082e-01 9.000000000000000000e+00
4.625999755859375000e+02 0.000000000000000000e+00 4.753791503906250000e+02 1.698803520202636719e+01 5.197346806526184082e-01 9.000000000000000000e+00
3.748752136230468750e+02 1.097606658935546875e+02 4.201570739746093750e+02 1.598809051513671875e+02 5.041972994804382324e-01 2.000000000000000000e+00
6.689312744140625000e+02 2.321546020507812500e+02 7.033569946289062500e+02 2.874671630859375000e+02 4.855057299137115479e-01 0.000000000000000000e+00
1.318830566406250000e+03 1.884013519287109375e+02 1.341192871093750000e+03 2.411296386718750000e+02 4.735843539237976074e-01 0.000000000000000000e+00
0.000000000000000000e+00 1.236216888427734375e+02 7.606738281250000000e+01 1.932299652099609375e+02 4.550150036811828613e-01 2.000000000000000000e+00
3.642075500488281250e+02 5.006351852416992188e+01 4.102144165039062500e+02 1.098428573608398438e+02 4.451942145824432373e-01 2.000000000000000000e+00
1.097247680664062500e+03 2.282451019287109375e+02 1.112253662109375000e+03 2.767554321289062500e+02 4.305949807167053223e-01 0.000000000000000000e+00
1.276760375976562500e+03 2.009870605468750000e+02 1.309527465820312500e+03 2.478140869140625000e+02 4.194456338882446289e-01 0.000000000000000000e+00
1.344340087890625000e+03 1.714941711425781250e+02 1.358629638671875000e+03 2.231976318359375000e+02 3.307661414146423340e-01 0.000000000000000000e+00
1.065655517578125000e+03 2.234388885498046875e+02 1.093003906250000000e+03 2.750867309570312500e+02 2.735872566699981689e-01 0.000000000000000000e+00
1.211670410156250000e+03 1.158651885986328125e+02 1.298214355468750000e+03 2.274819946289062500e+02 2.628344893455505371e-01 7.000000000000000000e+00
