5.306546020507812500e+02 2.490470581054687500e+02 5.539926757812500000e+02 2.781184387207031250e+02 6.044508218765258789e-01 2.000000000000000000e+00
5.100224304199218750e+02 2.199333496093750000e+02 5.326879272460937500e+02 2.490435028076171875e+02 5.595805644989013672e-01 2.000000000000000000e+00
6.387858886718750000e+02 3.848432006835937500e+02 6.614845581054687500e+02 4.253657226562500000e+02 4.261297881603240967e-01 9.000000000000000000e+00
6.777414321899414062e+00 3.160092163085937500e+02 1.932139129638671875e+02 5.331395874023437500e+02 3.930848836898803711e-01 7.000000000000000000e+00
5.834412231445312500e+02 2.446117095947265625e+02 6.093735961914062500e+02 2.758438720703125000e+02 3.555379211902618408e-01 5.000000000000000000e+00
5.550672607421875000e+02 4.245872497558593750e+01 5.769477539062500000e+02 5.667267608642578125e+01 2.993476986885070801e-01 2.000000000000000000e+00
5.334356689453125000e+02 9.610643768310546875e+01 5.537723388671875000e+02 1.158993606567382812e+02 2.958531975746154785e-01 2.000000000000000000e+00
4.231077880859375000e+02 3.319093017578125000e+02 4.499967346191406250e+02 3.680106811523437500e+02 2.918199300765991211e-01 2.000000000000000000e+00
5.845618896484375000e+02 2.445269622802734375e+02 6.095991210937500000e+02 2.755444641113281250e+02 2.915061414241790771e-01 7.000000000000000000e+00
5.799756469726562500e+02 4.749497222900390625e+01 5.942846069335937500e+02 6.051705551147460938e+01 2.802837193012237549e-01 2.000000000000000000e+00
4.414501953125000000e+02 4.708531494140625000e+02 4.777346496582031250e+02 5.365113525390625000e+02 2.762362062931060791e-01 2.000000000000000000e+00
4.228585510253906250e+02 3.312994384765625000e+02 4.500403747558593750e+02 3.682258300781250000e+02 2.630927562713623047e-01 7.000000000000000000e+00
