3.875649108886718750e+02 2.930367431640625000e+02 4.600831909179687500e+02 3.538864746093750000e+02 8.201711177825927734e-01 2.000000000000000000e+00
6.549931640625000000e+02 3.679790649414062500e+02 7.135485839843750000e+02 4.342864379882812500e+02 8.139354586601257324e-01 2.000000000000000000e+00
6.458416137695312500e+02 2.186681976318359375e+02 6.856114501953125000e+02 2.577900390625000000e+02 7.586418390274047852e-01 2.000000000000000000e+00
7.981597900390625000e+01 5.357332153320312500e+02 2.618061523437500000e+02 7.011493530273437500e+02 7.373897433280944824e-01 2.000000000000000000e+00
4.319707031250000000e+02 2.390018157958984375e+02 4.992141723632812500e+02 2.962786254882812500e+02 7.253298163414001465e-01 2.000000000000000000e+00
1.114942993164062500e+03 4.000090026855468750e+02 1.222375366210937500e+03 4.898014221191406250e+02 6.736227869987487793e-01 7.000000000000000000e+00
9.127621459960937500e+02 2.082225036621093750e+02 9.507368164062500000e+02 2.466347198486328125e+02 6.635675430297851562e-01 2.000000000000000000e+00
1.015619445800781250e+03 1.347548828125000000e+02 1.064248413085937500e+03 1.616136779785156250e+02 6.428760886192321777e-01 2.000000000000000000e+00
1.038673828125000000e+03 1.878832550048828125e+02 1.122873657226562500e+03 2.227831726074218750e+02 6.377897858619689941e-01 2.000000000000000000e+00
6.615180053710937500e+02 1.186698684692382812e+02 6.840639648437500000e+02 1.424253692626953125e+02 5.211333632469177246e-01 2.000000000000000000e+00
5.610340576171875000e+02 1.207999420166015625e+02 5.907734375000000000e+02 1.425745391845703125e+02 4.657338559627532959e-01 2.000000000000000000e+00
9.231157226562500000e+02 1.252271118164062500e+02 9.605163574218750000e+02 1.439220581054687500e+02 4.222098886966705322e-01 2.000000000000000000e+00
8.393438110351562500e+02 1.471597442626953125e+02 8.724365844726562500e+02 1.710201873779296875e+02 3.983199000358581543e-01 2.000000000000000000e+00
1.273917083740234375e+02 2.355901947021484375e+02 2.395656738281250000e+02 2.747156372070312500e+02 3.864844441413879395e-01 2.000000000000000000e+00
1.215660381317138672e+01 1.756222076416015625e+02 7.637969970703125000e+01 2.274793243408203125e+02 3.724035918712615967e-01 2.000000000000000000e+00
5.907864761352539062e+01 3.129263916015625000e+02 1.232250442504882812e+02 3.504605102539062500e+02 3.559713661670684814e-01 2.000000000000000000e+00
5.797531738281250000e+02 9.689821624755859375e+01 6.100319213867187500e+02 1.292176666259765625e+02 3.258365094661712646e-01 2.000000000000000000e+00
6.660150146484375000e+02 8.317349243164062500e+01 6.872063598632812500e+02 1.011660690307617188e+02 3.167380094528198242e-01 2.000000000000000000e+00
1.281997070312500000e+02 2.391321411132812500e+02 2.400353393554687500e+02 2.746405639648437500e+02 3.061629533767700195e-01 7.000000000000000000e+00
5.762381591796875000e+02 1.068641510009765625e+02 6.034442138671875000e+02 1.371194915771484375e+02 2.954551577568054199e-01 2.000000000000000000e+00
6.828489379882812500e+02 5.454319381713867188e+01 7.067474975585937500e+02 7.282944488525390625e+01 2.884671390056610107e-01 2.000000000000000000e+00
5.333859252929687500e+02 2.264849548339843750e+02 5.458530883789062500e+02 2.556273956298828125e+02 2.625720798969268799e-01 9.000000000000000000e+00
9.965892944335937500e+02 1.312759094238281250e+02 1.023086120605468750e+03 1.541347351074218750e+02 2.507952451705932617e-01 2.000000000000000000e+00
