9.065486450195312500e+02 5.060245361328125000e+02 1.147608032226562500e+03 6.180273437500000000e+02 8.715242147445678711e-01 2.000000000000000000e+00
2.351582336425781250e+02 4.680422058105468750e+02 2.630097961425781250e+02 5.436510620117187500e+02 7.647664546966552734e-01 0.000000000000000000e+00
8.421118164062500000e+01 4.641842041015625000e+02 1.251124572753906250e+02 5.447744750976562500e+02 7.629123330116271973e-01 0.000000000000000000e+00
9.248562622070312500e+02 4.542039184570312500e+02 9.541903076171875000e+02 5.222048950195312500e+02 7.556433081626892090e-01 0.000000000000000000e+00
6.606169433593750000e+02 3.525617370605468750e+02 6.832599487304687500e+02 4.175182800292968750e+02 7.444143295288085938e-01 0.000000000000000000e+00
6.532490234375000000e+02 5.725924072265625000e+02 6.820338134765625000e+02 6.252608642578125000e+02 7.439839243888854980e-01 0.000000000000000000e+00
1.834474945068359375e+02 4.669517822265625000e+02 2.277450714111328125e+02 5.456853637695312500e+02 7.172291874885559082e-01 0.000000000000000000e+00
9.603079223632812500e+02 4.358811340332031250e+02 9.889882812500000000e+02 5.168664550781250000e+02 6.444629430770874023e-01 0.000000000000000000e+00
8.297286376953125000e+02 3.816120300292968750e+02 8.516585083007812500e+02 4.361189270019531250e+02 5.788524746894836426e-01 0.000000000000000000e+00
5.847277221679687500e+02 3.522554626464843750e+02 6.414849853515625000e+02 3.852531433105468750e+02 5.581640601158142090e-01 2.500000000000000000e+01
6.114096069335937500e+02 2.450108642578125000e+02 6.322890625000000000e+02 2.986486206054687500e+02 5.259000062942504883e-01 0.000000000000000000e+00
6.285071411132812500e+02 2.114877777099609375e+02 6.618890991210937500e+02 2.996431579589843750e+02 4.617044627666473389e-01 0.000000000000000000e+00
5.550273437500000000e+02 4.056782226562500000e+02 6.277992553710937500e+02 4.484500122070312500e+02 4.582638740539550781e-01 2.500000000000000000e+01
4.584124450683593750e+02 6.819049835205078125e+01 4.873893737792968750e+02 1.485647735595703125e+02 4.575018286705017090e-01 0.000000000000000000e+00
5.523325195312500000e+02 2.366600494384765625e+02 5.737136230468750000e+02 2.946626892089843750e+02 4.497597217559814453e-01 0.000000000000000000e+00
5.088588562011718750e+02 2.112218627929687500e+02 5.837665405273437500e+02 2.540344848632812500e+02 3.681795895099639893e-01 2.500000000000000000e+01
5.499735717773437500e+02 3.240842590332031250e+02 5.660271606445312500e+02 3.495220642089843750e+02 3.503659367561340332e-01 0.000000000000000000e+00
6.163651123046875000e+02 2.102492218017578125e+02 6.682138671875000000e+02 2.579495239257812500e+02 3.288554251194000244e-01 2.500000000000000000e+01
3.821997985839843750e+02 1.283600921630859375e+02 5.576782836914062500e+02 1.631449279785156250e+02 3.143800199031829834e-01 8.000000000000000000e+00
5.974121704101562500e+02 1.160638275146484375e+02 7.710772094726562500e+02 1.650174560546875000e+02 3.087302446365356445e-01 8.000000000000000000e+00
6.361060791015625000e+02 2.380290222167968750e+02 6.558449096679687500e+02 2.973434143066406250e+02 3.022967278957366943e-01 0.000000000000000000e+00
