7.944023437500000000e+02 3.401004638671875000e+02 8.421372680664062500e+02 3.853894348144531250e+02 8.265091776847839355e-01 2.000000000000000000e+00
6.631466674804687500e+02 7.234554443359375000e+02 7.552464599609375000e+02 7.620462646484375000e+02 7.726305127143859863e-01 2.000000000000000000e+00
7.774808406829833984e-01 4.769689331054687500e+02 1.344303131103515625e+02 5.664156494140625000e+02 6.885200738906860352e-01 5.000000000000000000e+00
6.510230102539062500e+02 2.365108489990234375e+02 6.897476806640625000e+02 2.675027770996093750e+02 6.312757730484008789e-01 2.000000000000000000e+00
7.618527221679687500e+02 1.527598266601562500e+02 7.812914428710937500e+02 1.672429351806640625e+02 6.184369325637817383e-01 2.000000000000000000e+00
3.225332336425781250e+02 3.071264038085937500e+02 3.828861389160156250e+02 3.526257019042968750e+02 6.182998418807983398e-01 2.000000000000000000e+00
1.016236206054687500e+03 2.137187347412109375e+02 1.067851928710937500e+03 2.407940063476562500e+02 5.338872671127319336e-01 2.000000000000000000e+00
3.239728698730468750e+02 1.730926055908203125e+02 3.633876953125000000e+02 1.984448547363281250e+02 5.014660358428955078e-01 2.000000000000000000e+00
6.834573974609375000e+02 4.293173828125000000e+02 7.466373901367187500e+02 5.224257202148437500e+02 4.747241139411926270e-01 2.000000000000000000e+00
1.306544433593750000e+03 7.337994995117187500e+02 1.338056518554687500e+03 7.650000000000000000e+02 4.441086649894714355e-01 0.000000000000000000e+00
6.881729125976562500e+02 3.533789062500000000e+02 7.076383666992187500e+02 3.903566284179687500e+02 4.151517450809478760e-01 0.000000000000000000e+00
2.453196563720703125e+02 3.705685424804687500e+02 3.233164978027343750e+02 4.251118774414062500e+02 4.073462486267089844e-01 7.000000000000000000e+00
1.635484771728515625e+02 4.351934204101562500e+02 2.350859680175781250e+02 4.805447387695312500e+02 4.054155051708221436e-01 2.000000000000000000e+00
6.329793701171875000e+02 2.134708862304687500e+02 6.651372680664062500e+02 2.363406066894531250e+02 3.879894912242889404e-01 2.000000000000000000e+00
9.693887939453125000e+02 4.440245056152343750e+02 9.996633911132812500e+02 4.906221923828125000e+02 3.620945513248443604e-01 0.000000000000000000e+00
2.458354339599609375e+02 3.713472595214843750e+02 3.216576843261718750e+02 4.238192138671875000e+02 3.544495403766632080e-01 2.000000000000000000e+00
1.592357788085937500e+02 4.345335388183593750e+02 2.356687316894531250e+02 4.807714233398437500e+02 3.261158168315887451e-01 7.000000000000000000e+00
4.783988571166992188e+01 2.792962074279785156e+01 8.336314392089843750e+01 4.562423706054687500e+01 3.206219077110290527e-01 2.000000000000000000e+00
9.687225952148437500e+02 4.517072753906250000e+02 9.983341674804687500e+02 4.900456542968750000e+02 3.160085678100585938e-01 3.000000000000000000e+00
6.041563720703125000e+02 3.325101623535156250e+02 6.210005493164062500e+02 3.608213500976562500e+02 3.091312944889068604e-01 0.000000000000000000e+00
8.572753906250000000e+02 1.602554168701171875e+02 8.709898071289062500e+02 1.807980651855468750e+02 2.661711275577545166e-01 9.000000000000000000e+00
