5.925224609375000000e+02 3.314848327636718750e+02 6.448775634765625000e+02 3.857572631835937500e+02 8.424026966094970703e-01 2.000000000000000000e+00
7.130930175781250000e+02 3.986589355468750000e+02 7.638853759765625000e+02 4.498897399902343750e+02 8.367266058921813965e-01 2.000000000000000000e+00
6.410101318359375000e+02 2.646868591308593750e+02 6.759980468750000000e+02 2.962502441406250000e+02 7.592914700508117676e-01 2.000000000000000000e+00
1.150073608398437500e+03 3.590737915039062500e+02 1.224946899414062500e+03 4.035906982421875000e+02 7.465392351150512695e-01 2.000000000000000000e+00
7.236562500000000000e+02 5.112227783203125000e+02 7.949464721679687500e+02 5.972554321289062500e+02 7.439931035041809082e-01 2.000000000000000000e+00
9.371093139648437500e+02 3.472988281250000000e+02 9.837637329101562500e+02 3.879359436035156250e+02 6.697971224784851074e-01 2.000000000000000000e+00
9.121219482421875000e+02 5.518726806640625000e+02 1.010252746582031250e+03 6.634922485351562500e+02 6.572945713996887207e-01 7.000000000000000000e+00
1.255493530273437500e+03 4.279975585937500000e+02 1.359225585937500000e+03 4.720491638183593750e+02 6.241434812545776367e-01 2.000000000000000000e+00
1.278258789062500000e+03 4.597745971679687500e+02 1.360000000000000000e+03 5.175092163085937500e+02 6.165356040000915527e-01 2.000000000000000000e+00
1.300318725585937500e+03 4.919645385742187500e+02 1.359542358398437500e+03 5.534240722656250000e+02 5.628844499588012695e-01 2.000000000000000000e+00
7.462568359375000000e+02 1.807669525146484375e+02 7.741282348632812500e+02 2.026118927001953125e+02 5.193223357200622559e-01 2.000000000000000000e+00
6.195744018554687500e+02 1.717929229736328125e+02 6.484832763671875000e+02 2.009405975341796875e+02 5.124433040618896484e-01 2.000000000000000000e+00
5.869676513671875000e+02 2.188109741210937500e+02 6.161579589843750000e+02 2.489669189453125000e+02 4.922271370887756348e-01 2.000000000000000000e+00
2.803411254882812500e+02 5.759900512695312500e+02 3.137238159179687500e+02 6.398259277343750000e+02 4.726353287696838379e-01 0.000000000000000000e+00
6.785833129882812500e+02 1.595638580322265625e+02 6.939346923828125000e+02 1.777364349365234375e+02 4.448102712631225586e-01 2.000000000000000000e+00
7.908008422851562500e+02 2.343013000488281250e+02 8.191657714843750000e+02 2.600758666992187500e+02 3.830900490283966064e-01 2.000000000000000000e+00
7.877614135742187500e+02 2.708498535156250000e+02 8.294969482421875000e+02 3.280933532714843750e+02 3.753533363342285156e-01 5.000000000000000000e+00
7.738368530273437500e+02 1.342496948242187500e+02 8.125293579101562500e+02 1.683157806396484375e+02 3.656493723392486572e-01 7.000000000000000000e+00
7.376759643554687500e+02 1.471306457519531250e+02 7.599369506835937500e+02 1.670323944091796875e+02 3.152585029602050781e-01 2.000000000000000000e+00
7.174810180664062500e+02 1.806760406494140625e+02 7.390721435546875000e+02 1.990763397216796875e+02 3.021877706050872803e-01 2.000000000000000000e+00
7.153947143554687500e+02 1.499927978515625000e+02 7.308025512695312500e+02 1.678910980224609375e+02 2.933117151260375977e-01 2.000000000000000000e+00
9.961123657226562500e+02 3.315073547363281250e+02 1.010167541503906250e+03 3.554228210449218750e+02 2.931408882141113281e-01 0.000000000000000000e+00
