8.738878173828125000e+02 4.741633911132812500e+02 9.256743164062500000e+02 5.116308288574218750e+02 7.268738746643066406e-01 2.000000000000000000e+00
9.340772094726562500e+02 5.328300781250000000e+02 9.992575073242187500e+02 5.844439086914062500e+02 5.993599295616149902e-01 2.000000000000000000e+00
7.158201293945312500e+02 5.873248901367187500e+02 7.791193237304687500e+02 6.546013183593750000e+02 5.687990784645080566e-01 2.000000000000000000e+00
7.105870361328125000e+02 5.863756713867187500e+02 7.814133300781250000e+02 6.598584594726562500e+02 4.677990972995758057e-01 7.000000000000000000e+00
1.043162155151367188e+02 3.401525268554687500e+02 1.851555023193359375e+02 3.710709228515625000e+02 4.263297617435455322e-01 7.000000000000000000e+00
7.015011596679687500e+02 5.059652404785156250e+02 7.542424926757812500e+02 5.613389892578125000e+02 4.059743881225585938e-01 2.000000000000000000e+00
9.320196533203125000e+02 5.331392211914062500e+02 1.000591613769531250e+03 5.841043090820312500e+02 3.508701026439666748e-01 7.000000000000000000e+00
5.100014343261718750e+02 3.109944458007812500e+02 5.631578369140625000e+02 3.296459045410156250e+02 2.969396114349365234e-01 2.000000000000000000e+00
7.012227783203125000e+02 5.048617553710937500e+02 7.554108886718750000e+02 5.614578857421875000e+02 2.875577211380004883e-01 7.000000000000000000e+00
7.708311157226562500e+02 3.842639160156250000e+02 8.182262573242187500e+02 4.212611999511718750e+02 2.725532948970794678e-01 7.000000000000000000e+00
4.086492004394531250e+02 3.010558166503906250e+02 4.565855712890625000e+02 3.264244384765625000e+02 2.615792155265808105e-01 7.000000000000000000e+00
8.823594360351562500e+02 3.338936462402343750e+02 9.642583007812500000e+02 3.669541015625000000e+02 2.545247972011566162e-01 7.000000000000000000e+00
