4.761244812011718750e+02 3.152723693847656250e+02 5.044399108886718750e+02 3.939353027343750000e+02 7.548241019248962402e-01 0.000000000000000000e+00
3.734253845214843750e+02 2.544280242919921875e+02 3.995960083007812500e+02 3.225879211425781250e+02 7.482982873916625977e-01 0.000000000000000000e+00
7.959327697753906250e+01 1.969817504882812500e+02 1.143564682006835938e+02 2.683511657714843750e+02 7.013786435127258301e-01 0.000000000000000000e+00
2.959099731445312500e+02 2.354616851806640625e+02 3.183352661132812500e+02 2.924508361816406250e+02 6.630547642707824707e-01 0.000000000000000000e+00
5.093190612792968750e+02 2.294411010742187500e+02 5.292681884765625000e+02 2.800444946289062500e+02 6.072407364845275879e-01 0.000000000000000000e+00
5.722446899414062500e+02 2.308722381591796875e+02 5.953412475585937500e+02 2.911308593750000000e+02 5.864284038543701172e-01 0.000000000000000000e+00
8.607009887695312500e+02 2.067630310058593750e+02 8.795059204101562500e+02 2.449285736083984375e+02 5.249817371368408203e-01 0.000000000000000000e+00
8.423628540039062500e+02 1.716314392089843750e+02 8.592290649414062500e+02 2.059867095947265625e+02 4.517123401165008545e-01 0.000000000000000000e+00
4.538215332031250000e+02 2.520161285400390625e+02 4.888467712402343750e+02 3.075763244628906250e+02 4.421878457069396973e-01 0.000000000000000000e+00
3.905147399902343750e+02 2.261241302490234375e+02 4.124029846191406250e+02 2.819818115234375000e+02 4.298754334449768066e-01 0.000000000000000000e+00
3.751378784179687500e+02 1.741438293457031250e+02 3.882488098144531250e+02 2.160140075683593750e+02 4.244277179241180420e-01 0.000000000000000000e+00
8.181076049804687500e+02 3.310488586425781250e+02 8.463759765625000000e+02 3.689081726074218750e+02 4.182375371456146240e-01 0.000000000000000000e+00
1.547425842285156250e+02 1.621972045898437500e+02 1.727182617187500000e+02 2.040174865722656250e+02 3.940228521823883057e-01 0.000000000000000000e+00
8.201163940429687500e+02 2.369940490722656250e+02 8.428716430664062500e+02 3.001488037109375000e+02 3.671620488166809082e-01 0.000000000000000000e+00
9.665504455566406250e+01 1.710224761962890625e+02 1.190487976074218750e+02 2.152159423828125000e+02 3.567587435245513916e-01 0.000000000000000000e+00
4.300567932128906250e+02 2.300378723144531250e+02 4.453904113769531250e+02 2.610975341796875000e+02 3.552532494068145752e-01 0.000000000000000000e+00
7.975831298828125000e+02 3.142934875488281250e+02 8.233916625976562500e+02 3.654159851074218750e+02 3.505571484565734863e-01 0.000000000000000000e+00
2.620152282714843750e+01 1.823897247314453125e+02 4.515270996093750000e+01 2.311114349365234375e+02 3.417091965675354004e-01 0.000000000000000000e+00
7.815444946289062500e+02 2.154692840576171875e+02 7.981376953125000000e+02 2.573104858398437500e+02 3.374455869197845459e-01 0.000000000000000000e+00
8.406758422851562500e+02 1.811584777832031250e+02 8.572424926757812500e+02 2.363001861572265625e+02 3.258136510848999023e-01 0.000000000000000000e+00
8.178113403320312500e+02 2.009802703857421875e+02 8.384304809570312500e+02 2.330462036132812500e+02 3.125920295715332031e-01 0.000000000000000000e+00
8.393527221679687500e+02 2.076863403320312500e+02 8.551754150390625000e+02 2.468232116699218750e+02 2.924355864524841309e-01 0.000000000000000000e+00
3.111773376464843750e+02 1.753631439208984375e+02 3.242189941406250000e+02 2.170803375244140625e+02 2.911123633384704590e-01 0.000000000000000000e+00
8.972658691406250000e+02 1.964189300537109375e+02 9.167508544921875000e+02 2.279544982910156250e+02 2.544170320034027100e-01 0.000000000000000000e+00
