1.730448608398437500e+02 2.410009307861328125e+02 2.881950683593750000e+02 3.350628356933593750e+02 8.745669126510620117e-01 2.000000000000000000e+00
9.125737304687500000e+02 2.231116027832031250e+02 9.719818115234375000e+02 2.906118774414062500e+02 8.520278930664062500e-01 2.000000000000000000e+00
2.683728942871093750e+02 2.296016235351562500e+02 3.729531250000000000e+02 3.124450378417968750e+02 8.489034175872802734e-01 2.000000000000000000e+00
1.058954467773437500e+03 2.398986206054687500e+02 1.124261596679687500e+03 3.100600585937500000e+02 8.451417088508605957e-01 2.000000000000000000e+00
1.868352661132812500e+02 1.857785644531250000e+02 2.862913513183593750e+02 2.635164184570312500e+02 7.996057868003845215e-01 2.000000000000000000e+00
8.453003540039062500e+02 8.208121490478515625e+01 9.072128906250000000e+02 1.278831329345703125e+02 7.735349535942077637e-01 2.000000000000000000e+00
1.026318847656250000e+03 1.765194091796875000e+02 1.115806152343750000e+03 2.363216400146484375e+02 7.652593851089477539e-01 2.000000000000000000e+00
8.169391479492187500e+02 5.171210098266601562e+01 8.639893798828125000e+02 9.395442199707031250e+01 7.474959492683410645e-01 2.000000000000000000e+00
4.531170349121093750e+02 1.010456542968750000e+02 4.988500061035156250e+02 1.438391265869140625e+02 7.410697340965270996e-01 2.000000000000000000e+00
1.272299880981445312e+02 1.487603149414062500e+02 1.807898712158203125e+02 2.041114807128906250e+02 7.369118928909301758e-01 2.000000000000000000e+00
9.586863403320312500e+02 1.613049926757812500e+02 9.952598266601562500e+02 2.088231353759765625e+02 7.268756628036499023e-01 2.000000000000000000e+00
3.083647766113281250e+02 8.733156585693359375e+01 3.708099975585937500e+02 1.363868103027343750e+02 7.132568955421447754e-01 2.000000000000000000e+00
9.162489624023437500e+02 3.985079574584960938e+01 9.561967773437500000e+02 8.210741424560546875e+01 6.924222707748413086e-01 2.000000000000000000e+00
1.025308959960937500e+03 1.151034317016601562e+02 1.102885375976562500e+03 1.661582031250000000e+02 6.677697896957397461e-01 2.000000000000000000e+00
5.229493408203125000e+02 1.011423797607421875e+02 5.692053222656250000e+02 1.468184051513671875e+02 6.662694811820983887e-01 2.000000000000000000e+00
5.198324584960937500e+02 3.026855163574218750e+02 5.410999145507812500e+02 3.558004760742187500e+02 6.463658213615417480e-01 0.000000000000000000e+00
1.207445678710937500e+03 6.456793823242187500e+02 1.245837768554687500e+03 7.153721923828125000e+02 6.319932937622070312e-01 0.000000000000000000e+00
2.148135185241699219e+00 7.497437477111816406e+00 1.917406768798828125e+02 4.620247192382812500e+02 6.223798990249633789e-01 7.000000000000000000e+00
8.276567382812500000e+02 3.607846679687500000e+02 9.420139160156250000e+02 5.497433471679687500e+02 5.924727916717529297e-01 2.000000000000000000e+00
1.054372314453125000e+03 1.860288238525390625e+01 1.093208984375000000e+03 5.315450668334960938e+01 5.843769907951354980e-01 2.000000000000000000e+00
1.096228027343750000e+03 8.293150329589843750e+01 1.171567749023437500e+03 1.439773864746093750e+02 5.554982423782348633e-01 2.000000000000000000e+00
3.823654479980468750e+02 8.573423004150390625e+01 4.351584777832031250e+02 1.355089263916015625e+02 5.547972321510314941e-01 2.000000000000000000e+00
6.967189331054687500e+02 4.935701370239257812e+01 7.902777099609375000e+02 1.014657211303710938e+02 5.007606148719787598e-01 2.000000000000000000e+00
1.616475219726562500e+02 3.599428558349609375e+01 2.388660278320312500e+02 7.339869689941406250e+01 4.515892565250396729e-01 2.000000000000000000e+00
6.925153198242187500e+02 3.163168334960937500e+02 7.174586181640625000e+02 3.746693115234375000e+02 4.181190431118011475e-01 3.000000000000000000e+00
2.737280578613281250e+02 4.150532226562500000e+02 3.132785644531250000e+02 4.622442016601562500e+02 4.142733216285705566e-01 9.000000000000000000e+00
6.924813232421875000e+02 3.136835327148437500e+02 7.182911987304687500e+02 3.712488708496093750e+02 3.932526409626007080e-01 0.000000000000000000e+00
9.008703613281250000e+01 2.556550598144531250e+01 1.244449539184570312e+02 5.273688125610351562e+01 3.859164118766784668e-01 2.000000000000000000e+00
1.125955932617187500e+03 1.943590850830078125e+02 1.171781494140625000e+03 2.283438415527343750e+02 3.627729415893554688e-01 2.000000000000000000e+00
9.837668457031250000e+02 2.903090820312500000e+02 1.008334289550781250e+03 3.403903503417968750e+02 3.366632163524627686e-01 0.000000000000000000e+00
1.074386230468750000e+03 3.645179748535156250e+02 1.108013916015625000e+03 4.222539367675781250e+02 3.310017287731170654e-01 0.000000000000000000e+00
6.607776489257812500e+02 9.526934814453125000e+01 7.292260131835937500e+02 1.481635437011718750e+02 3.205144405364990234e-01 2.000000000000000000e+00
7.676014404296875000e+02 1.399121246337890625e+02 7.825708618164062500e+02 1.831786956787109375e+02 3.113973438739776611e-01 0.000000000000000000e+00
3.796418457031250000e+02 4.449352111816406250e+02 4.087444458007812500e+02 5.077019348144531250e+02 3.109954893589019775e-01 0.000000000000000000e+00
6.089075317382812500e+02 1.361590118408203125e+02 6.966248168945312500e+02 1.720692291259765625e+02 3.041356801986694336e-01 2.000000000000000000e+00
7.596669311523437500e+02 2.942189941406250000e+02 7.919763183593750000e+02 3.519949645996093750e+02 3.025165796279907227e-01 3.000000000000000000e+00
