7.110631713867187500e+02 4.813878479003906250e+02 8.383059082031250000e+02 5.352177124023437500e+02 8.932783603668212891e-01 2.000000000000000000e+00
3.960432128906250000e+02 3.320950927734375000e+02 4.430930786132812500e+02 3.592177734375000000e+02 7.938690781593322754e-01 2.000000000000000000e+00
5.055713500976562500e+02 2.972856140136718750e+02 5.406292724609375000e+02 3.219828186035156250e+02 7.701338529586791992e-01 2.000000000000000000e+00
4.609067993164062500e+02 3.103472900390625000e+02 5.017796936035156250e+02 3.363457336425781250e+02 7.600299119949340820e-01 2.000000000000000000e+00
3.396054077148437500e+02 4.912673034667968750e+02 3.564186401367187500e+02 5.357554321289062500e+02 7.233137488365173340e-01 0.000000000000000000e+00
3.599089660644531250e+02 3.306969909667968750e+02 4.034082946777343750e+02 3.564694824218750000e+02 6.773086786270141602e-01 2.000000000000000000e+00
9.327504882812500000e+02 4.856828918457031250e+02 9.592357788085937500e+02 5.155850219726562500e+02 6.291459798812866211e-01 2.000000000000000000e+00
4.779496154785156250e+02 2.813775939941406250e+02 5.019789123535156250e+02 3.006614685058593750e+02 5.651031136512756348e-01 2.000000000000000000e+00
6.248453979492187500e+02 2.622927551269531250e+02 6.359285888671875000e+02 2.893331298828125000e+02 5.451265573501586914e-01 9.000000000000000000e+00
6.347029495239257812e+01 4.420110168457031250e+02 9.970853424072265625e+01 4.778495178222656250e+02 5.408270359039306641e-01 3.000000000000000000e+00
1.358195648193359375e+02 4.312776794433593750e+02 1.731720275878906250e+02 4.627917785644531250e+02 5.263448953628540039e-01 3.000000000000000000e+00
1.036984863281250000e+02 3.174204711914062500e+02 1.360358886718750000e+02 3.386896057128906250e+02 5.073175430297851562e-01 2.000000000000000000e+00
3.690784301757812500e+02 2.930695495605468750e+02 4.010205993652343750e+02 3.095003967285156250e+02 4.735227525234222412e-01 2.000000000000000000e+00
4.477297058105468750e+02 4.324041442871093750e+02 4.855318298339843750e+02 4.636369018554687500e+02 4.677933156490325928e-01 3.000000000000000000e+00
8.706388549804687500e+02 5.188140869140625000e+02 9.527541503906250000e+02 5.400000000000000000e+02 4.675662219524383545e-01 2.000000000000000000e+00
6.023889770507812500e+02 4.311047058105468750e+02 6.405368041992187500e+02 4.639032897949218750e+02 4.575276076793670654e-01 3.000000000000000000e+00
5.415595092773437500e+02 2.872256469726562500e+02 5.701915283203125000e+02 3.079610595703125000e+02 4.472011029720306396e-01 2.000000000000000000e+00
5.906580810546875000e+02 2.666437377929687500e+02 6.116870727539062500e+02 2.825791625976562500e+02 4.352333545684814453e-01 2.000000000000000000e+00
5.645334472656250000e+02 2.603905334472656250e+02 5.742612304687500000e+02 2.822841186523437500e+02 4.343209862709045410e-01 9.000000000000000000e+00
5.015931701660156250e+01 4.934033508300781250e+02 7.798526763916015625e+01 5.295854492187500000e+02 4.078841209411621094e-01 0.000000000000000000e+00
5.472894897460937500e+02 4.954478149414062500e+02 5.907907714843750000e+02 5.296098022460937500e+02 3.780423700809478760e-01 3.000000000000000000e+00
4.751324081420898438e+01 4.975725708007812500e+02 8.478899383544921875e+01 5.345820312500000000e+02 3.750186562538146973e-01 3.000000000000000000e+00
8.340855102539062500e+02 4.374338378906250000e+02 8.603527221679687500e+02 4.671085510253906250e+02 3.630695641040802002e-01 0.000000000000000000e+00
7.167709350585937500e+01 3.384239501953125000e+02 8.140488433837890625e+01 3.593877868652343750e+02 3.536786735057830811e-01 0.000000000000000000e+00
7.713782958984375000e+02 2.754180603027343750e+02 7.841336059570312500e+02 2.969967041015625000e+02 3.369647264480590820e-01 9.000000000000000000e+00
4.267142333984375000e+02 3.049814758300781250e+02 4.374224243164062500e+02 3.238360290527343750e+02 3.279904127120971680e-01 0.000000000000000000e+00
9.046068191528320312e-01 2.622156982421875000e+02 5.130108261108398438e+01 2.983892211914062500e+02 3.131739795207977295e-01 5.000000000000000000e+00
8.785094604492187500e+02 3.798730163574218750e+02 8.919565429687500000e+02 3.988394470214843750e+02 3.090871870517730713e-01 9.000000000000000000e+00
6.489791107177734375e+01 4.418198547363281250e+02 9.881669616699218750e+01 4.759408264160156250e+02 3.027761578559875488e-01 0.000000000000000000e+00
8.223031005859375000e+02 3.365254821777343750e+02 8.326708984375000000e+02 3.573226013183593750e+02 2.926752567291259766e-01 0.000000000000000000e+00
7.651727294921875000e+02 3.780849609375000000e+02 7.764165039062500000e+02 4.044608459472656250e+02 2.881157696247100830e-01 9.000000000000000000e+00
1.688779907226562500e+02 3.158504333496093750e+02 2.113208923339843750e+02 3.440617370605468750e+02 2.874473333358764648e-01 2.000000000000000000e+00
5.170882568359375000e+02 2.697260437011718750e+02 5.416051635742187500e+02 2.858557434082031250e+02 2.814449071884155273e-01 2.000000000000000000e+00
2.848786926269531250e+02 3.408204345703125000e+02 3.052660827636718750e+02 3.699444580078125000e+02 2.755436897277832031e-01 3.000000000000000000e+00
5.454243164062500000e+02 4.925070495605468750e+02 5.885429687500000000e+02 5.292523803710937500e+02 2.686996161937713623e-01 0.000000000000000000e+00
5.426591796875000000e+02 4.885143127441406250e+02 5.582240600585937500e+02 5.195793457031250000e+02 2.669703364372253418e-01 0.000000000000000000e+00
8.313616943359375000e+02 4.391761779785156250e+02 8.624398193359375000e+02 4.672212524414062500e+02 2.619190216064453125e-01 3.000000000000000000e+00
