7.395985107421875000e+02 7.592471923828125000e+02 7.890223999023437500e+02 9.144589233398437500e+02 8.188287615776062012e-01 0.000000000000000000e+00
9.801792144775390625e+01 8.209281005859375000e+02 1.841448974609375000e+02 1.076779174804687500e+03 7.837685346603393555e-01 0.000000000000000000e+00
2.853281860351562500e+02 7.378385620117187500e+02 3.395664367675781250e+02 9.271163330078125000e+02 7.385377883911132812e-01 0.000000000000000000e+00
3.563381347656250000e+02 7.135307006835937500e+02 4.178871459960937500e+02 9.203505249023437500e+02 6.977344155311584473e-01 0.000000000000000000e+00
2.034469909667968750e+02 7.224790649414062500e+02 2.656511230468750000e+02 9.159210815429687500e+02 6.155956983566284180e-01 0.000000000000000000e+00
1.673335571289062500e+02 7.283205566406250000e+02 2.251123504638671875e+02 9.149443969726562500e+02 5.997754931449890137e-01 0.000000000000000000e+00
1.100769287109375000e+03 6.579909667968750000e+02 1.133950927734375000e+03 7.933346557617187500e+02 5.817162394523620605e-01 0.000000000000000000e+00
4.729082641601562500e+02 7.174970703125000000e+02 5.289963989257812500e+02 8.840692749023437500e+02 5.748364329338073730e-01 0.000000000000000000e+00
1.669936157226562500e+03 9.062900390625000000e+02 1.752198852539062500e+03 1.008761718750000000e+03 5.176048874855041504e-01 0.000000000000000000e+00
1.595383056640625000e+03 7.227506713867187500e+02 1.645004638671875000e+03 8.268818359375000000e+02 4.765595495700836182e-01 0.000000000000000000e+00
7.797792358398437500e+02 6.317474975585937500e+02 8.129844970703125000e+02 7.381386718750000000e+02 4.520640671253204346e-01 0.000000000000000000e+00
4.128356628417968750e+02 7.325308837890625000e+02 4.776656188964843750e+02 9.050658569335937500e+02 4.240935742855072021e-01 0.000000000000000000e+00
1.063975341796875000e+03 6.386741333007812500e+02 1.088927368164062500e+03 7.082343750000000000e+02 4.008779823780059814e-01 0.000000000000000000e+00
2.952896728515625000e+02 7.222474365234375000e+02 4.008740844726562500e+02 9.265211791992187500e+02 3.772940039634704590e-01 0.000000000000000000e+00
1.859013427734375000e+03 1.011492797851562500e+03 1.918314331054687500e+03 1.078051635742187500e+03 3.599230945110321045e-01 0.000000000000000000e+00
8.101933593750000000e+02 6.311548461914062500e+02 8.433991699218750000e+02 7.344057006835937500e+02 3.502981662750244141e-01 0.000000000000000000e+00
9.986770629882812500e+02 6.217957763671875000e+02 1.031387207031250000e+03 7.130632324218750000e+02 3.210091292858123779e-01 0.000000000000000000e+00
8.407936401367187500e+02 6.815742187500000000e+02 8.781290283203125000e+02 7.751644287109375000e+02 3.201733529567718506e-01 0.000000000000000000e+00
1.232986083984375000e+03 6.481099853515625000e+02 1.266884399414062500e+03 7.342766113281250000e+02 3.154246807098388672e-01 0.000000000000000000e+00
1.636600097656250000e+03 1.394957275390625000e+02 1.903032104492187500e+03 3.963298950195312500e+02 2.781018316745758057e-01 6.200000000000000000e+01
1.662617919921875000e+03 6.374065551757812500e+02 1.683809448242187500e+03 7.095534667968750000e+02 2.686413824558258057e-01 0.000000000000000000e+00
1.615710937500000000e+03 6.242787475585937500e+02 1.638262573242187500e+03 6.952614135742187500e+02 2.645641565322875977e-01 0.000000000000000000e+00
1.775610473632812500e+03 9.110836181640625000e+02 1.863185424804687500e+03 1.050634887695312500e+03 2.641516625881195068e-01 0.000000000000000000e+00
1.173561767578125000e+03 6.475513305664062500e+02 1.196292114257812500e+03 7.128733520507812500e+02 2.507803440093994141e-01 0.000000000000000000e+00
