6.948558349609375000e+02 4.486075134277343750e+02 7.611033935546875000e+02 5.241373901367187500e+02 8.302497863769531250e-01 2.000000000000000000e+00
5.651349487304687500e+02 3.374986877441406250e+02 6.042242431640625000e+02 3.807648925781250000e+02 8.256476521492004395e-01 2.000000000000000000e+00
6.009268798828125000e+02 4.470963134765625000e+02 6.583323364257812500e+02 5.187285156250000000e+02 8.216454386711120605e-01 2.000000000000000000e+00
3.902310791015625000e+02 2.217195892333984375e+02 4.152835693359375000e+02 2.509470672607421875e+02 8.013665676116943359e-01 2.000000000000000000e+00
6.637805175781250000e+02 3.656573486328125000e+02 7.072525024414062500e+02 4.216222534179687500e+02 7.868775725364685059e-01 2.000000000000000000e+00
5.394492797851562500e+02 2.650551452636718750e+02 5.693359375000000000e+02 2.965873718261718750e+02 7.809500694274902344e-01 2.000000000000000000e+00
6.850092773437500000e+02 3.109529113769531250e+02 7.339008178710937500e+02 3.567611389160156250e+02 7.800367474555969238e-01 2.000000000000000000e+00
3.544396667480468750e+02 2.124940032958984375e+02 3.839957275390625000e+02 2.420387115478515625e+02 7.699822187423706055e-01 2.000000000000000000e+00
3.775489196777343750e+02 1.750353698730468750e+02 3.991601257324218750e+02 1.973187561035156250e+02 7.203723192214965820e-01 2.000000000000000000e+00
4.549704895019531250e+02 1.929816284179687500e+02 4.739570617675781250e+02 2.142079925537109375e+02 6.510849595069885254e-01 2.000000000000000000e+00
1.113352432250976562e+02 2.941456298828125000e+02 1.676389312744140625e+02 3.477086486816406250e+02 6.265522837638854980e-01 5.000000000000000000e+00
6.936274414062500000e+02 2.615342102050781250e+02 7.178299560546875000e+02 2.830148315429687500e+02 5.433010458946228027e-01 2.000000000000000000e+00
7.446856689453125000e+01 3.913248901367187500e+02 8.749265289306640625e+01 4.216452331542968750e+02 5.169613957405090332e-01 0.000000000000000000e+00
5.179732055664062500e+02 2.480650177001953125e+02 5.295249023437500000e+02 2.726477050781250000e+02 4.548801183700561523e-01 0.000000000000000000e+00
7.647579345703125000e+02 3.388655700683593750e+02 8.051821289062500000e+02 3.974232788085937500e+02 4.380357563495635986e-01 2.000000000000000000e+00
6.230693969726562500e+02 2.959801940917968750e+02 6.489550781250000000e+02 3.240001831054687500e+02 4.323320388793945312e-01 2.000000000000000000e+00
4.652028808593750000e+02 4.360083770751953125e+01 4.812361450195312500e+02 5.867157363891601562e+01 3.629399240016937256e-01 2.000000000000000000e+00
6.681573486328125000e+02 2.615151062011718750e+02 6.893475952148437500e+02 2.798326721191406250e+02 3.469820320606231689e-01 2.000000000000000000e+00
5.119349060058593750e+02 1.257248153686523438e+02 5.285543823242187500e+02 1.390915527343750000e+02 3.299224376678466797e-01 2.000000000000000000e+00
4.677718505859375000e+02 8.820369720458984375e+01 4.818408508300781250e+02 9.841368103027343750e+01 3.099904954433441162e-01 2.000000000000000000e+00
3.819372253417968750e+02 1.225303878784179688e+02 3.987256164550781250e+02 1.396545410156250000e+02 2.913515865802764893e-01 2.000000000000000000e+00
3.458656311035156250e+00 7.165682983398437500e+01 1.286465301513671875e+02 1.214718704223632812e+02 2.797763049602508545e-01 2.500000000000000000e+01
