4.328830261230468750e+02 4.361366577148437500e+02 4.657216186523437500e+02 4.876208801269531250e+02 8.309617638587951660e-01 2.000000000000000000e+00
3.800468139648437500e+02 3.632489929199218750e+02 4.139270629882812500e+02 4.034584350585937500e+02 7.756986021995544434e-01 2.000000000000000000e+00
5.833886108398437500e+02 4.733354492187500000e+02 7.441541748046875000e+02 5.384239501953125000e+02 4.712745547294616699e-01 7.000000000000000000e+00
4.872260742187500000e+02 3.910546875000000000e+02 5.092352600097656250e+02 4.216610412597656250e+02 4.460277259349822998e-01 3.000000000000000000e+00
4.109425048828125000e+02 4.224808349609375000e+02 4.241470642089843750e+02 4.538815002441406250e+02 4.210798144340515137e-01 0.000000000000000000e+00
2.562620544433593750e+02 4.813765869140625000e+02 3.286322937011718750e+02 5.352141723632812500e+02 4.173114895820617676e-01 7.000000000000000000e+00
5.370525512695312500e+02 3.647650756835937500e+02 5.664629516601562500e+02 3.975189819335937500e+02 3.870645165443420410e-01 3.000000000000000000e+00
2.560078125000000000e+02 4.798558349609375000e+02 3.296763000488281250e+02 5.337132568359375000e+02 3.634773790836334229e-01 2.000000000000000000e+00
4.904419860839843750e+02 3.578865051269531250e+02 5.111646728515625000e+02 3.878919982910156250e+02 3.611308336257934570e-01 3.000000000000000000e+00
6.160585937500000000e+02 3.586534729003906250e+02 6.385699462890625000e+02 3.810449829101562500e+02 3.345787227153778076e-01 2.000000000000000000e+00
5.850753784179687500e+02 3.027298583984375000e+02 6.298417968750000000e+02 3.328565673828125000e+02 3.136466741561889648e-01 2.000000000000000000e+00
6.515613403320312500e+02 3.909356689453125000e+02 6.849357910156250000e+02 4.209450073242187500e+02 3.093884885311126709e-01 2.000000000000000000e+00
7.940770263671875000e+02 5.098674316406250000e+02 8.858247680664062500e+02 5.400000000000000000e+02 3.071749210357666016e-01 7.000000000000000000e+00
5.112533874511718750e+02 3.447372131347656250e+02 5.289821166992187500e+02 3.728288269042968750e+02 2.994312345981597900e-01 3.000000000000000000e+00
5.396403808593750000e+02 2.891997985839843750e+02 5.695162353515625000e+02 3.076732177734375000e+02 2.866166234016418457e-01 2.000000000000000000e+00
2.453892211914062500e+02 4.449859313964843750e+02 2.818447265625000000e+02 4.685804443359375000e+02 2.834220826625823975e-01 2.000000000000000000e+00
5.671677246093750000e+02 3.588951416015625000e+02 5.988172607421875000e+02 3.789236755371093750e+02 2.631178796291351318e-01 2.000000000000000000e+00
4.966390686035156250e+02 2.654213562011718750e+02 5.039401245117187500e+02 2.807095642089843750e+02 2.586289346218109131e-01 0.000000000000000000e+00
