2.013651657104492188e+01 3.192782287597656250e+02 1.194635162353515625e+02 3.946596374511718750e+02 8.801142573356628418e-01 2.000000000000000000e+00
1.010236816406250000e+03 3.831734008789062500e+02 1.092086914062500000e+03 4.613439941406250000e+02 8.360386490821838379e-01 2.000000000000000000e+00
9.892825317382812500e+01 3.914887084960937500e+02 2.168701019287109375e+02 4.912952270507812500e+02 8.294607996940612793e-01 2.000000000000000000e+00
1.286282470703125000e+03 2.162693939208984375e+02 1.356618041992187500e+03 2.699971313476562500e+02 8.052597045898437500e-01 2.000000000000000000e+00
5.967100219726562500e+02 1.830643310546875000e+02 6.343789672851562500e+02 2.332936553955078125e+02 7.574349641799926758e-01 2.000000000000000000e+00
5.610100097656250000e+02 1.518637695312500000e+02 6.056123046875000000e+02 1.972899475097656250e+02 7.496184110641479492e-01 2.000000000000000000e+00
5.996063232421875000e+02 2.612151489257812500e+02 6.580337524414062500e+02 3.392677917480468750e+02 7.311871051788330078e-01 2.000000000000000000e+00
7.247947387695312500e+02 1.563755187988281250e+02 7.664817504882812500e+02 1.984805450439453125e+02 7.302055358886718750e-01 2.000000000000000000e+00
1.249635864257812500e+03 1.049153594970703125e+02 1.314005371093750000e+03 1.403853759765625000e+02 7.169018983840942383e-01 2.000000000000000000e+00
5.098503112792968750e+02 2.455780029296875000e+02 5.591516113281250000e+02 3.072124023437500000e+02 7.117542624473571777e-01 2.000000000000000000e+00
4.232268371582031250e+02 5.048394470214843750e+02 5.172545776367187500e+02 6.464817504882812500e+02 7.105808258056640625e-01 2.000000000000000000e+00
1.055649047851562500e+03 3.144883117675781250e+02 1.152181030273437500e+03 4.134485473632812500e+02 6.569841504096984863e-01 7.000000000000000000e+00
6.939154052734375000e+02 3.730937576293945312e+01 7.221847534179687500e+02 6.781972503662109375e+01 6.343399882316589355e-01 2.000000000000000000e+00
4.169218444824218750e+02 8.026483154296875000e+01 4.563634643554687500e+02 1.157361221313476562e+02 5.978851318359375000e-01 2.000000000000000000e+00
1.186734497070312500e+03 1.201454238891601562e+02 1.258888793945312500e+03 1.545761260986328125e+02 5.193191170692443848e-01 2.000000000000000000e+00
2.444309387207031250e+02 2.343535156250000000e+02 3.191005554199218750e+02 3.121065673828125000e+02 5.071706175804138184e-01 2.000000000000000000e+00
1.201781860351562500e+03 4.893028259277343750e+01 1.242875976562500000e+03 7.397389984130859375e+01 4.920741319656372070e-01 2.000000000000000000e+00
2.158685913085937500e+02 3.698969421386718750e+02 2.419947204589843750e+02 4.209803466796875000e+02 4.850895404815673828e-01 0.000000000000000000e+00
5.743787841796875000e+02 1.661053619384765625e+02 6.348836669921875000e+02 2.215463104248046875e+02 3.992535471916198730e-01 2.000000000000000000e+00
9.872813110351562500e+02 1.973137359619140625e+02 1.005466125488281250e+03 2.261292877197265625e+02 3.531664311885833740e-01 0.000000000000000000e+00
1.205109985351562500e+03 1.027982711791992188e+02 1.266236206054687500e+03 1.329044952392578125e+02 3.262135386466979980e-01 2.000000000000000000e+00
8.436622314453125000e+02 1.697237396240234375e+01 8.737521362304687500e+02 4.796673583984375000e+01 2.796787619590759277e-01 2.000000000000000000e+00
1.250065673828125000e+03 5.045215606689453125e+01 1.299194580078125000e+03 7.992544555664062500e+01 2.635709643363952637e-01 2.000000000000000000e+00
1.077009765625000000e+03 2.565875549316406250e+02 1.093609741210937500e+03 2.853201904296875000e+02 2.512063980102539062e-01 0.000000000000000000e+00
