6.797827758789062500e+02 4.487404785156250000e+02 7.203348999023437500e+02 4.903008728027343750e+02 7.809116244316101074e-01 2.000000000000000000e+00
1.162651611328125000e+03 6.111502075195312500e+02 1.329565307617187500e+03 7.112349243164062500e+02 7.444293498992919922e-01 7.000000000000000000e+00
6.916256103515625000e+02 3.828874206542968750e+02 7.255018920898437500e+02 4.141019897460937500e+02 7.062074542045593262e-01 2.000000000000000000e+00
7.630072631835937500e+02 4.023695983886718750e+02 8.008363037109375000e+02 4.355426330566406250e+02 7.050692439079284668e-01 2.000000000000000000e+00
7.489678344726562500e+02 5.851134643554687500e+02 7.996690063476562500e+02 6.498637084960937500e+02 6.747038960456848145e-01 2.000000000000000000e+00
6.772036132812500000e+02 3.514086303710937500e+02 7.034110107421875000e+02 3.774131164550781250e+02 5.991353988647460938e-01 2.000000000000000000e+00
6.800653076171875000e+02 2.890935058593750000e+02 7.019509887695312500e+02 3.053343811035156250e+02 5.575652718544006348e-01 2.000000000000000000e+00
6.467644653320312500e+02 2.366120605468750000e+02 6.630426635742187500e+02 2.502279968261718750e+02 5.236197710037231445e-01 2.000000000000000000e+00
2.730750427246093750e+02 4.984911499023437500e+02 3.403209838867187500e+02 5.578041381835937500e+02 4.930583536624908447e-01 2.000000000000000000e+00
6.771547241210937500e+02 2.408916015625000000e+02 6.968914794921875000e+02 2.568036499023437500e+02 4.819943010807037354e-01 2.000000000000000000e+00
6.910288696289062500e+02 2.161070098876953125e+02 7.062898559570312500e+02 2.312100830078125000e+02 4.791564047336578369e-01 2.000000000000000000e+00
6.067235107421875000e+02 3.582973327636718750e+02 6.352951660156250000e+02 3.958775634765625000e+02 4.701025187969207764e-01 2.000000000000000000e+00
6.085555419921875000e+02 3.548713073730468750e+02 6.335638427734375000e+02 3.943974304199218750e+02 4.084935486316680908e-01 7.000000000000000000e+00
6.993385009765625000e+02 2.523270111083984375e+02 7.192305297851562500e+02 2.700658569335937500e+02 3.342059850692749023e-01 2.000000000000000000e+00
7.879381713867187500e+02 2.454629974365234375e+02 8.139647216796875000e+02 2.713070068359375000e+02 3.215487599372863770e-01 2.000000000000000000e+00
9.413152465820312500e+02 4.486945800781250000e+02 1.011640014648437500e+03 5.274749145507812500e+02 2.729328572750091553e-01 7.000000000000000000e+00
9.765331420898437500e+02 5.095490112304687500e+02 1.005356079101562500e+03 5.309758911132812500e+02 2.646789848804473877e-01 2.000000000000000000e+00
