1.804772338867187500e+02 5.143812866210937500e+02 3.541585083007812500e+02 7.171130371093750000e+02 7.910094857215881348e-01 2.000000000000000000e+00
1.884275817871093750e+02 2.229033660888671875e+02 5.921250610351562500e+02 6.322484741210937500e+02 6.186792850494384766e-01 7.000000000000000000e+00
3.951869010925292969e-01 1.340101165771484375e+02 2.170657501220703125e+02 2.564452819824218750e+02 5.830081105232238770e-01 7.000000000000000000e+00
4.712036437988281250e+02 1.095012068748474121e+00 5.808314819335937500e+02 4.020004272460937500e+01 5.049713253974914551e-01 2.000000000000000000e+00
1.299226196289062500e+03 4.784351348876953125e+01 1.360000000000000000e+03 1.127571945190429688e+02 4.608033895492553711e-01 2.000000000000000000e+00
2.619215393066406250e+02 2.022596359252929688e+01 4.846896057128906250e+02 1.086848754882812500e+02 4.369342625141143799e-01 7.000000000000000000e+00
1.715592041015625000e+02 6.513671112060546875e+01 3.896297912597656250e+02 1.722185516357421875e+02 3.597528934478759766e-01 7.000000000000000000e+00
1.228978027343750000e+03 6.090130805969238281e-01 1.286653686523437500e+03 5.499300765991210938e+01 3.281663060188293457e-01 2.000000000000000000e+00
1.333598876953125000e+03 8.449712371826171875e+01 1.360000000000000000e+03 1.832414245605468750e+02 2.797637581825256348e-01 2.000000000000000000e+00
1.993841094970703125e+02 3.660850830078125000e+02 3.220962524414062500e+02 5.104616699218750000e+02 2.558694481849670410e-01 2.800000000000000000e+01
