1.189398803710937500e+03 2.961195068359375000e+02 1.286392211914062500e+03 4.000570983886718750e+02 8.521890044212341309e-01 2.000000000000000000e+00
4.980547485351562500e+02 1.265023498535156250e+02 6.149130249023437500e+02 2.174398040771484375e+02 8.346168994903564453e-01 2.000000000000000000e+00
1.271196899414062500e+03 6.614574432373046875e+01 1.360000000000000000e+03 1.482942047119140625e+02 7.173714637756347656e-01 2.000000000000000000e+00
3.850885314941406250e+02 3.039870071411132812e+01 4.886729431152343750e+02 1.285359802246093750e+02 6.523762345314025879e-01 7.000000000000000000e+00
0.000000000000000000e+00 1.418015766143798828e+01 2.472909736633300781e+01 6.472539520263671875e+01 6.267329454421997070e-01 2.000000000000000000e+00
6.695698852539062500e+02 5.569465332031250000e+02 6.982926635742187500e+02 5.986262207031250000e+02 5.191021561622619629e-01 0.000000000000000000e+00
4.514531555175781250e+02 5.662277221679687500e+02 4.720066833496093750e+02 6.099291381835937500e+02 5.175787210464477539e-01 0.000000000000000000e+00
5.144281616210937500e+02 6.440617675781250000e+02 5.522529907226562500e+02 7.036160888671875000e+02 5.067780017852783203e-01 0.000000000000000000e+00
6.986210937500000000e+02 4.874349365234375000e+02 7.348734741210937500e+02 5.327813110351562500e+02 4.528650045394897461e-01 0.000000000000000000e+00
1.135876342773437500e+03 4.470318908691406250e+02 1.180750122070312500e+03 4.895098571777343750e+02 4.215690493583679199e-01 3.000000000000000000e+00
4.752395019531250000e+02 5.010812683105468750e+02 4.993834838867187500e+02 5.554541015625000000e+02 4.185731709003448486e-01 0.000000000000000000e+00
3.403465881347656250e+02 3.065256347656250000e+02 4.430578613281250000e+02 4.206370544433593750e+02 3.994399905204772949e-01 7.000000000000000000e+00
5.258988647460937500e+02 5.225035400390625000e+02 5.467003173828125000e+02 5.521801757812500000e+02 3.994384109973907471e-01 0.000000000000000000e+00
1.297553863525390625e+02 5.522253417968750000e+02 2.530518798828125000e+02 6.815179443359375000e+02 3.989656865596771240e-01 2.000000000000000000e+00
5.042540893554687500e+02 5.168765869140625000e+02 5.252059326171875000e+02 5.500903930664062500e+02 3.821260333061218262e-01 0.000000000000000000e+00
1.366766052246093750e+02 4.256797180175781250e+02 3.559662780761718750e+02 6.646032714843750000e+02 2.785844504833221436e-01 5.000000000000000000e+00
1.035527954101562500e+03 0.000000000000000000e+00 1.119137207031250000e+03 3.903767395019531250e+01 2.625935077667236328e-01 2.000000000000000000e+00
