1.470513610839843750e+02 5.347810668945312500e+02 6.163632202148437500e+02 7.373536987304687500e+02 5.880072712898254395e-01 7.000000000000000000e+00
4.452848510742187500e+02 2.625797119140625000e+02 6.860274658203125000e+02 3.638232421875000000e+02 4.422681331634521484e-01 7.000000000000000000e+00
2.911210632324218750e+02 3.443926696777343750e+02 6.949531860351562500e+02 5.340816650390625000e+02 4.008761644363403320e-01 7.000000000000000000e+00
7.235797729492187500e+02 7.104944610595703125e+01 7.687067871093750000e+02 1.367570800781250000e+02 3.914127945899963379e-01 7.000000000000000000e+00
6.008995361328125000e+02 7.667498016357421875e+01 6.355454101562500000e+02 1.210751495361328125e+02 3.815053403377532959e-01 7.000000000000000000e+00
6.727838745117187500e+02 1.759385528564453125e+02 7.126818847656250000e+02 2.333105468750000000e+02 3.686997294425964355e-01 2.000000000000000000e+00
4.913910522460937500e+02 1.378025360107421875e+02 6.846246948242187500e+02 2.146005249023437500e+02 3.080132007598876953e-01 7.000000000000000000e+00
7.618053588867187500e+02 6.039426422119140625e+01 8.133928833007812500e+02 1.380369567871093750e+02 2.921261489391326904e-01 7.000000000000000000e+00
6.412719726562500000e+02 3.805696716308593750e+02 7.108302001953125000e+02 4.909512634277343750e+02 2.905193567276000977e-01 7.000000000000000000e+00
1.336660766601562500e+03 1.085479507446289062e+02 1.359928100585937500e+03 1.655433807373046875e+02 2.762483954429626465e-01 7.000000000000000000e+00
6.424621582031250000e+02 3.814034423828125000e+02 7.106821289062500000e+02 4.887641906738281250e+02 2.734591364860534668e-01 2.000000000000000000e+00
4.260626831054687500e+02 2.041258544921875000e+02 6.880649414062500000e+02 3.002421875000000000e+02 2.598789632320404053e-01 7.000000000000000000e+00
6.707477416992187500e+02 1.650650482177734375e+02 7.141937866210937500e+02 2.365520935058593750e+02 2.511178553104400635e-01 7.000000000000000000e+00
