6.391552124023437500e+02 7.093081665039062500e+02 7.252155151367187500e+02 7.620167236328125000e+02 8.027932643890380859e-01 2.000000000000000000e+00
1.100695190429687500e+03 2.998816223144531250e+02 1.153983520507812500e+03 3.443695678710937500e+02 6.401407122611999512e-01 2.000000000000000000e+00
1.137942382812500000e+03 2.398284759521484375e+02 1.191074462890625000e+03 2.738384094238281250e+02 5.893244743347167969e-01 2.000000000000000000e+00
6.533900146484375000e+02 2.103414306640625000e+02 6.785037841796875000e+02 2.378622131347656250e+02 5.803478956222534180e-01 2.000000000000000000e+00
8.234496459960937500e+02 2.899316406250000000e+02 8.661161499023437500e+02 3.175917663574218750e+02 5.240355730056762695e-01 2.000000000000000000e+00
1.256279418945312500e+03 2.852417907714843750e+02 1.319193847656250000e+03 3.238039245605468750e+02 5.148394703865051270e-01 2.000000000000000000e+00
9.484288330078125000e+02 4.635256347656250000e+02 1.057219604492187500e+03 5.643071899414062500e+02 5.071684718132019043e-01 7.000000000000000000e+00
1.105769165039062500e+03 2.234433135986328125e+02 1.144543823242187500e+03 2.541140594482421875e+02 5.067153573036193848e-01 2.000000000000000000e+00
1.260910400390625000e+03 3.393230895996093750e+02 1.277135131835937500e+03 3.745768432617187500e+02 4.827013313770294189e-01 0.000000000000000000e+00
6.004052734375000000e+02 2.672839355468750000e+02 6.355482177734375000e+02 3.027750854492187500e+02 4.820121824741363525e-01 2.000000000000000000e+00
8.990750122070312500e+02 4.693345947265625000e+02 9.199492797851562500e+02 5.160510253906250000e+02 4.242504239082336426e-01 0.000000000000000000e+00
6.023119506835937500e+02 2.647470092773437500e+02 6.335765991210937500e+02 3.039792175292968750e+02 4.142844676971435547e-01 7.000000000000000000e+00
1.290735595703125000e+03 2.982194213867187500e+02 1.359469116210937500e+03 3.573655395507812500e+02 3.791216015815734863e-01 2.000000000000000000e+00
1.040547485351562500e+03 6.009280395507812500e+02 1.201002685546875000e+03 7.486514892578125000e+02 3.727093040943145752e-01 2.000000000000000000e+00
1.130667602539062500e+03 4.076022644042968750e+02 1.223349365234375000e+03 4.759966125488281250e+02 3.587916493415832520e-01 7.000000000000000000e+00
1.041692993164062500e+03 6.020144042968750000e+02 1.201233032226562500e+03 7.493026733398437500e+02 3.582050204277038574e-01 7.000000000000000000e+00
7.450575561523437500e+02 3.491595458984375000e+02 7.921017456054687500e+02 4.043023681640625000e+02 3.476928770542144775e-01 2.000000000000000000e+00
1.135224853515625000e+03 4.065752563476562500e+02 1.221796020507812500e+03 4.761851501464843750e+02 3.380790054798126221e-01 2.000000000000000000e+00
7.453485107421875000e+02 3.507876281738281250e+02 7.911768188476562500e+02 4.041134033203125000e+02 3.325331509113311768e-01 7.000000000000000000e+00
7.045877685546875000e+02 1.808293914794921875e+02 7.266007690429687500e+02 2.120007629394531250e+02 2.996693253517150879e-01 2.000000000000000000e+00
5.642916870117187500e+02 2.714067382812500000e+02 5.909557495117187500e+02 2.995588378906250000e+02 2.914913296699523926e-01 2.000000000000000000e+00
9.449472045898437500e+02 4.652410583496093750e+02 1.053882080078125000e+03 5.651271362304687500e+02 2.809213995933532715e-01 2.000000000000000000e+00
