8.481997680664062500e+02 1.993443450927734375e+02 9.722623291015625000e+02 2.554381866455078125e+02 8.590902686119079590e-01 2.000000000000000000e+00
4.213675231933593750e+02 4.004599914550781250e+02 5.839105834960937500e+02 5.690385742187500000e+02 8.559127449989318848e-01 2.000000000000000000e+00
2.969949340820312500e+02 3.498888854980468750e+02 3.926828613281250000e+02 4.651376342773437500e+02 8.520717620849609375e-01 2.000000000000000000e+00
8.992550048828125000e+02 1.220114517211914062e+02 9.657621459960937500e+02 1.599819793701171875e+02 8.297241926193237305e-01 2.000000000000000000e+00
4.022742614746093750e+02 2.565879516601562500e+02 5.071863708496093750e+02 3.437182006835937500e+02 8.082993626594543457e-01 2.000000000000000000e+00
1.070430908203125000e+02 1.904076690673828125e+02 1.896909179687500000e+02 2.580825805664062500e+02 7.711918354034423828e-01 2.000000000000000000e+00
8.452562866210937500e+02 1.141407165527343750e+02 9.049574584960937500e+02 1.542352752685546875e+02 7.399346828460693359e-01 2.000000000000000000e+00
1.589309539794921875e+02 4.415611267089843750e+02 1.991909790039062500e+02 5.435601806640625000e+02 7.092511057853698730e-01 0.000000000000000000e+00
5.360764770507812500e+02 1.716911315917968750e+02 6.454971923828125000e+02 2.376502838134765625e+02 7.049141526222229004e-01 2.000000000000000000e+00
9.179021453857421875e+01 6.837166748046875000e+02 4.237426147460937500e+02 7.631761474609375000e+02 6.914919018745422363e-01 2.000000000000000000e+00
4.956921386718750000e+02 7.197985839843750000e+02 5.290097045898437500e+02 7.649587402343750000e+02 6.768927574157714844e-01 0.000000000000000000e+00
9.641864013671875000e+02 1.355840911865234375e+02 1.050935668945312500e+03 1.784339752197265625e+02 6.653085350990295410e-01 2.000000000000000000e+00
3.360558776855468750e+02 1.854020385742187500e+02 4.085002746582031250e+02 2.485153350830078125e+02 6.390984058380126953e-01 2.000000000000000000e+00
4.291025085449218750e+02 7.029505615234375000e+02 4.995524597167968750e+02 7.650000000000000000e+02 6.330306529998779297e-01 0.000000000000000000e+00
6.733107299804687500e+02 2.965788574218750000e+02 6.951301269531250000e+02 3.528551940917968750e+02 6.148443818092346191e-01 0.000000000000000000e+00
5.590057373046875000e-01 3.086960754394531250e+02 1.179731369018554688e+02 4.149194641113281250e+02 6.076680421829223633e-01 7.000000000000000000e+00
9.725125122070312500e+01 3.267502746582031250e+02 1.370754089355468750e+02 4.154841918945312500e+02 5.993332266807556152e-01 0.000000000000000000e+00
1.161975708007812500e+03 1.104299850463867188e+02 1.248126586914062500e+03 1.421527862548828125e+02 5.942912101745605469e-01 2.000000000000000000e+00
8.406386108398437500e+02 2.624706726074218750e+02 8.647801513671875000e+02 3.141041259765625000e+02 5.935357809066772461e-01 0.000000000000000000e+00
5.488016967773437500e+02 1.127137985229492188e+02 6.416468505859375000e+02 1.478854980468750000e+02 5.822221636772155762e-01 2.000000000000000000e+00
7.395126953125000000e+02 1.104781799316406250e+02 8.293468627929687500e+02 1.460454101562500000e+02 5.627771615982055664e-01 2.000000000000000000e+00
6.510851287841796875e+01 1.390680694580078125e+02 1.391909942626953125e+02 1.961655731201171875e+02 5.408825278282165527e-01 2.000000000000000000e+00
2.527705078125000000e+02 1.096744918823242188e+02 3.096369628906250000e+02 1.529880676269531250e+02 5.190126895904541016e-01 2.000000000000000000e+00
1.116094238281250000e+03 2.109886322021484375e+02 1.143049438476562500e+03 2.602753601074218750e+02 5.141296386718750000e-01 0.000000000000000000e+00
5.838529663085937500e+02 2.816854858398437500e+02 6.135575561523437500e+02 3.507658081054687500e+02 5.028474330902099609e-01 0.000000000000000000e+00
6.745191650390625000e+02 9.423685455322265625e+01 7.231112670898437500e+02 1.239422225952148438e+02 5.003794431686401367e-01 2.000000000000000000e+00
1.263966552734375000e+03 1.708104553222656250e+02 1.291662597656250000e+03 2.152528076171875000e+02 4.615870714187622070e-01 0.000000000000000000e+00
2.323844146728515625e+01 5.460156860351562500e+02 5.761630630493164062e+01 6.165140380859375000e+02 4.599541425704956055e-01 0.000000000000000000e+00
8.229685058593750000e+02 2.313309631347656250e+02 8.437681884765625000e+02 2.859454345703125000e+02 4.315271973609924316e-01 0.000000000000000000e+00
6.359372558593750000e+02 2.782310180664062500e+02 6.621726684570312500e+02 3.462350463867187500e+02 4.118667542934417725e-01 0.000000000000000000e+00
9.564666748046875000e+01 4.235814819335937500e+02 1.578957672119140625e+02 4.857686462402343750e+02 3.884237706661224365e-01 3.000000000000000000e+00
2.482851982116699219e+01 5.861387939453125000e+02 8.801898956298828125e+01 6.661191406250000000e+02 3.866659998893737793e-01 1.000000000000000000e+00
2.680197143554687500e+02 4.150645065307617188e+01 3.122987365722656250e+02 6.693894195556640625e+01 3.349711596965789795e-01 2.000000000000000000e+00
1.012308502197265625e+02 4.113261718750000000e+02 1.549471130371093750e+02 4.857344360351562500e+02 3.260075449943542480e-01 0.000000000000000000e+00
1.201844604492187500e+03 1.420063476562500000e+02 1.262860717773437500e+03 1.878174438476562500e+02 3.229648768901824951e-01 2.000000000000000000e+00
1.166015258789062500e+03 2.207624969482421875e+02 1.189390258789062500e+03 2.710645751953125000e+02 3.184898495674133301e-01 0.000000000000000000e+00
5.458338623046875000e+02 2.791421203613281250e+02 5.699141845703125000e+02 3.456916809082031250e+02 3.171235322952270508e-01 0.000000000000000000e+00
2.451202011108398438e+01 5.494816894531250000e+02 9.676839447021484375e+01 6.371108398437500000e+02 3.077278435230255127e-01 0.000000000000000000e+00
7.773418579101562500e+02 2.329786987304687500e+02 8.016594848632812500e+02 2.868409118652343750e+02 3.013057708740234375e-01 0.000000000000000000e+00
1.074856811523437500e+03 1.237928085327148438e+02 1.148489379882812500e+03 1.586771697998046875e+02 2.957926988601684570e-01 2.000000000000000000e+00
2.814090156555175781e+01 5.645797119140625000e+02 1.128875274658203125e+02 6.391768798828125000e+02 2.850796580314636230e-01 1.000000000000000000e+00
1.016166503906250000e+03 1.224398498535156250e+02 1.069535644531250000e+03 1.562907867431640625e+02 2.830265760421752930e-01 2.000000000000000000e+00
1.308886474609375000e+03 1.139430389404296875e+02 1.358670166015625000e+03 1.499462127685546875e+02 2.806003987789154053e-01 2.000000000000000000e+00
1.020687194824218750e+03 1.297264099121093750e+02 1.099162719726562500e+03 1.742928771972656250e+02 2.738850712776184082e-01 2.000000000000000000e+00
1.161279678344726562e+01 3.161218566894531250e+02 1.377694396972656250e+02 4.128959960937500000e+02 2.604477107524871826e-01 0.000000000000000000e+00
