2.977198181152343750e+02 2.711354675292968750e+02 3.924169311523437500e+02 3.442533264160156250e+02 8.473122119903564453e-01 2.000000000000000000e+00
1.068438598632812500e+03 3.180116882324218750e+02 1.136633911132812500e+03 3.998096618652343750e+02 7.800161242485046387e-01 2.000000000000000000e+00
3.101272888183593750e+02 1.676129608154296875e+02 3.708115234375000000e+02 2.120521697998046875e+02 7.755965590476989746e-01 2.000000000000000000e+00
1.032868652343750000e+03 2.590228881835937500e+02 1.120888183593750000e+03 3.224884643554687500e+02 7.634647488594055176e-01 2.000000000000000000e+00
3.875743713378906250e+02 1.702519226074218750e+02 4.357958679199218750e+02 2.126177215576171875e+02 7.633517384529113770e-01 2.000000000000000000e+00
9.797026977539062500e+02 1.280745849609375000e+02 1.022968811035156250e+03 1.698895111083984375e+02 7.601674199104309082e-01 2.000000000000000000e+00
5.316693725585937500e+02 1.784220275878906250e+02 5.713530883789062500e+02 2.257252044677734375e+02 7.525110840797424316e-01 2.000000000000000000e+00
4.584313964843750000e+02 1.757388153076171875e+02 5.014474182128906250e+02 2.214012298583984375e+02 7.299386262893676758e-01 2.000000000000000000e+00
1.027441650390625000e+03 1.897513885498046875e+02 1.113532470703125000e+03 2.415886993408203125e+02 7.150486111640930176e-01 2.000000000000000000e+00
9.594360961914062500e+02 1.859895782470703125e+02 1.011656799316406250e+03 2.422351531982421875e+02 6.725475192070007324e-01 2.000000000000000000e+00
2.231938323974609375e+02 4.055927124023437500e+02 2.539042663574218750e+02 4.751207580566406250e+02 6.515025496482849121e-01 9.000000000000000000e+00
8.777218627929687500e+02 2.693817443847656250e+02 9.429138793945312500e+02 3.280027770996093750e+02 6.066671013832092285e-01 2.000000000000000000e+00
9.450673828125000000e+02 8.812798309326171875e+01 9.842055664062500000e+02 1.240437622070312500e+02 5.735955238342285156e-01 2.000000000000000000e+00
6.980433959960937500e+02 1.356576080322265625e+02 7.889992065429687500e+02 1.812475128173828125e+02 5.712587237358093262e-01 2.000000000000000000e+00
1.101658935546875000e+03 1.600932464599609375e+02 1.183564331054687500e+03 2.201179046630859375e+02 5.662391781806945801e-01 2.000000000000000000e+00
2.618523559570312500e+02 5.123082885742187500e+02 3.085071716308593750e+02 5.654844970703125000e+02 5.476025342941284180e-01 9.000000000000000000e+00
8.842015380859375000e+02 1.476758728027343750e+02 9.233367309570312500e+02 1.922975311279296875e+02 5.411258339881896973e-01 2.000000000000000000e+00
0.000000000000000000e+00 1.265856170654296875e+01 2.045437316894531250e+02 6.561291503906250000e+02 5.177912116050720215e-01 7.000000000000000000e+00
7.274107360839843750e+01 9.742354583740234375e+01 1.339749755859375000e+02 1.323163909912109375e+02 5.160895586013793945e-01 2.000000000000000000e+00
1.048643432617187500e+03 3.197535514831542969e+01 1.074194580078125000e+03 5.344915008544921875e+01 4.993258714675903320e-01 2.000000000000000000e+00
1.528218231201171875e+02 3.340895080566406250e+02 1.935863189697265625e+02 3.841516723632812500e+02 4.684796035289764404e-01 3.000000000000000000e+00
1.894861145019531250e+02 7.745965576171875000e+01 2.045390930175781250e+02 1.129999618530273438e+02 4.673212766647338867e-01 9.000000000000000000e+00
5.162631225585937500e+02 5.116044311523437500e+02 6.161428222656250000e+02 6.267584228515625000e+02 4.367885291576385498e-01 0.000000000000000000e+00
2.700959472656250000e+02 1.273340988159179688e+02 2.850598754882812500e+02 1.576170043945312500e+02 4.337693452835083008e-01 0.000000000000000000e+00
8.202364501953125000e+02 1.250176620483398438e+02 8.692233886718750000e+02 1.702381744384765625e+02 4.288914203643798828e-01 2.000000000000000000e+00
1.059031005859375000e+03 9.317683410644531250e+01 1.097807006835937500e+03 1.245583267211914062e+02 4.284798502922058105e-01 2.000000000000000000e+00
1.057280029296875000e+03 2.753660583496093750e+02 1.133493041992187500e+03 3.628754272460937500e+02 4.016865789890289307e-01 2.000000000000000000e+00
2.017326202392578125e+02 1.480610961914062500e+02 2.958011474609375000e+02 2.053596038818359375e+02 3.910618722438812256e-01 2.000000000000000000e+00
0.000000000000000000e+00 1.818454742431640625e+00 1.841003723144531250e+02 6.300978393554687500e+02 3.762140274047851562e-01 5.000000000000000000e+00
3.364777221679687500e+02 1.286940002441406250e+02 3.487462768554687500e+02 1.576345825195312500e+02 3.613366186618804932e-01 0.000000000000000000e+00
1.135500854492187500e+03 2.769866333007812500e+02 1.181352294921875000e+03 3.092160339355468750e+02 3.369129598140716553e-01 2.000000000000000000e+00
6.126597900390625000e+02 2.158048706054687500e+02 7.032139282226562500e+02 2.514451293945312500e+02 3.338797390460968018e-01 2.000000000000000000e+00
5.938231201171875000e+02 1.423368530273437500e+02 6.085438842773437500e+02 1.744122314453125000e+02 2.979203164577484131e-01 0.000000000000000000e+00
5.739725341796875000e+02 5.810876464843750000e+02 6.148551025390625000e+02 6.497428588867187500e+02 2.738698720932006836e-01 0.000000000000000000e+00
1.792970733642578125e+02 1.092914886474609375e+02 2.454978790283203125e+02 1.512947082519531250e+02 2.602899968624114990e-01 2.000000000000000000e+00
