2.945102539062500000e+02 3.055104370117187500e+02 5.290878295898437500e+02 4.236074829101562500e+02 8.690398335456848145e-01 2.000000000000000000e+00
2.108199005126953125e+02 5.845755386352539062e+01 2.831919860839843750e+02 1.055280227661132812e+02 8.675338029861450195e-01 2.000000000000000000e+00
2.201449127197265625e+02 2.014907226562500000e+02 3.892854919433593750e+02 2.935251464843750000e+02 8.533860445022583008e-01 2.000000000000000000e+00
6.992742309570312500e+02 1.785909881591796875e+02 8.069702148437500000e+02 2.415316314697265625e+02 8.467291593551635742e-01 2.000000000000000000e+00
9.050185394287109375e+01 6.543442535400390625e+01 1.946954650878906250e+02 1.097585678100585938e+02 8.371610641479492188e-01 2.000000000000000000e+00
4.486596584320068359e-01 4.750444030761718750e+02 7.627064514160156250e+01 5.812014770507812500e+02 8.349408507347106934e-01 2.000000000000000000e+00
9.054080810546875000e+02 8.961930847167968750e+01 9.925524291992187500e+02 1.416640014648437500e+02 8.096626400947570801e-01 2.000000000000000000e+00
8.073790283203125000e+02 2.203098907470703125e+02 9.064807739257812500e+02 3.036223449707031250e+02 7.977852821350097656e-01 2.000000000000000000e+00
8.818248901367187500e+02 4.156528320312500000e+02 9.166976318359375000e+02 5.024859313964843750e+02 7.881741523742675781e-01 0.000000000000000000e+00
1.107091674804687500e+03 2.024152679443359375e+02 1.204204101562500000e+03 2.728881225585937500e+02 7.759904265403747559e-01 2.000000000000000000e+00
4.188676757812500000e+02 2.315217437744140625e+02 4.489386596679687500e+02 2.963142700195312500e+02 7.671933174133300781e-01 0.000000000000000000e+00
1.160901123046875000e+03 1.573237304687500000e+02 1.249827392578125000e+03 2.207130432128906250e+02 7.648003101348876953e-01 2.000000000000000000e+00
1.539770603179931641e+00 4.836960220336914062e+01 5.902379608154296875e+01 9.889995574951171875e+01 7.222642302513122559e-01 2.000000000000000000e+00
5.333799438476562500e+02 8.280123901367187500e+01 6.520005493164062500e+02 1.337947387695312500e+02 7.112284898757934570e-01 2.000000000000000000e+00
3.178637084960937500e+02 6.024446868896484375e+01 4.295127563476562500e+02 1.013423461914062500e+02 6.263996362686157227e-01 2.000000000000000000e+00
1.243178833007812500e+03 9.554562377929687500e+01 1.330713378906250000e+03 1.527598266601562500e+02 6.255021691322326660e-01 2.000000000000000000e+00
6.872951049804687500e+02 1.078969345092773438e+02 7.823781738281250000e+02 1.770716094970703125e+02 6.181392669677734375e-01 2.000000000000000000e+00
5.269316482543945312e+01 5.425570678710937500e+01 1.197850418090820312e+02 1.009382781982421875e+02 6.165452003479003906e-01 2.000000000000000000e+00
4.263978271484375000e+02 4.203871154785156250e+01 5.128944702148437500e+02 8.333590698242187500e+01 5.369604229927062988e-01 2.000000000000000000e+00
4.526840209960937500e+02 1.460775299072265625e+02 4.846336669921875000e+02 1.996007080078125000e+02 4.686099588871002197e-01 0.000000000000000000e+00
4.507416381835937500e+02 1.489433135986328125e+02 4.867559204101562500e+02 2.035299377441406250e+02 4.539864957332611084e-01 3.000000000000000000e+00
8.855505371093750000e+02 2.246559448242187500e+02 9.214699707031250000e+02 2.942835998535156250e+02 4.489652216434478760e-01 0.000000000000000000e+00
4.312458190917968750e+02 2.655527648925781250e+02 4.728153381347656250e+02 2.989398498535156250e+02 3.229846358299255371e-01 3.000000000000000000e+00
4.283107910156250000e+02 1.650559082031250000e+02 4.906606750488281250e+02 2.060409851074218750e+02 2.580569088459014893e-01 3.000000000000000000e+00
