4.042401123046875000e+02 8.991802368164062500e+02 4.831747741699218750e+02 1.080000000000000000e+03 7.972322106361389160e-01 0.000000000000000000e+00
5.219382324218750000e+02 9.007749633789062500e+02 6.071931152343750000e+02 1.080000000000000000e+03 7.721339464187622070e-01 0.000000000000000000e+00
1.686291137695312500e+03 8.716235961914062500e+02 1.756560058593750000e+03 1.071860351562500000e+03 6.996350288391113281e-01 0.000000000000000000e+00
1.152312988281250000e+03 7.746627197265625000e+02 1.201691528320312500e+03 9.122615356445312500e+02 6.976616978645324707e-01 0.000000000000000000e+00
7.186146240234375000e+02 7.506549682617187500e+02 7.782070312500000000e+02 9.089710693359375000e+02 6.823869943618774414e-01 0.000000000000000000e+00
3.265669250488281250e+01 7.955105590820312500e+02 9.665084838867187500e+01 9.505357055664062500e+02 6.722666025161743164e-01 0.000000000000000000e+00
2.259107666015625000e+02 8.324902954101562500e+02 2.917244873046875000e+02 1.009879211425781250e+03 6.704583168029785156e-01 0.000000000000000000e+00
1.076425781250000000e+03 2.868157958984375000e+02 1.248319702148437500e+03 4.561354370117187500e+02 6.661348342895507812e-01 6.200000000000000000e+01
1.216728637695312500e+03 7.863709716796875000e+02 1.270951904296875000e+03 9.282079467773437500e+02 6.505244374275207520e-01 0.000000000000000000e+00
1.744551757812500000e+03 9.019669189453125000e+02 1.801150756835937500e+03 1.069681030273437500e+03 6.255165338516235352e-01 0.000000000000000000e+00
1.089360595703125000e+03 7.804427490234375000e+02 1.133005249023437500e+03 9.088425292968750000e+02 6.016764640808105469e-01 0.000000000000000000e+00
1.628296630859375000e+03 7.313106689453125000e+02 1.702456176757812500e+03 8.774394531250000000e+02 5.650685429573059082e-01 0.000000000000000000e+00
1.611586303710937500e+02 8.086484985351562500e+02 2.177126464843750000e+02 9.673527832031250000e+02 5.206272006034851074e-01 0.000000000000000000e+00
8.372587280273437500e+02 7.735021362304687500e+02 8.803037109375000000e+02 9.081368408203125000e+02 5.110893249511718750e-01 0.000000000000000000e+00
9.905614624023437500e+02 8.238860473632812500e+02 1.047802612304687500e+03 1.005912292480468750e+03 4.849733710289001465e-01 0.000000000000000000e+00
7.695557250976562500e+02 7.602570800781250000e+02 8.232160644531250000e+02 9.189675903320312500e+02 4.771638512611389160e-01 0.000000000000000000e+00
1.361446044921875000e+03 7.600031127929687500e+02 1.405666625976562500e+03 8.732631835937500000e+02 4.714078009128570557e-01 0.000000000000000000e+00
5.940197143554687500e+02 9.263829345703125000e+02 6.710958251953125000e+02 1.079104980468750000e+03 4.708487689495086670e-01 0.000000000000000000e+00
7.161591186523437500e+02 9.279005737304687500e+02 7.818483276367187500e+02 1.076538085937500000e+03 4.292893409729003906e-01 0.000000000000000000e+00
8.531199340820312500e+02 5.849494018554687500e+02 9.526654052734375000e+02 6.456386718750000000e+02 3.826462328433990479e-01 2.000000000000000000e+00
1.766612670898437500e+03 5.992702026367187500e+02 1.803160522460937500e+03 6.538714599609375000e+02 3.703253269195556641e-01 7.400000000000000000e+01
1.194757080078125000e+03 6.348171386718750000e+02 1.234798217773437500e+03 7.392863769531250000e+02 3.031325638294219971e-01 0.000000000000000000e+00
