1.080379638671875000e+03 7.389857177734375000e+02 1.116432006835937500e+03 8.404468383789062500e+02 7.444878816604614258e-01 0.000000000000000000e+00
1.704514465332031250e+02 8.542407226562500000e+02 2.282238922119140625e+02 1.028151489257812500e+03 7.363233566284179688e-01 0.000000000000000000e+00
5.589855346679687500e+02 7.998170166015625000e+02 6.038634033203125000e+02 9.325362548828125000e+02 7.283022403717041016e-01 0.000000000000000000e+00
4.534689331054687500e+02 7.286823730468750000e+02 4.896969909667968750e+02 8.314312744140625000e+02 6.498486995697021484e-01 0.000000000000000000e+00
4.897027587890625000e+02 7.340493164062500000e+02 5.264224243164062500e+02 8.367780761718750000e+02 6.244251728057861328e-01 0.000000000000000000e+00
1.133631958007812500e+03 6.787774658203125000e+02 1.167036621093750000e+03 7.638881835937500000e+02 5.989066958427429199e-01 0.000000000000000000e+00
2.529856262207031250e+02 8.506556396484375000e+02 3.233099670410156250e+02 1.065305053710937500e+03 5.954373478889465332e-01 0.000000000000000000e+00
9.030655517578125000e+02 7.341170654296875000e+02 9.689492797851562500e+02 9.103672485351562500e+02 5.856142044067382812e-01 0.000000000000000000e+00
3.727912902832031250e-01 9.234240112304687500e+02 7.620380401611328125e+01 1.074556274414062500e+03 5.785633325576782227e-01 0.000000000000000000e+00
1.250487182617187500e+03 7.456157836914062500e+02 1.281769775390625000e+03 8.488759155273437500e+02 5.643423199653625488e-01 0.000000000000000000e+00
1.117239135742187500e+03 7.495258178710937500e+02 1.149898681640625000e+03 8.435398559570312500e+02 5.550822019577026367e-01 0.000000000000000000e+00
1.287849853515625000e+03 7.450780029296875000e+02 1.322983520507812500e+03 8.493082275390625000e+02 4.931738078594207764e-01 0.000000000000000000e+00
1.846074371337890625e+02 7.342553710937500000e+02 2.334982452392578125e+02 8.626842651367187500e+02 4.893312156200408936e-01 0.000000000000000000e+00
3.173169250488281250e+02 9.453563842773437500e+02 4.138391723632812500e+02 1.080000000000000000e+03 4.501960575580596924e-01 0.000000000000000000e+00
1.463260803222656250e+02 7.253773193359375000e+02 1.911269531250000000e+02 8.571590576171875000e+02 4.436308145523071289e-01 0.000000000000000000e+00
3.761107482910156250e+02 7.272398681640625000e+02 4.125875549316406250e+02 8.139254760742187500e+02 4.060235619544982910e-01 0.000000000000000000e+00
6.621489715576171875e+01 6.777279663085937500e+02 1.106672058105468750e+02 7.955345458984375000e+02 3.989723026752471924e-01 0.000000000000000000e+00
2.952339782714843750e+02 9.527437133789062500e+02 3.642734375000000000e+02 1.080000000000000000e+03 3.857980072498321533e-01 0.000000000000000000e+00
7.956533432006835938e-01 8.334503173828125000e+02 3.623998260498046875e+01 9.624164428710937500e+02 3.837335407733917236e-01 0.000000000000000000e+00
1.086577636718750000e+03 7.448789062500000000e+02 1.144869140625000000e+03 8.427235107421875000e+02 3.782603740692138672e-01 0.000000000000000000e+00
1.394300937652587891e+00 6.679656982421875000e+02 3.708592987060546875e+01 7.818853149414062500e+02 3.575544655323028564e-01 0.000000000000000000e+00
1.122519287109375000e+03 7.004311523437500000e+02 1.157746704101562500e+03 8.344138183593750000e+02 3.512386083602905273e-01 0.000000000000000000e+00
9.048319702148437500e+02 6.565563354492187500e+02 9.311660156250000000e+02 7.155148315429687500e+02 2.507391571998596191e-01 0.000000000000000000e+00
