3.581825561523437500e+02 8.601941528320312500e+02 4.223572998046875000e+02 1.042624877929687500e+03 8.287178277969360352e-01 0.000000000000000000e+00
2.429763336181640625e+02 7.741049194335937500e+02 2.948229980468750000e+02 9.220372924804687500e+02 7.502681612968444824e-01 0.000000000000000000e+00
5.338921737670898438e+01 2.834741210937500000e+02 3.648245544433593750e+02 6.188999023437500000e+02 6.565904021263122559e-01 6.200000000000000000e+01
4.061027526855468750e+02 7.535579223632812500e+02 4.457282409667968750e+02 8.773776855468750000e+02 6.362839341163635254e-01 0.000000000000000000e+00
6.852023315429687500e+02 8.380739746093750000e+02 7.435588989257812500e+02 9.937407226562500000e+02 5.744982361793518066e-01 0.000000000000000000e+00
3.526717224121093750e+02 7.618939819335937500e+02 3.947536926269531250e+02 8.721707153320312500e+02 5.710570812225341797e-01 0.000000000000000000e+00
8.255194702148437500e+02 7.445913085937500000e+02 8.544797973632812500e+02 8.439913940429687500e+02 5.369447469711303711e-01 0.000000000000000000e+00
1.062076904296875000e+03 8.114973144531250000e+02 1.105403442382812500e+03 9.214960937500000000e+02 5.075242519378662109e-01 0.000000000000000000e+00
1.232346923828125000e+03 8.231589355468750000e+02 1.275738525390625000e+03 9.598641967773437500e+02 4.846325218677520752e-01 0.000000000000000000e+00
1.019424682617187500e+03 8.062362670898437500e+02 1.072824218750000000e+03 9.222789916992187500e+02 4.818049669265747070e-01 0.000000000000000000e+00
1.294562988281250000e+03 8.506105957031250000e+02 1.342681518554687500e+03 1.022865051269531250e+03 4.755788743495941162e-01 0.000000000000000000e+00
8.723877563476562500e+02 8.053365478515625000e+02 9.151727294921875000e+02 9.051596069335937500e+02 4.702897369861602783e-01 0.000000000000000000e+00
1.093754516601562500e+03 6.905935058593750000e+02 1.126249267578125000e+03 7.925336303710937500e+02 4.238312542438507080e-01 0.000000000000000000e+00
5.233588867187500000e+02 7.166380004882812500e+02 5.587413940429687500e+02 8.326860351562500000e+02 4.082234501838684082e-01 0.000000000000000000e+00
6.241225585937500000e+02 7.132513427734375000e+02 6.610802001953125000e+02 8.303824462890625000e+02 3.888998925685882568e-01 0.000000000000000000e+00
1.323539062500000000e+03 8.129604492187500000e+02 1.374491699218750000e+03 9.835166015625000000e+02 3.869659006595611572e-01 0.000000000000000000e+00
8.611267700195312500e+02 7.437167968750000000e+02 8.958999633789062500e+02 8.385121459960937500e+02 3.786333799362182617e-01 0.000000000000000000e+00
1.067545654296875000e+03 6.984769897460937500e+02 1.096256469726562500e+03 7.796488647460937500e+02 3.599725365638732910e-01 0.000000000000000000e+00
6.733826293945312500e+02 7.783245849609375000e+02 7.109811401367187500e+02 8.722549438476562500e+02 3.534596860408782959e-01 0.000000000000000000e+00
8.996065673828125000e+02 7.471862182617187500e+02 9.320861816406250000e+02 8.414395751953125000e+02 3.390578627586364746e-01 0.000000000000000000e+00
6.578651123046875000e+02 7.184046630859375000e+02 6.905295410156250000e+02 8.092062988281250000e+02 3.388434052467346191e-01 0.000000000000000000e+00
1.269594116210937500e+03 8.472383422851562500e+02 1.314750122070312500e+03 9.768546752929687500e+02 3.294007480144500732e-01 0.000000000000000000e+00
1.142022338867187500e+03 6.730864257812500000e+02 1.167592529296875000e+03 7.539901123046875000e+02 2.807289659976959229e-01 0.000000000000000000e+00
5.592944335937500000e+02 7.321298828125000000e+02 5.996572265625000000e+02 8.350479736328125000e+02 2.744454741477966309e-01 0.000000000000000000e+00
1.177190307617187500e+03 7.145460815429687500e+02 1.211321899414062500e+03 7.880440673828125000e+02 2.712714970111846924e-01 0.000000000000000000e+00
7.206835327148437500e+02 7.808615112304687500e+02 7.658618774414062500e+02 8.975635986328125000e+02 2.587468922138214111e-01 0.000000000000000000e+00
