5.974420776367187500e+02 3.493332824707031250e+02 6.606117553710937500e+02 4.076174926757812500e+02 6.933970451354980469e-01 3.000000000000000000e+00
1.264181152343750000e+03 4.160047302246093750e+02 1.299490600585937500e+03 4.944680786132812500e+02 6.616054177284240723e-01 0.000000000000000000e+00
3.364337463378906250e+02 2.187891845703125000e+02 4.001718750000000000e+02 2.526579437255859375e+02 6.207978725433349609e-01 3.000000000000000000e+00
1.055180175781250000e+03 6.393932495117187500e+02 1.106597656250000000e+03 7.464629516601562500e+02 6.113918423652648926e-01 0.000000000000000000e+00
3.953886108398437500e+02 4.268307495117187500e+02 4.613215942382812500e+02 4.747946777343750000e+02 6.058852076530456543e-01 3.000000000000000000e+00
1.220343994140625000e+03 4.111555480957031250e+02 1.258236328125000000e+03 4.886500854492187500e+02 5.804067850112915039e-01 0.000000000000000000e+00
5.368048095703125000e+02 5.744895019531250000e+02 5.994630737304687500e+02 6.472795410156250000e+02 5.780511498451232910e-01 3.000000000000000000e+00
5.017311706542968750e+02 3.704898376464843750e+02 5.488129882812500000e+02 4.218897094726562500e+02 5.398565530776977539e-01 3.000000000000000000e+00
1.723386840820312500e+02 2.041237640380859375e+02 1.910521087646484375e+02 2.526858062744140625e+02 5.311594605445861816e-01 0.000000000000000000e+00
9.099738769531250000e+02 1.408529052734375000e+02 1.094859130859375000e+03 2.847389221191406250e+02 5.276694297790527344e-01 7.000000000000000000e+00
4.257090454101562500e+02 1.462639160156250000e+02 4.710547790527343750e+02 1.803993835449218750e+02 5.083487033843994141e-01 2.000000000000000000e+00
5.917841186523437500e+02 5.944958496093750000e+02 6.692774658203125000e+02 6.726029663085937500e+02 4.967189133167266846e-01 3.000000000000000000e+00
2.202814483642578125e+02 5.919123535156250000e+02 2.885243835449218750e+02 6.577390136718750000e+02 4.947590827941894531e-01 3.000000000000000000e+00
4.348529663085937500e+02 3.152657470703125000e+02 4.920341796875000000e+02 3.616109008789062500e+02 4.820893406867980957e-01 3.000000000000000000e+00
2.662940368652343750e+02 2.717845458984375000e+02 3.275476379394531250e+02 3.206785888671875000e+02 4.775302708148956299e-01 3.000000000000000000e+00
8.020361328125000000e+02 4.178901672363281250e+02 8.730650024414062500e+02 4.815644836425781250e+02 4.708962738513946533e-01 3.000000000000000000e+00
1.310218017578125000e+03 5.678841552734375000e+02 1.358785156250000000e+03 6.929028320312500000e+02 4.568444788455963135e-01 0.000000000000000000e+00
0.000000000000000000e+00 4.997281494140625000e+02 4.530798339843750000e+01 5.578181762695312500e+02 4.567276835441589355e-01 3.000000000000000000e+00
3.490991210937500000e+02 6.582360839843750000e+02 4.330748901367187500e+02 7.449923095703125000e+02 4.470158815383911133e-01 3.000000000000000000e+00
7.819743652343750000e+02 1.581472320556640625e+02 7.977854003906250000e+02 2.016797637939453125e+02 4.465195238590240479e-01 0.000000000000000000e+00
7.261190185546875000e+02 3.793482055664062500e+02 7.767160034179687500e+02 4.497256469726562500e+02 4.377767145633697510e-01 3.000000000000000000e+00
5.569316406250000000e+02 2.653079528808593750e+02 6.039652709960937500e+02 3.028580322265625000e+02 4.347311258316040039e-01 3.000000000000000000e+00
1.970850830078125000e+02 2.608599243164062500e+02 2.674095764160156250e+02 3.059267578125000000e+02 4.202069938182830811e-01 3.000000000000000000e+00
1.268414062500000000e+03 5.919304199218750000e+02 1.323930786132812500e+03 6.852659301757812500e+02 4.160203635692596436e-01 0.000000000000000000e+00
6.101524047851562500e+02 6.071417236328125000e+02 7.823551025390625000e+02 6.882809448242187500e+02 4.090205132961273193e-01 3.000000000000000000e+00
6.663471069335937500e+02 2.894454956054687500e+02 7.234133911132812500e+02 3.301302795410156250e+02 4.072835743427276611e-01 3.000000000000000000e+00
1.309562744140625000e+03 4.336250610351562500e+02 1.360000000000000000e+03 4.855523376464843750e+02 4.045944213867187500e-01 3.000000000000000000e+00
6.605492553710937500e+02 3.666008911132812500e+02 7.180840454101562500e+02 4.257223510742187500e+02 3.978055119514465332e-01 3.000000000000000000e+00
1.676225128173828125e+02 5.622544555664062500e+02 2.295577545166015625e+02 6.268048095703125000e+02 3.854133784770965576e-01 3.000000000000000000e+00
3.294736938476562500e+02 2.807587280273437500e+02 3.891337585449218750e+02 3.330299072265625000e+02 3.820462226867675781e-01 3.000000000000000000e+00
2.734986877441406250e+02 6.327273559570312500e+02 3.588378295898437500e+02 6.939243774414062500e+02 3.791444301605224609e-01 3.000000000000000000e+00
8.064868774414062500e+02 1.584164733886718750e+02 8.202445068359375000e+02 1.992681427001953125e+02 3.509567379951477051e-01 0.000000000000000000e+00
4.885476379394531250e+02 5.650899658203125000e+02 5.410723266601562500e+02 6.357578735351562500e+02 3.420037627220153809e-01 3.000000000000000000e+00
1.028756469726562500e+03 3.786210632324218750e+02 1.051674316406250000e+03 4.265964660644531250e+02 3.394678831100463867e-01 0.000000000000000000e+00
3.885195007324218750e+02 2.944884033203125000e+02 4.574772033691406250e+02 3.456053161621093750e+02 3.284682035446166992e-01 3.000000000000000000e+00
3.602468261718750000e+02 2.898777770996093750e+02 4.289809875488281250e+02 3.388036193847656250e+02 3.283342123031616211e-01 3.000000000000000000e+00
4.467068481445312500e+02 7.014420166015625000e+02 5.412655029296875000e+02 7.639812622070312500e+02 2.955791652202606201e-01 2.000000000000000000e+00
8.225126953125000000e+02 1.984070281982421875e+02 8.412261352539062500e+02 2.403755187988281250e+02 2.902726233005523682e-01 0.000000000000000000e+00
8.929354248046875000e+02 3.117901611328125000e+02 9.635050048828125000e+02 3.764959716796875000e+02 2.854777872562408447e-01 3.000000000000000000e+00
7.351137695312500000e+02 3.257972412109375000e+02 8.132623901367187500e+02 3.881646423339843750e+02 2.664553821086883545e-01 3.000000000000000000e+00
6.918530883789062500e+02 6.279945678710937500e+02 7.963435668945312500e+02 7.160411987304687500e+02 2.647326886653900146e-01 3.000000000000000000e+00
1.067217407226562500e+03 3.753196411132812500e+02 1.087328369140625000e+03 4.280595397949218750e+02 2.627956569194793701e-01 0.000000000000000000e+00
