1.826116943359375000e+02 4.083418579101562500e+02 2.411988983154296875e+02 4.351591186523437500e+02 7.688198685646057129e-01 2.000000000000000000e+00
5.181607666015625000e+02 4.178393859863281250e+02 5.459981689453125000e+02 4.517610473632812500e+02 7.201266288757324219e-01 2.000000000000000000e+00
2.517878723144531250e+02 4.788457946777343750e+02 2.858787536621093750e+02 5.196824340820312500e+02 7.078093290328979492e-01 2.000000000000000000e+00
3.319846801757812500e+02 5.067986145019531250e+02 3.647088623046875000e+02 5.394777221679687500e+02 6.251917481422424316e-01 2.000000000000000000e+00
1.864265899658203125e+02 3.899434204101562500e+02 2.549960174560546875e+02 4.237093505859375000e+02 5.454010963439941406e-01 2.000000000000000000e+00
2.189814605712890625e+02 5.171315307617187500e+02 2.496341400146484375e+02 5.400000000000000000e+02 5.379679203033447266e-01 2.000000000000000000e+00
3.063803100585937500e+02 3.780335083007812500e+02 3.264941101074218750e+02 4.054533691406250000e+02 5.170585513114929199e-01 2.000000000000000000e+00
4.412334899902343750e+02 3.027624206542968750e+02 4.574844665527343750e+02 3.209387817382812500e+02 4.848034083843231201e-01 2.000000000000000000e+00
4.609406738281250000e+02 2.290763854980468750e+02 4.743286132812500000e+02 2.420710601806640625e+02 4.183529913425445557e-01 2.000000000000000000e+00
4.425577697753906250e+02 2.679055480957031250e+02 4.594129028320312500e+02 2.820150146484375000e+02 3.872228860855102539e-01 2.000000000000000000e+00
7.203858032226562500e+02 5.005259399414062500e+02 7.673352050781250000e+02 5.371005859375000000e+02 3.466452360153198242e-01 3.000000000000000000e+00
2.108874816894531250e+02 3.246464538574218750e+02 2.400249633789062500e+02 3.420125427246093750e+02 2.740323841571807861e-01 2.000000000000000000e+00
4.450645141601562500e+02 2.395207214355468750e+02 4.595104370117187500e+02 2.522128143310546875e+02 2.582137584686279297e-01 2.000000000000000000e+00
