1.230280883789062500e+03 4.222456054687500000e+02 1.314489624023437500e+03 4.801582641601562500e+02 8.384615182876586914e-01 2.000000000000000000e+00
1.138298217773437500e+03 3.427217407226562500e+02 1.215421508789062500e+03 3.877088623046875000e+02 8.130268454551696777e-01 2.000000000000000000e+00
1.214024414062500000e+03 5.301707763671875000e+02 1.356470458984375000e+03 5.987185058593750000e+02 7.848812341690063477e-01 2.000000000000000000e+00
2.390977478027343750e+02 4.244476623535156250e+02 3.105071716308593750e+02 4.899797973632812500e+02 7.618629932403564453e-01 2.000000000000000000e+00
4.774951782226562500e+02 3.662378845214843750e+02 5.312944946289062500e+02 4.333137817382812500e+02 7.416670918464660645e-01 2.000000000000000000e+00
1.743064117431640625e+02 3.476450805664062500e+02 2.680980834960937500e+02 3.917807312011718750e+02 7.284224629402160645e-01 2.000000000000000000e+00
7.571211547851562500e+02 2.770681457519531250e+02 7.990697631835937500e+02 3.123664245605468750e+02 6.964807510375976562e-01 2.000000000000000000e+00
9.295317077636718750e+01 3.776890258789062500e+02 2.085029602050781250e+02 4.318933105468750000e+02 6.775635480880737305e-01 2.000000000000000000e+00
7.570543670654296875e+01 4.142542419433593750e+02 1.996752624511718750e+02 4.727086181640625000e+02 6.537381410598754883e-01 2.000000000000000000e+00
3.824862060546875000e+02 2.683924560546875000e+02 4.257375183105468750e+02 3.038468017578125000e+02 6.455811858177185059e-01 2.000000000000000000e+00
6.795467529296875000e+02 2.570907287597656250e+02 7.155778808593750000e+02 2.924366149902343750e+02 5.864669680595397949e-01 2.000000000000000000e+00
1.892494506835937500e+02 4.743378906250000000e+02 2.661292419433593750e+02 5.445622558593750000e+02 5.816361904144287109e-01 2.000000000000000000e+00
3.010273132324218750e+02 3.446708679199218750e+02 3.552623596191406250e+02 3.961677551269531250e+02 5.564044117927551270e-01 2.000000000000000000e+00
1.196208129882812500e+03 2.851015930175781250e+02 1.260481811523437500e+03 3.263264465332031250e+02 5.456919670104980469e-01 2.000000000000000000e+00
5.521895141601562500e+02 1.818640136718750000e+02 5.889489746093750000e+02 2.258673095703125000e+02 5.099617242813110352e-01 2.000000000000000000e+00
6.103248901367187500e+02 2.060845336914062500e+02 6.515016479492187500e+02 2.460361022949218750e+02 4.823884367942810059e-01 2.000000000000000000e+00
5.477333984375000000e+02 6.320194702148437500e+02 6.276248168945312500e+02 7.561004638671875000e+02 4.818316102027893066e-01 2.000000000000000000e+00
2.718986206054687500e+02 2.963002014160156250e+02 3.555875244140625000e+02 3.398411254882812500e+02 4.580019712448120117e-01 2.000000000000000000e+00
1.132172119140625000e+03 2.788323669433593750e+02 1.175731445312500000e+03 3.150813598632812500e+02 4.344230294227600098e-01 2.000000000000000000e+00
1.006853515625000000e+03 2.196974182128906250e+02 1.055851196289062500e+03 2.533283996582031250e+02 4.070625305175781250e-01 2.000000000000000000e+00
8.824208374023437500e+02 1.613568572998046875e+02 9.343182373046875000e+02 1.938082427978515625e+02 3.946979045867919922e-01 2.000000000000000000e+00
8.954965209960937500e+02 1.891993103027343750e+02 9.459769287109375000e+02 2.149480743408203125e+02 3.659020662307739258e-01 2.000000000000000000e+00
1.020755798339843750e+03 1.655985260009765625e+02 1.075401977539062500e+03 2.034914245605468750e+02 3.280124366283416748e-01 2.000000000000000000e+00
6.789821777343750000e+02 1.259619903564453125e+02 7.056243286132812500e+02 1.498340606689453125e+02 3.172122538089752197e-01 2.000000000000000000e+00
1.092212890625000000e+03 2.975176696777343750e+02 1.144723876953125000e+03 3.394545288085937500e+02 3.049936890602111816e-01 2.000000000000000000e+00
5.472989501953125000e+02 6.349846191406250000e+02 6.268873901367187500e+02 7.522961425781250000e+02 2.695243060588836670e-01 7.000000000000000000e+00
