7.084379272460937500e+02 1.853355102539062500e+02 7.320996093750000000e+02 2.031587219238281250e+02 5.906518697738647461e-01 2.000000000000000000e+00
6.054880371093750000e+02 1.567248229980468750e+02 6.249952392578125000e+02 1.728007659912109375e+02 5.842128396034240723e-01 2.000000000000000000e+00
5.141575927734375000e+02 2.696413269042968750e+02 5.395330200195312500e+02 3.064240112304687500e+02 5.587983727455139160e-01 2.000000000000000000e+00
4.536277160644531250e+02 3.551752319335937500e+02 4.827402954101562500e+02 3.906319885253906250e+02 4.951555728912353516e-01 2.000000000000000000e+00
5.118874511718750000e+02 2.106753082275390625e+02 5.296212768554687500e+02 2.328335876464843750e+02 4.925383925437927246e-01 2.000000000000000000e+00
4.495884704589843750e+02 4.128016967773437500e+02 4.754692382812500000e+02 4.386732177734375000e+02 4.086585938930511475e-01 2.000000000000000000e+00
5.628021240234375000e+02 4.188705139160156250e+02 5.744255371093750000e+02 4.473129272460937500e+02 3.943970203399658203e-01 0.000000000000000000e+00
4.627911071777343750e+02 2.630827331542968750e+02 4.841689453125000000e+02 2.922738952636718750e+02 3.785484433174133301e-01 2.000000000000000000e+00
6.933421020507812500e+02 2.193068847656250000e+02 7.021600341796875000e+02 2.375551300048828125e+02 3.654758036136627197e-01 9.000000000000000000e+00
5.674168090820312500e+02 4.957637634277343750e+02 5.786153564453125000e+02 5.277963867187500000e+02 3.240531384944915771e-01 0.000000000000000000e+00
4.591112670898437500e+02 3.158206481933593750e+02 4.808362731933593750e+02 3.504715270996093750e+02 2.701587378978729248e-01 2.000000000000000000e+00
5.498698730468750000e+02 2.463885955810546875e+02 5.576421508789062500e+02 2.638312988281250000e+02 2.611997425556182861e-01 0.000000000000000000e+00
4.672760314941406250e+02 2.328136596679687500e+02 4.861028442382812500e+02 2.589502563476562500e+02 2.598666548728942871e-01 2.000000000000000000e+00
