1.262051147460937500e+03 4.735758361816406250e+02 1.360000000000000000e+03 5.464268798828125000e+02 8.550802469253540039e-01 2.000000000000000000e+00
0.000000000000000000e+00 3.724303283691406250e+02 6.506802368164062500e+01 4.260205078125000000e+02 8.415139317512512207e-01 2.000000000000000000e+00
1.157398437500000000e+03 4.357548828125000000e+02 1.251271728515625000e+03 5.067063903808593750e+02 8.156168460845947266e-01 2.000000000000000000e+00
1.027704956054687500e+03 3.635230712890625000e+02 1.103225097656250000e+03 4.188179626464843750e+02 7.970604300498962402e-01 2.000000000000000000e+00
1.339240264892578125e+02 5.304167480468750000e+02 1.544630737304687500e+02 5.889768066406250000e+02 7.296759486198425293e-01 0.000000000000000000e+00
6.252775878906250000e+02 1.777905578613281250e+02 6.455625000000000000e+02 1.984154052734375000e+02 5.290766358375549316e-01 2.000000000000000000e+00
3.498410949707031250e+02 3.907936401367187500e+02 3.658236083984375000e+02 4.310343933105468750e+02 5.046550631523132324e-01 0.000000000000000000e+00
1.122765991210937500e+03 2.468767089843750000e+02 1.190689941406250000e+03 2.869190368652343750e+02 5.045951008796691895e-01 2.000000000000000000e+00
1.164238281250000000e+03 2.721928100585937500e+02 1.231299438476562500e+03 3.131133728027343750e+02 4.864477217197418213e-01 2.000000000000000000e+00
1.021762924194335938e+02 3.467533264160156250e+02 1.487869567871093750e+02 3.777800903320312500e+02 4.842852354049682617e-01 2.000000000000000000e+00
1.064862548828125000e+03 2.873634338378906250e+02 1.139959716796875000e+03 3.278170471191406250e+02 4.781544804573059082e-01 2.000000000000000000e+00
1.060311035156250000e+03 2.144969177246093750e+02 1.135497924804687500e+03 2.503483581542968750e+02 4.229552149772644043e-01 2.000000000000000000e+00
2.054022827148437500e+02 2.962756652832031250e+02 2.450930175781250000e+02 3.222495117187500000e+02 3.837515413761138916e-01 2.000000000000000000e+00
3.286661376953125000e+02 3.976142883300781250e+02 3.435152587890625000e+02 4.320083312988281250e+02 3.681230247020721436e-01 0.000000000000000000e+00
7.358278808593750000e+02 2.410948333740234375e+02 7.498783569335937500e+02 2.749947509765625000e+02 3.355610966682434082e-01 9.000000000000000000e+00
1.155210083007812500e+03 4.472409973144531250e+02 1.351155273437500000e+03 5.182648315429687500e+02 3.112502098083496094e-01 2.000000000000000000e+00
3.308255004882812500e+02 3.929933776855468750e+02 3.530671691894531250e+02 4.374817504882812500e+02 2.921614944934844971e-01 0.000000000000000000e+00
9.929912109375000000e+02 2.742945861816406250e+02 1.082441894531250000e+03 3.247106018066406250e+02 2.752028405666351318e-01 2.000000000000000000e+00
7.121437377929687500e+02 1.657202301025390625e+02 7.376202392578125000e+02 1.846380004882812500e+02 2.633245587348937988e-01 2.000000000000000000e+00
