1.149657714843750000e+03 3.808690490722656250e+02 1.235367919921875000e+03 4.397422790527343750e+02 8.406773209571838379e-01 2.000000000000000000e+00
1.080365600585937500e+03 2.891730957031250000e+02 1.139695190429687500e+03 3.263219909667968750e+02 8.014970421791076660e-01 2.000000000000000000e+00
7.235349121093750000e+02 1.625252685546875000e+02 7.613944091796875000e+02 1.820502014160156250e+02 7.190866470336914062e-01 2.000000000000000000e+00
3.149652862548828125e+01 2.778500061035156250e+02 1.715860290527343750e+02 4.689450073242187500e+02 6.992403268814086914e-01 7.000000000000000000e+00
5.690065917968750000e+02 1.913072509765625000e+02 6.648137207031250000e+02 2.335652923583984375e+02 6.182106137275695801e-01 5.000000000000000000e+00
8.200454101562500000e+02 1.724720458984375000e+02 1.023197937011718750e+03 2.759528198242187500e+02 6.080033183097839355e-01 5.000000000000000000e+00
3.115362548828125000e+01 2.831201171875000000e+02 1.718996124267578125e+02 4.658809509277343750e+02 4.837129712104797363e-01 5.000000000000000000e+00
1.092413452148437500e+03 1.903193969726562500e+02 1.136416870117187500e+03 2.168939666748046875e+02 4.143766462802886963e-01 2.000000000000000000e+00
8.949696044921875000e+02 1.034116744995117188e+02 1.059947265625000000e+03 1.507675170898437500e+02 4.136908054351806641e-01 5.000000000000000000e+00
4.182498474121093750e+02 1.402112884521484375e+02 4.450395812988281250e+02 1.758304901123046875e+02 3.702848851680755615e-01 5.000000000000000000e+00
7.874799804687500000e+02 1.813775787353515625e+02 8.298414916992187500e+02 2.296038513183593750e+02 3.685395121574401855e-01 5.000000000000000000e+00
4.283740844726562500e+02 1.397666473388671875e+02 4.747295227050781250e+02 1.777344818115234375e+02 3.412232100963592529e-01 5.000000000000000000e+00
4.909111633300781250e+02 1.731809387207031250e+02 5.259045410156250000e+02 1.983699493408203125e+02 3.376043140888214111e-01 2.000000000000000000e+00
1.347126464843750000e+03 5.681974487304687500e+02 1.360000000000000000e+03 6.081812744140625000e+02 3.042564690113067627e-01 2.000000000000000000e+00
3.498101196289062500e+02 1.332900085449218750e+02 3.817756652832031250e+02 1.638017272949218750e+02 2.930040359497070312e-01 2.000000000000000000e+00
7.861092529296875000e+02 1.803361053466796875e+02 8.293547973632812500e+02 2.300349273681640625e+02 2.915798723697662354e-01 7.000000000000000000e+00
7.114669799804687500e+02 1.357191314697265625e+02 7.331926879882812500e+02 1.587865142822265625e+02 2.882622778415679932e-01 2.000000000000000000e+00
1.238268432617187500e+03 2.001824951171875000e+02 1.288031860351562500e+03 2.273260192871093750e+02 2.753966152667999268e-01 2.000000000000000000e+00
