2.458668060302734375e+02 4.926780090332031250e+02 3.741083679199218750e+02 5.614392089843750000e+02 8.243091702461242676e-01 2.000000000000000000e+00
1.024452743530273438e+02 4.563503112792968750e+02 2.207171783447265625e+02 5.161497802734375000e+02 7.964431643486022949e-01 2.000000000000000000e+00
4.438851318359375000e+02 4.127994995117187500e+02 5.473527832031250000e+02 4.862136230468750000e+02 7.852158546447753906e-01 2.000000000000000000e+00
9.325154418945312500e+02 4.885480346679687500e+02 1.077082153320312500e+03 5.523715209960937500e+02 7.715542912483215332e-01 2.000000000000000000e+00
5.238154296875000000e+02 3.664404602050781250e+02 6.212790527343750000e+02 4.271385498046875000e+02 7.622173428535461426e-01 2.000000000000000000e+00
9.994655151367187500e+02 4.595838928222656250e+02 1.125850463867187500e+03 5.186291503906250000e+02 7.573812007904052734e-01 2.000000000000000000e+00
4.297169189453125000e+02 3.619986572265625000e+02 5.234144287109375000e+02 4.239255981445312500e+02 7.507815957069396973e-01 2.000000000000000000e+00
3.856755065917968750e+02 5.263146362304687500e+02 5.043641052246093750e+02 6.141218872070312500e+02 7.467026710510253906e-01 2.000000000000000000e+00
2.759612731933593750e+02 6.619467773437500000e+02 4.182528991699218750e+02 7.624415893554687500e+02 7.417990565299987793e-01 2.000000000000000000e+00
6.653727722167968750e+01 3.528292846679687500e+02 1.730190124511718750e+02 4.012717895507812500e+02 7.100645899772644043e-01 2.000000000000000000e+00
2.040456085205078125e+02 3.593423156738281250e+02 2.954512023925781250e+02 4.275850524902343750e+02 6.948227286338806152e-01 2.000000000000000000e+00
6.139511718750000000e+02 4.311001281738281250e+02 7.046817016601562500e+02 5.083632202148437500e+02 6.927522420883178711e-01 2.000000000000000000e+00
1.073753417968750000e+03 7.002058105468750000e+02 1.149840820312500000e+03 7.650000000000000000e+02 6.308868527412414551e-01 2.000000000000000000e+00
5.699490966796875000e+02 3.080579528808593750e+02 6.625416870117187500e+02 3.690286865234375000e+02 6.126062870025634766e-01 2.000000000000000000e+00
1.229169311523437500e+03 4.503821716308593750e+02 1.290940551757812500e+03 5.079732360839843750e+02 6.066416501998901367e-01 2.000000000000000000e+00
7.827238159179687500e+02 2.920664672851562500e+02 8.462357788085937500e+02 3.459408569335937500e+02 5.788242816925048828e-01 2.000000000000000000e+00
4.978816833496093750e+02 7.116160278320312500e+02 5.989072265625000000e+02 7.645831909179687500e+02 5.688276886940002441e-01 2.000000000000000000e+00
1.197993530273437500e+03 3.995103759765625000e+02 1.267072631835937500e+03 4.339687194824218750e+02 5.511957406997680664e-01 2.000000000000000000e+00
8.269911499023437500e+02 5.266465454101562500e+02 9.092793579101562500e+02 6.042088012695312500e+02 5.428032875061035156e-01 2.000000000000000000e+00
2.959230957031250000e+02 3.448861694335937500e+02 4.386099853515625000e+02 4.085231323242187500e+02 5.402148962020874023e-01 2.000000000000000000e+00
7.143248291015625000e+02 2.753469543457031250e+02 7.856301269531250000e+02 3.281291809082031250e+02 5.312172174453735352e-01 2.000000000000000000e+00
9.755849838256835938e-02 5.625256958007812500e+02 1.345426940917968750e+02 6.795279541015625000e+02 5.287246704101562500e-01 2.000000000000000000e+00
1.214616821289062500e+03 3.152888793945312500e+02 1.329107788085937500e+03 3.741719360351562500e+02 5.115774869918823242e-01 2.000000000000000000e+00
2.411537322998046875e+02 5.418079223632812500e+02 3.150128173828125000e+02 6.261965332031250000e+02 4.906172454357147217e-01 2.000000000000000000e+00
1.090081542968750000e+03 3.641016845703125000e+02 1.154924682617187500e+03 4.307787475585937500e+02 4.620295166969299316e-01 2.000000000000000000e+00
1.229486572265625000e+03 5.448684082031250000e+02 1.310642211914062500e+03 6.448887939453125000e+02 4.450319111347198486e-01 2.000000000000000000e+00
9.364036254882812500e+02 3.784529113769531250e+02 1.021632385253906250e+03 4.472403259277343750e+02 4.110037088394165039e-01 2.000000000000000000e+00
4.186681518554687500e+02 2.985248718261718750e+02 5.004763793945312500e+02 3.465425720214843750e+02 3.374259471893310547e-01 2.000000000000000000e+00
3.436737976074218750e+02 3.339185791015625000e+02 4.428368835449218750e+02 3.792043151855468750e+02 3.284550011157989502e-01 2.000000000000000000e+00
1.229748535156250000e+03 5.455810546875000000e+02 1.309149658203125000e+03 6.467133178710937500e+02 2.966439425945281982e-01 7.000000000000000000e+00
9.622185668945312500e+02 2.808409729003906250e+02 9.848702392578125000e+02 3.123193054199218750e+02 2.744685411453247070e-01 9.000000000000000000e+00
