1.005387634277343750e+03 4.690663757324218750e+02 1.141729492187500000e+03 5.282766113281250000e+02 8.910054564476013184e-01 2.000000000000000000e+00
7.990249633789062500e+01 4.217619628906250000e+02 1.615130004882812500e+02 4.912207336425781250e+02 8.845514059066772461e-01 2.000000000000000000e+00
1.065830200195312500e+03 5.585557861328125000e+02 1.181488891601562500e+03 6.390446166992187500e+02 8.782642483711242676e-01 2.000000000000000000e+00
3.937982940673828125e+01 3.511366271972656250e+02 1.319703979492187500e+02 4.240428466796875000e+02 8.556278944015502930e-01 2.000000000000000000e+00
1.141702026367187500e+03 6.765326538085937500e+02 1.276952880859375000e+03 7.639493408203125000e+02 8.540201783180236816e-01 2.000000000000000000e+00
1.106854858398437500e+03 6.082136840820312500e+02 1.230381591796875000e+03 7.006719360351562500e+02 8.510107994079589844e-01 2.000000000000000000e+00
2.763677835464477539e-01 4.368943786621093750e+02 4.779814529418945312e+01 5.115693664550781250e+02 8.206484317779541016e-01 2.000000000000000000e+00
3.780949401855468750e+02 3.717382812500000000e+02 4.439470520019531250e+02 4.469455871582031250e+02 8.094771504402160645e-01 2.000000000000000000e+00
2.296647796630859375e+02 2.093574066162109375e+02 3.226563720703125000e+02 2.461317443847656250e+02 8.055084347724914551e-01 2.000000000000000000e+00
2.056488647460937500e+02 4.448009948730468750e+02 3.368793029785156250e+02 5.205860595703125000e+02 7.911925911903381348e-01 2.000000000000000000e+00
8.555211181640625000e+02 7.101891479492187500e+02 1.031950805664062500e+03 7.639291992187500000e+02 7.864504456520080566e-01 2.000000000000000000e+00
7.727874145507812500e+02 5.757225341796875000e+02 8.385401000976562500e+02 6.889629516601562500e+02 7.795984745025634766e-01 2.000000000000000000e+00
1.059459838867187500e+02 2.806738891601562500e+02 1.836490783691406250e+02 3.287335510253906250e+02 7.650709152221679688e-01 2.000000000000000000e+00
4.183142089843750000e+02 2.827088928222656250e+02 4.699982299804687500e+02 3.481306457519531250e+02 7.154727578163146973e-01 2.000000000000000000e+00
8.455287475585937500e+02 2.697323303222656250e+02 8.970668334960937500e+02 3.149117431640625000e+02 6.917288899421691895e-01 2.000000000000000000e+00
7.383569335937500000e+02 3.286495666503906250e+02 7.844663696289062500e+02 3.798322448730468750e+02 6.478013396263122559e-01 2.000000000000000000e+00
7.419165039062500000e+02 4.884185180664062500e+02 8.132597656250000000e+02 5.764717407226562500e+02 6.002631187438964844e-01 2.000000000000000000e+00
4.932326354980468750e+02 2.604234619140625000e+02 5.311632080078125000e+02 3.183108215332031250e+02 5.948606133460998535e-01 2.000000000000000000e+00
3.470993347167968750e+02 1.336342010498046875e+02 4.096876220703125000e+02 1.763661041259765625e+02 5.855941176414489746e-01 2.000000000000000000e+00
7.287605590820312500e+02 2.901133117675781250e+02 7.730455932617187500e+02 3.328647460937500000e+02 5.314926505088806152e-01 2.000000000000000000e+00
3.571511840820312500e+02 1.735789489746093750e+02 4.009934692382812500e+02 2.121283264160156250e+02 5.218527913093566895e-01 2.000000000000000000e+00
2.438674774169921875e+02 4.219468383789062500e+02 3.301474914550781250e+02 4.630458068847656250e+02 5.068164467811584473e-01 2.000000000000000000e+00
6.232576904296875000e+02 9.802640533447265625e+01 6.496832275390625000e+02 1.246448364257812500e+02 4.704988002777099609e-01 2.000000000000000000e+00
2.180557861328125000e+02 2.641123657226562500e+02 3.306226196289062500e+02 3.945037841796875000e+02 4.465069472789764404e-01 7.000000000000000000e+00
6.858676757812500000e+02 1.988039398193359375e+02 7.173887329101562500e+02 2.358525238037109375e+02 4.323515594005584717e-01 2.000000000000000000e+00
8.850897827148437500e+02 1.683032379150390625e+02 9.316055908203125000e+02 2.118216400146484375e+02 4.160631299018859863e-01 2.000000000000000000e+00
7.692144165039062500e+02 4.320395202636718750e+02 8.651190185546875000e+02 4.885287170410156250e+02 4.138156771659851074e-01 2.000000000000000000e+00
7.388598632812500000e+02 2.402071838378906250e+02 7.857592773437500000e+02 2.760131225585937500e+02 3.972695171833038330e-01 2.000000000000000000e+00
3.722810058593750000e+02 3.590267944335937500e+01 4.138385314941406250e+02 6.990309906005859375e+01 3.730441331863403320e-01 2.000000000000000000e+00
6.844851684570312500e+02 9.609592437744140625e+01 7.219588623046875000e+02 1.285533447265625000e+02 3.658837974071502686e-01 2.000000000000000000e+00
9.824630126953125000e+02 4.377440185546875000e+02 9.998676757812500000e+02 4.739871215820312500e+02 3.543861210346221924e-01 0.000000000000000000e+00
3.425116271972656250e+02 8.351276397705078125e+01 3.897432861328125000e+02 1.202782897949218750e+02 3.434252142906188965e-01 2.000000000000000000e+00
2.193633575439453125e+02 2.615866394042968750e+02 3.312000427246093750e+02 3.957146301269531250e+02 3.269360363483428955e-01 5.000000000000000000e+00
6.402700195312500000e+02 1.423606681823730469e+01 6.696994018554687500e+02 3.266317749023437500e+01 2.983168959617614746e-01 2.000000000000000000e+00
4.129045104980468750e+02 9.725158691406250000e+01 4.452484130859375000e+02 1.261403274536132812e+02 2.963707745075225830e-01 2.000000000000000000e+00
4.843143310546875000e+02 1.509477539062500000e+02 5.257054443359375000e+02 2.004521942138671875e+02 2.939261496067047119e-01 2.000000000000000000e+00
6.984437255859375000e+02 1.597312316894531250e+02 7.323693237304687500e+02 1.898406066894531250e+02 2.917445600032806396e-01 2.000000000000000000e+00
5.044910583496093750e+02 9.818270111083984375e+01 5.523776245117187500e+02 1.287649841308593750e+02 2.885391116142272949e-01 2.000000000000000000e+00
7.850394897460937500e+02 5.514932632446289062e+00 8.180494995117187500e+02 3.249769973754882812e+01 2.801989018917083740e-01 2.000000000000000000e+00
9.212194213867187500e+02 3.278631591796875000e+02 9.365986938476562500e+02 3.600408630371093750e+02 2.511715590953826904e-01 0.000000000000000000e+00
