0.000000000000000000e+00 1.337054748535156250e+02 7.468424987792968750e+01 1.874034576416015625e+02 7.591826915740966797e-01 2.000000000000000000e+00
7.370057983398437500e+02 6.097361450195312500e+02 8.371773071289062500e+02 7.269738159179687500e+02 7.021124362945556641e-01 2.000000000000000000e+00
6.630023803710937500e+02 6.337501831054687500e+02 7.566983642578125000e+02 7.528513793945312500e+02 6.385549306869506836e-01 2.000000000000000000e+00
6.721517333984375000e+02 7.254429626464843750e+01 7.157282714843750000e+02 9.580899047851562500e+01 6.135535240173339844e-01 2.000000000000000000e+00
4.871996459960937500e+02 1.026723175048828125e+02 5.179920043945312500e+02 1.244293746948242188e+02 5.967118740081787109e-01 2.000000000000000000e+00
4.024801635742187500e+02 7.960408687591552734e+00 4.270076293945312500e+02 2.997654533386230469e+01 5.795915722846984863e-01 2.000000000000000000e+00
6.295192871093750000e+02 7.447987365722656250e+01 6.660628662109375000e+02 9.572267150878906250e+01 5.793191194534301758e-01 2.000000000000000000e+00
4.460859298706054688e+01 6.504341125488281250e+01 1.056237411499023438e+02 8.894027709960937500e+01 5.727503895759582520e-01 2.000000000000000000e+00
2.279946899414062500e+02 3.901709899902343750e+02 2.765414733886718750e+02 4.512344055175781250e+02 5.250062942504882812e-01 2.000000000000000000e+00
2.818225860595703125e+01 2.750254516601562500e+02 7.756864166259765625e+01 3.303450317382812500e+02 5.118657350540161133e-01 2.000000000000000000e+00
2.416213378906250000e+02 6.627493286132812500e+02 3.132435302734375000e+02 7.586074218750000000e+02 4.576055705547332764e-01 2.000000000000000000e+00
7.846593627929687500e+02 2.609012145996093750e+02 8.014362792968750000e+02 3.010989685058593750e+02 4.559581577777862549e-01 9.000000000000000000e+00
5.978087158203125000e+02 1.113668975830078125e+02 6.154373779296875000e+02 1.500505523681640625e+02 3.758337795734405518e-01 9.000000000000000000e+00
5.125391235351562500e+02 2.762210693359375000e+02 5.668862304687500000e+02 3.350719299316406250e+02 3.664468824863433838e-01 2.000000000000000000e+00
2.322451477050781250e+02 5.138223876953125000e+02 2.873193359375000000e+02 6.047304077148437500e+02 3.488909900188446045e-01 5.000000000000000000e+00
5.115080566406250000e+02 2.749541015625000000e+02 5.664208374023437500e+02 3.364643249511718750e+02 3.357461392879486084e-01 7.000000000000000000e+00
3.146426086425781250e+02 2.103863334655761719e+01 3.404430541992187500e+02 4.847056198120117188e+01 3.284787237644195557e-01 2.000000000000000000e+00
7.030501098632812500e+02 1.727984619140625000e+02 7.176624755859375000e+02 1.973792572021484375e+02 3.128795921802520752e-01 9.000000000000000000e+00
3.049793395996093750e+02 2.626261901855468750e+02 3.143952636718750000e+02 2.864012451171875000e+02 2.952502369880676270e-01 0.000000000000000000e+00
8.883444824218750000e+02 3.129206237792968750e+02 9.081681518554687500e+02 3.460285339355468750e+02 2.734902799129486084e-01 0.000000000000000000e+00
4.095871887207031250e+02 2.207137298583984375e+02 4.214598388671875000e+02 2.416244049072265625e+02 2.588631510734558105e-01 9.000000000000000000e+00
