1.006095886230468750e+03 4.510322265625000000e+02 1.089333129882812500e+03 5.240042114257812500e+02 6.367846727371215820e-01 2.000000000000000000e+00
6.880789794921875000e+02 2.903981933593750000e+02 7.237429199218750000e+02 3.360279235839843750e+02 6.155607700347900391e-01 2.000000000000000000e+00
1.043772827148437500e+03 3.895124511718750000e+02 1.140874511718750000e+03 4.679395141601562500e+02 5.991104245185852051e-01 2.000000000000000000e+00
9.773232421875000000e+02 3.516502685546875000e+02 1.058185180664062500e+03 3.939956054687500000e+02 5.822882056236267090e-01 2.000000000000000000e+00
2.995174560546875000e+02 2.240559692382812500e+02 3.316124267578125000e+02 2.421796875000000000e+02 5.208538174629211426e-01 2.000000000000000000e+00
6.301022949218750000e+02 2.686795043945312500e+02 6.646074829101562500e+02 3.081692199707031250e+02 4.642908275127410889e-01 2.000000000000000000e+00
5.974357299804687500e+02 1.908080596923828125e+02 6.229803466796875000e+02 2.201547241210937500e+02 4.452086687088012695e-01 2.000000000000000000e+00
2.132885284423828125e+02 2.837141723632812500e+02 2.790880126953125000e+02 3.120759582519531250e+02 3.836614489555358887e-01 2.000000000000000000e+00
1.752205810546875000e+02 2.935334777832031250e+02 2.527061614990234375e+02 3.239332885742187500e+02 3.782251477241516113e-01 2.000000000000000000e+00
9.522156982421875000e+02 3.894984436035156250e+02 1.006793579101562500e+03 4.416440124511718750e+02 3.312783837318420410e-01 2.000000000000000000e+00
1.293985351562500000e+03 6.268150634765625000e+02 1.359384887695312500e+03 7.106809692382812500e+02 2.933934032917022705e-01 6.000000000000000000e+00
6.083830566406250000e+02 1.523137969970703125e+02 6.278159790039062500e+02 1.750067596435546875e+02 2.607472836971282959e-01 2.000000000000000000e+00
9.501387329101562500e+02 3.615171813964843750e+02 1.026559448242187500e+03 4.312330932617187500e+02 2.559603750705718994e-01 2.000000000000000000e+00
6.795285034179687500e+02 1.848189392089843750e+02 6.899572143554687500e+02 2.035074615478515625e+02 2.553284466266632080e-01 2.000000000000000000e+00
1.183741683959960938e+02 5.359600219726562500e+02 2.032703094482421875e+02 5.896072387695312500e+02 2.540410459041595459e-01 2.000000000000000000e+00
