7.604938354492187500e+02 2.910773010253906250e+02 8.565014648437500000e+02 3.322941894531250000e+02 8.818772435188293457e-01 2.000000000000000000e+00
8.770803222656250000e+02 3.074932250976562500e+02 9.660888061523437500e+02 3.655131530761718750e+02 8.729883432388305664e-01 2.000000000000000000e+00
1.003494018554687500e+03 3.019729309082031250e+02 1.083210815429687500e+03 3.484846496582031250e+02 8.513159751892089844e-01 2.000000000000000000e+00
5.648444213867187500e+02 3.021960449218750000e+02 6.625111694335937500e+02 3.445203552246093750e+02 8.110837936401367188e-01 2.000000000000000000e+00
1.074123046875000000e+03 2.844470825195312500e+02 1.165462768554687500e+03 3.219794006347656250e+02 8.048008680343627930e-01 2.000000000000000000e+00
8.762929687500000000e+02 2.549515533447265625e+02 9.724798583984375000e+02 2.955134582519531250e+02 7.805280685424804688e-01 2.000000000000000000e+00
1.100743103027343750e+02 2.928454284667968750e+02 2.216668090820312500e+02 3.357295532226562500e+02 7.512485384941101074e-01 2.000000000000000000e+00
2.768526916503906250e+02 2.813212280273437500e+02 3.842549438476562500e+02 3.346564025878906250e+02 7.431454658508300781e-01 2.000000000000000000e+00
5.155563354492187500e-01 4.847320861816406250e+02 1.070962142944335938e+02 5.854954223632812500e+02 7.308481335639953613e-01 2.000000000000000000e+00
1.318667846679687500e+03 2.795862426757812500e+02 1.360000000000000000e+03 3.226198730468750000e+02 7.052747607231140137e-01 2.000000000000000000e+00
3.761573486328125000e+02 2.501055908203125000e+02 4.719097900390625000e+02 2.888211975097656250e+02 7.046758532524108887e-01 2.000000000000000000e+00
0.000000000000000000e+00 2.955892028808593750e+02 5.021971130371093750e+01 3.328389587402343750e+02 6.944743990898132324e-01 2.000000000000000000e+00
1.286394042968750000e+03 2.451198577880859375e+02 1.360000000000000000e+03 2.737080078125000000e+02 6.925024986267089844e-01 2.000000000000000000e+00
1.308994293212890625e+00 5.910745849609375000e+02 1.411153259277343750e+02 7.071163940429687500e+02 6.842975616455078125e-01 2.000000000000000000e+00
6.437244262695312500e+02 1.621253662109375000e+02 6.657353515625000000e+02 1.853936157226562500e+02 6.252958178520202637e-01 2.000000000000000000e+00
9.361368179321289062e+00 4.021209411621093750e+02 1.373332519531250000e+02 4.627093200683593750e+02 6.068409085273742676e-01 2.000000000000000000e+00
1.064500236511230469e+01 4.629311218261718750e+02 1.398792419433593750e+02 5.439061889648437500e+02 5.864379405975341797e-01 2.000000000000000000e+00
0.000000000000000000e+00 3.745632324218750000e+02 7.035525512695312500e+01 4.432613220214843750e+02 5.825669765472412109e-01 2.000000000000000000e+00
4.341041259765625000e+02 2.744383850097656250e+02 5.288323974609375000e+02 3.112206420898437500e+02 5.730553269386291504e-01 2.000000000000000000e+00
6.536995849609375000e+02 1.987770233154296875e+02 6.800941162109375000e+02 2.267435302734375000e+02 5.697752833366394043e-01 2.000000000000000000e+00
1.148630371093750000e+03 2.328285217285156250e+02 1.234495727539062500e+03 2.673140563964843750e+02 5.605455040931701660e-01 2.000000000000000000e+00
7.064407958984375000e+02 6.371636962890625000e+02 7.564500122070312500e+02 7.411431884765625000e+02 5.505118370056152344e-01 9.000000000000000000e+00
1.191406860351562500e+03 3.400731506347656250e+02 1.242376220703125000e+03 3.888764953613281250e+02 5.336664915084838867e-01 3.000000000000000000e+00
1.423663940429687500e+02 2.182117614746093750e+02 2.110180053710937500e+02 2.477755584716796875e+02 5.247064232826232910e-01 2.000000000000000000e+00
9.943330688476562500e+02 2.133350067138671875e+02 1.033335449218750000e+03 2.413957061767578125e+02 5.209600925445556641e-01 2.000000000000000000e+00
2.212352600097656250e+02 2.206165161132812500e+02 2.858959655761718750e+02 2.508758087158203125e+02 5.104335546493530273e-01 2.000000000000000000e+00
1.746322174072265625e+02 4.147636108398437500e+02 1.964459991455078125e+02 4.705119934082031250e+02 4.848453998565673828e-01 0.000000000000000000e+00
8.135340576171875000e+02 4.703893737792968750e+02 8.622650146484375000e+02 5.140100097656250000e+02 4.573292732238769531e-01 3.000000000000000000e+00
1.084984741210937500e+03 4.831781921386718750e+02 1.127786621093750000e+03 5.669581909179687500e+02 4.535745382308959961e-01 0.000000000000000000e+00
6.424630737304687500e+02 1.111230773925781250e+02 6.601917114257812500e+02 1.312445220947265625e+02 4.310452044010162354e-01 2.000000000000000000e+00
8.857084960937500000e+02 1.971109161376953125e+02 9.204008178710937500e+02 2.246081390380859375e+02 4.154923856258392334e-01 2.000000000000000000e+00
8.218197631835937500e+02 4.242825317382812500e+02 8.512719726562500000e+02 4.722688903808593750e+02 3.930758535861968994e-01 0.000000000000000000e+00
5.622661132812500000e+02 5.322174682617187500e+02 5.981679077148437500e+02 6.001968994140625000e+02 3.846859037876129150e-01 0.000000000000000000e+00
2.354526824951171875e+02 1.842083129882812500e+02 2.633028259277343750e+02 2.088709411621093750e+02 3.738209307193756104e-01 2.000000000000000000e+00
5.548191528320312500e+02 5.544575195312500000e+02 5.976169433593750000e+02 6.351561279296875000e+02 3.627340197563171387e-01 3.000000000000000000e+00
3.862576599121093750e+02 3.242916259765625000e+02 4.232630615234375000e+02 3.695053100585937500e+02 3.525091111660003662e-01 3.000000000000000000e+00
2.786107778549194336e+00 4.307431335449218750e+02 1.374332733154296875e+02 5.111854248046875000e+02 3.429538905620574951e-01 2.000000000000000000e+00
3.870989685058593750e+02 3.188127441406250000e+02 4.224634704589843750e+02 3.695015258789062500e+02 2.958794236183166504e-01 0.000000000000000000e+00
2.758252563476562500e+02 6.344336547851562500e+02 3.378169860839843750e+02 7.552152099609375000e+02 2.939155995845794678e-01 9.000000000000000000e+00
4.888606262207031250e+02 6.364792480468750000e+02 5.439280395507812500e+02 7.394506835937500000e+02 2.786206305027008057e-01 9.000000000000000000e+00
9.537930297851562500e+02 2.082524261474609375e+02 9.967916259765625000e+02 2.418795166015625000e+02 2.705430686473846436e-01 2.000000000000000000e+00
