3.469384765625000000e+02 8.959802856445312500e+02 4.150454711914062500e+02 1.076598999023437500e+03 8.421925902366638184e-01 0.000000000000000000e+00
2.110497856140136719e+01 9.682692871093750000e+02 1.149962844848632812e+02 1.079180419921875000e+03 8.040114641189575195e-01 0.000000000000000000e+00
1.291672851562500000e+03 9.882086791992187500e+02 1.446052490234375000e+03 1.065891723632812500e+03 7.612270712852478027e-01 2.500000000000000000e+01
6.997106552124023438e+00 7.553009643554687500e+02 6.294367218017578125e+01 9.130820312500000000e+02 7.518585324287414551e-01 0.000000000000000000e+00
3.452611083984375000e+02 7.084127807617187500e+02 3.824334106445312500e+02 8.161560668945312500e+02 7.404348850250244141e-01 0.000000000000000000e+00
1.081755004882812500e+03 7.343794555664062500e+02 1.124590332031250000e+03 8.622403564453125000e+02 6.945429444313049316e-01 0.000000000000000000e+00
2.828066711425781250e+02 9.617606201171875000e+02 3.365518798828125000e+02 1.078832397460937500e+03 6.728741526603698730e-01 0.000000000000000000e+00
2.724793395996093750e+02 7.376965942382812500e+02 3.120205078125000000e+02 8.425004882812500000e+02 6.393278837203979492e-01 0.000000000000000000e+00
5.709321212768554688e+01 7.791780395507812500e+02 1.025673522949218750e+02 9.047188110351562500e+02 5.913159251213073730e-01 0.000000000000000000e+00
1.205020263671875000e+03 7.429969482421875000e+02 1.237920043945312500e+03 8.475390014648437500e+02 5.791259407997131348e-01 0.000000000000000000e+00
1.052290405273437500e+03 7.506785888671875000e+02 1.094627929687500000e+03 8.817707519531250000e+02 5.358392000198364258e-01 0.000000000000000000e+00
4.540891418457031250e+02 7.124997558593750000e+02 4.884953918457031250e+02 8.059173583984375000e+02 5.305207371711730957e-01 0.000000000000000000e+00
9.846782836914062500e+02 6.606324462890625000e+02 1.005419738769531250e+03 7.363762817382812500e+02 4.061178565025329590e-01 0.000000000000000000e+00
4.228285522460937500e+02 7.162373046875000000e+02 4.508956909179687500e+02 8.058016357421875000e+02 3.804161548614501953e-01 0.000000000000000000e+00
9.072041015625000000e+02 6.740692749023437500e+02 9.365621337890625000e+02 7.601282958984375000e+02 3.497139811515808105e-01 0.000000000000000000e+00
1.343784545898437500e+03 6.481775512695312500e+02 1.414912231445312500e+03 7.181638183593750000e+02 3.192890882492065430e-01 7.400000000000000000e+01
1.205054199218750000e+03 6.956207885742187500e+02 1.244526489257812500e+03 7.536356201171875000e+02 2.879889011383056641e-01 0.000000000000000000e+00
3.458374328613281250e+02 7.095339965820312500e+02 4.452834777832031250e+02 8.142396240234375000e+02 2.840328812599182129e-01 0.000000000000000000e+00
7.982075195312500000e+02 6.794746704101562500e+02 8.324725952148437500e+02 7.535733642578125000e+02 2.816251218318939209e-01 0.000000000000000000e+00
