0.000000000000000000e+00 5.209387207031250000e+02 1.264279785156250000e+02 6.344781494140625000e+02 8.718916773796081543e-01 2.000000000000000000e+00
2.204481048583984375e+02 2.576352233886718750e+02 3.171471557617187500e+02 3.251459960937500000e+02 8.378562927246093750e-01 2.000000000000000000e+00
1.150545196533203125e+02 4.993696899414062500e+02 2.175020751953125000e+02 6.212734985351562500e+02 8.262878060340881348e-01 2.000000000000000000e+00
8.924335479736328125e+01 4.088941955566406250e+02 2.017804107666015625e+02 5.143842163085937500e+02 8.038912415504455566e-01 2.000000000000000000e+00
6.805662231445312500e+02 1.788293609619140625e+02 7.207020263671875000e+02 2.181886138916015625e+02 7.794171571731567383e-01 2.000000000000000000e+00
7.320826416015625000e+02 8.371429443359375000e+01 7.635965576171875000e+02 1.149007110595703125e+02 7.135207653045654297e-01 2.000000000000000000e+00
0.000000000000000000e+00 6.398763427734375000e+02 4.582040023803710938e+01 7.346469116210937500e+02 6.807877421379089355e-01 2.000000000000000000e+00
3.703117980957031250e+02 5.013490905761718750e+02 3.926987915039062500e+02 5.558522949218750000e+02 6.538963913917541504e-01 0.000000000000000000e+00
6.259376220703125000e+02 1.184387326240539551e+00 6.513919677734375000e+02 2.323798751831054688e+01 6.199834346771240234e-01 2.000000000000000000e+00
6.802366333007812500e+02 9.859709930419921875e+01 7.108031005859375000e+02 1.366880950927734375e+02 6.026391983032226562e-01 2.000000000000000000e+00
4.539523315429687500e+02 3.914056015014648438e+01 4.803882446289062500e+02 6.585910034179687500e+01 5.876049399375915527e-01 2.000000000000000000e+00
7.088276977539062500e+02 1.116191625595092773e+00 7.328932495117187500e+02 1.888160705566406250e+01 5.683732628822326660e-01 2.000000000000000000e+00
3.029862670898437500e+02 1.690860900878906250e+02 3.672070007324218750e+02 2.044742584228515625e+02 5.161910057067871094e-01 2.000000000000000000e+00
6.017542114257812500e+02 9.285039520263671875e+01 6.364373779296875000e+02 1.304722595214843750e+02 4.913898706436157227e-01 2.000000000000000000e+00
1.013216918945312500e+03 2.133559722900390625e+02 1.023472656250000000e+03 2.405637512207031250e+02 4.905135631561279297e-01 0.000000000000000000e+00
7.691145019531250000e+02 1.713791961669921875e+02 7.834503784179687500e+02 2.059514312744140625e+02 4.801033437252044678e-01 9.000000000000000000e+00
4.688205871582031250e+02 7.624875545501708984e+00 4.956397705078125000e+02 3.566216659545898438e+01 4.783760309219360352e-01 2.000000000000000000e+00
8.409735107421875000e+02 3.117045288085937500e+02 8.660364990234375000e+02 3.510808410644531250e+02 4.648214578628540039e-01 3.000000000000000000e+00
1.308031127929687500e+03 5.264513549804687500e+02 1.358411132812500000e+03 5.829349365234375000e+02 4.386910498142242432e-01 2.000000000000000000e+00
4.552409973144531250e+02 2.297205543518066406e+01 4.874094543457031250e+02 6.284725570678710938e+01 2.573947608470916748e-01 2.000000000000000000e+00
2.460766296386718750e+02 2.292663421630859375e+02 2.780944213867187500e+02 2.541681060791015625e+02 2.542945742607116699e-01 2.000000000000000000e+00
