6.804718017578125000e+02 3.080044555664062500e+02 7.314563598632812500e+02 3.601427001953125000e+02 8.438503146171569824e-01 2.000000000000000000e+00
6.457316894531250000e+02 5.305978393554687500e+02 7.222709960937500000e+02 6.313638916015625000e+02 8.416011333465576172e-01 2.000000000000000000e+00
4.557699890136718750e+02 4.205449829101562500e+02 5.362600097656250000e+02 5.019136962890625000e+02 8.395377397537231445e-01 2.000000000000000000e+00
1.031145935058593750e+02 2.944461364746093750e+02 1.777631988525390625e+02 3.417100524902343750e+02 7.878954410552978516e-01 2.000000000000000000e+00
5.824115600585937500e+02 3.520735168457031250e+02 6.360455932617187500e+02 4.167187805175781250e+02 7.654312252998352051e-01 2.000000000000000000e+00
6.143009643554687500e+02 2.194439849853515625e+02 6.552896728515625000e+02 2.573575744628906250e+02 7.527676820755004883e-01 2.000000000000000000e+00
4.255614929199218750e+02 3.356473083496093750e+02 4.905663452148437500e+02 3.974123229980468750e+02 7.260406613349914551e-01 2.000000000000000000e+00
5.991105346679687500e+02 2.801551513671875000e+02 6.443681640625000000e+02 3.310597534179687500e+02 6.893175244331359863e-01 2.000000000000000000e+00
5.471792602539062500e+02 1.689444122314453125e+02 5.860283203125000000e+02 2.114239501953125000e+02 6.596968173980712891e-01 2.000000000000000000e+00
9.279190063476562500e+01 2.549432830810546875e+02 1.457485961914062500e+02 2.949922790527343750e+02 6.253895759582519531e-01 2.000000000000000000e+00
6.116725463867187500e+02 1.833513946533203125e+02 6.451160278320312500e+02 2.150763092041015625e+02 6.215806007385253906e-01 2.000000000000000000e+00
1.068369140625000000e+03 4.445019836425781250e+02 1.173605468750000000e+03 5.377750854492187500e+02 5.657137632369995117e-01 2.000000000000000000e+00
1.047999267578125000e+03 2.106557312011718750e+02 1.103567016601562500e+03 2.401952362060546875e+02 5.564401149749755859e-01 2.000000000000000000e+00
4.891711730957031250e+02 2.419620208740234375e+02 5.403742065429687500e+02 2.865646667480468750e+02 5.258330106735229492e-01 2.000000000000000000e+00
1.199785400390625000e+03 2.695435485839843750e+02 1.304969116210937500e+03 3.494966735839843750e+02 4.992178678512573242e-01 2.000000000000000000e+00
3.184614181518554688e-01 2.870195312500000000e+02 2.614508628845214844e+01 3.111515197753906250e+02 4.354961216449737549e-01 2.000000000000000000e+00
1.332673797607421875e+02 4.314028625488281250e+02 1.577020416259765625e+02 4.774405517578125000e+02 4.218168854713439941e-01 0.000000000000000000e+00
6.902785034179687500e+02 1.506104278564453125e+02 7.160687866210937500e+02 1.754613494873046875e+02 3.930024206638336182e-01 2.000000000000000000e+00
9.421679077148437500e+02 7.372715454101562500e+02 1.045475341796875000e+03 7.631156616210937500e+02 3.834023773670196533e-01 2.000000000000000000e+00
6.911005249023437500e+02 1.250150375366210938e+02 7.154258422851562500e+02 1.488511505126953125e+02 3.521256446838378906e-01 2.000000000000000000e+00
3.186446228027343750e+02 3.240678405761718750e+02 3.663003234863281250e+02 3.737296752929687500e+02 3.485603928565979004e-01 3.000000000000000000e+00
9.910905151367187500e+02 3.391450805664062500e+02 1.004008972167968750e+03 3.748347473144531250e+02 3.139472305774688721e-01 0.000000000000000000e+00
3.543525085449218750e+02 2.686940307617187500e+02 3.658267822265625000e+02 2.985220336914062500e+02 2.871829569339752197e-01 0.000000000000000000e+00
1.147553100585937500e+03 2.724732666015625000e+02 1.210700683593750000e+03 3.124162292480468750e+02 2.821173667907714844e-01 2.000000000000000000e+00
1.066977783203125000e+03 4.434042053222656250e+02 1.177339721679687500e+03 5.375157470703125000e+02 2.760443091392517090e-01 7.000000000000000000e+00
1.198368530273437500e+03 2.695418701171875000e+02 1.261232910156250000e+03 3.169932250976562500e+02 2.716259658336639404e-01 2.000000000000000000e+00
1.049737792968750000e+03 1.644339752197265625e+02 1.097179931640625000e+03 1.863286132812500000e+02 2.652041316032409668e-01 2.000000000000000000e+00
