4.691642761230468750e+01 6.141250000000000000e+02 2.252908935546875000e+02 7.624493408203125000e+02 8.960305452346801758e-01 2.000000000000000000e+00
8.532054443359375000e+02 5.411596679687500000e+02 9.529213256835937500e+02 6.339919433593750000e+02 8.844665884971618652e-01 2.000000000000000000e+00
1.214029541015625000e+03 4.746839599609375000e+02 1.354929443359375000e+03 5.611579589843750000e+02 8.836187720298767090e-01 2.000000000000000000e+00
7.729717407226562500e+02 3.958745117187500000e+02 8.424732666015625000e+02 4.612543640136718750e+02 8.465767502784729004e-01 2.000000000000000000e+00
8.881300659179687500e+02 4.094704284667968750e+02 9.712065429687500000e+02 4.753380432128906250e+02 8.422307968139648438e-01 2.000000000000000000e+00
2.464991760253906250e+02 4.131814270019531250e+02 3.399929199218750000e+02 4.955148620605468750e+02 8.365914225578308105e-01 2.000000000000000000e+00
1.852420806884765625e+02 5.094188537597656250e+02 3.063750915527343750e+02 6.116477050781250000e+02 8.001668453216552734e-01 2.000000000000000000e+00
6.673263549804687500e+02 4.162883605957031250e+02 7.229346923828125000e+02 4.810696716308593750e+02 7.926735877990722656e-01 2.000000000000000000e+00
5.769251708984375000e+02 3.207581787109375000e+02 6.202597656250000000e+02 3.669335937500000000e+02 7.363377213478088379e-01 2.000000000000000000e+00
7.013848266601562500e+02 5.044241333007812500e+02 7.758536987304687500e+02 6.135912475585937500e+02 6.965180635452270508e-01 2.000000000000000000e+00
3.086358947753906250e+02 3.627979125976562500e+02 3.721563720703125000e+02 4.186587219238281250e+02 6.898932456970214844e-01 2.000000000000000000e+00
6.433864135742187500e+02 3.528527221679687500e+02 6.918623046875000000e+02 4.144123535156250000e+02 6.684128642082214355e-01 2.000000000000000000e+00
1.209310302734375000e+03 6.474612426757812500e+02 1.248907714843750000e+03 7.214083862304687500e+02 6.625249385833740234e-01 0.000000000000000000e+00
5.513273315429687500e+02 5.742150878906250000e+02 6.361806030273437500e+02 7.371199951171875000e+02 6.433584690093994141e-01 2.000000000000000000e+00
7.065203247070312500e+02 2.257290344238281250e+02 7.398073730468750000e+02 2.545764617919921875e+02 6.321741342544555664e-01 2.000000000000000000e+00
3.762609863281250000e+02 6.858901977539062500e+02 4.105100708007812500e+02 7.635994873046875000e+02 5.979358553886413574e-01 0.000000000000000000e+00
8.152429962158203125e+01 4.842508239746093750e+02 1.045042037963867188e+02 5.322650756835937500e+02 5.615237355232238770e-01 0.000000000000000000e+00
5.488023757934570312e+01 4.324063110351562500e+02 1.631993865966796875e+02 5.158809814453125000e+02 4.812868535518646240e-01 5.000000000000000000e+00
3.547311096191406250e+02 3.167432861328125000e+02 4.063050842285156250e+02 3.637391967773437500e+02 4.720955193042755127e-01 2.000000000000000000e+00
9.311162109375000000e+02 3.251134338378906250e+02 9.524064331054687500e+02 3.695172119140625000e+02 4.400412738323211670e-01 9.000000000000000000e+00
4.409680786132812500e+02 6.857216186523437500e+02 4.730886535644531250e+02 7.458403320312500000e+02 4.397698342800140381e-01 0.000000000000000000e+00
2.723823242187500000e+02 5.532183227539062500e+02 2.936529541015625000e+02 6.101370849609375000e+02 4.071634113788604736e-01 0.000000000000000000e+00
5.764552612304687500e+02 2.423398437500000000e+02 6.094724121093750000e+02 2.740597229003906250e+02 3.995629549026489258e-01 2.000000000000000000e+00
3.982301635742187500e+02 5.395649414062500000e+02 4.734672851562500000e+02 6.268970336914062500e+02 3.952295184135437012e-01 2.000000000000000000e+00
1.650860290527343750e+02 5.209447021484375000e+02 1.917555999755859375e+02 5.643864746093750000e+02 3.936259150505065918e-01 0.000000000000000000e+00
2.892915344238281250e+02 5.996825561523437500e+02 3.271521606445312500e+02 6.617531738281250000e+02 3.889142870903015137e-01 3.000000000000000000e+00
5.098754119873046875e+01 4.346943359375000000e+02 1.621307678222656250e+02 5.185303955078125000e+02 3.536235094070434570e-01 7.000000000000000000e+00
3.270854353904724121e-01 5.019865417480468750e+02 2.163734817504882812e+01 5.604774780273437500e+02 3.343593180179595947e-01 0.000000000000000000e+00
6.440717773437500000e+02 3.167843933105468750e+02 6.916923217773437500e+02 3.833614501953125000e+02 3.260080814361572266e-01 2.000000000000000000e+00
7.315621337890625000e+02 1.873110046386718750e+02 7.614324951171875000e+02 2.103628540039062500e+02 2.896338999271392822e-01 2.000000000000000000e+00
2.902702636718750000e+02 5.984361572265625000e+02 3.255855712890625000e+02 6.601109619140625000e+02 2.894833981990814209e-01 0.000000000000000000e+00
6.933340454101562500e+01 4.314537353515625000e+02 1.387626342773437500e+02 5.246271362304687500e+02 2.728740572929382324e-01 0.000000000000000000e+00
4.236060333251953125e+01 4.720285034179687500e+02 6.668379211425781250e+01 5.326940917968750000e+02 2.678960263729095459e-01 0.000000000000000000e+00
1.292556881904602051e+00 5.883809814453125000e+02 6.102230834960937500e+01 6.319800415039062500e+02 2.662273645401000977e-01 3.000000000000000000e+00
3.645051269531250000e+02 2.722189025878906250e+02 4.374786682128906250e+02 3.150410156250000000e+02 2.601685822010040283e-01 7.000000000000000000e+00
2.789221801757812500e+02 5.581615600585937500e+02 3.084665222167968750e+02 6.355015258789062500e+02 2.540366649627685547e-01 0.000000000000000000e+00
