7.694883728027343750e+01 4.405234985351562500e+02 1.399447631835937500e+02 5.186818847656250000e+02 7.665636539459228516e-01 2.000000000000000000e+00
5.435427246093750000e+02 2.498644866943359375e+02 5.755053710937500000e+02 2.780924377441406250e+02 6.938936710357666016e-01 2.000000000000000000e+00
3.600941162109375000e+02 1.403608245849609375e+02 3.801325378417968750e+02 1.617497711181640625e+02 5.944280624389648438e-01 2.000000000000000000e+00
6.196650981903076172e+00 4.422906494140625000e+02 5.226075363159179688e+01 4.889851989746093750e+02 5.896916389465332031e-01 2.000000000000000000e+00
2.054851837158203125e+02 3.082677612304687500e+02 2.546204833984375000e+02 3.951908569335937500e+02 5.663173198699951172e-01 5.000000000000000000e+00
2.624130249023437500e+02 1.064699020385742188e+02 2.818624267578125000e+02 1.286886749267578125e+02 5.634174942970275879e-01 2.000000000000000000e+00
1.698137512207031250e+02 3.800371398925781250e+02 1.853773345947265625e+02 4.137892456054687500e+02 5.286042690277099609e-01 0.000000000000000000e+00
6.825579833984375000e+02 4.134489746093750000e+02 7.114322509765625000e+02 4.405423583984375000e+02 5.155003070831298828e-01 2.000000000000000000e+00
6.464670410156250000e+02 4.437037353515625000e+02 6.874907226562500000e+02 4.712923278808593750e+02 5.150339603424072266e-01 2.000000000000000000e+00
4.669331359863281250e+02 4.653693237304687500e+02 4.808369750976562500e+02 5.002839660644531250e+02 5.125390291213989258e-01 0.000000000000000000e+00
2.853960571289062500e+02 6.765259552001953125e+01 3.021738281250000000e+02 8.297049713134765625e+01 5.042323470115661621e-01 2.000000000000000000e+00
4.883815612792968750e+02 4.504165649414062500e+02 5.414713134765625000e+02 5.241740112304687500e+02 4.900440275669097900e-01 2.000000000000000000e+00
2.690550537109375000e+02 9.079170227050781250e+01 2.869834899902343750e+02 1.083870620727539062e+02 4.313472509384155273e-01 2.000000000000000000e+00
4.447267456054687500e+02 4.677618713378906250e+02 4.605339660644531250e+02 5.090349426269531250e+02 4.057047963142395020e-01 0.000000000000000000e+00
3.661615905761718750e+02 6.075502777099609375e+01 3.815175476074218750e+02 7.194518280029296875e+01 3.877348601818084717e-01 2.000000000000000000e+00
6.544397583007812500e+02 4.542041320800781250e+02 6.926923217773437500e+02 4.787280883789062500e+02 3.765865266323089600e-01 2.000000000000000000e+00
0.000000000000000000e+00 4.768942565917968750e+02 2.320091056823730469e+01 5.365607299804687500e+02 2.991414368152618408e-01 2.000000000000000000e+00
2.394511108398437500e+02 2.570753784179687500e+02 2.672606506347656250e+02 3.168503723144531250e+02 2.881777882575988770e-01 2.000000000000000000e+00
2.391102142333984375e+02 2.558698577880859375e+02 2.681600646972656250e+02 3.197603759765625000e+02 2.868102788925170898e-01 5.000000000000000000e+00
3.285680389404296875e+01 4.110561218261718750e+02 6.402886199951171875e+01 4.466841430664062500e+02 2.655440270900726318e-01 2.000000000000000000e+00
1.013397445678710938e+02 2.881239624023437500e+02 1.384387359619140625e+02 3.381367187500000000e+02 2.619754076004028320e-01 2.000000000000000000e+00
