9.358746337890625000e+02 3.333697204589843750e+02 9.827688598632812500e+02 3.739974365234375000e+02 7.894972562789916992e-01 2.000000000000000000e+00
1.078564941406250000e+03 4.774984436035156250e+02 1.143088745117187500e+03 5.435356445312500000e+02 7.829250693321228027e-01 2.000000000000000000e+00
1.046190551757812500e+03 3.206181640625000000e+02 1.112122802734375000e+03 3.600665283203125000e+02 7.795411348342895508e-01 2.000000000000000000e+00
1.143652465820312500e+03 4.021977844238281250e+02 1.203084472656250000e+03 4.605675048828125000e+02 6.634209156036376953e-01 2.000000000000000000e+00
1.231927368164062500e+03 4.822619018554687500e+02 1.290973144531250000e+03 5.437045898437500000e+02 6.600472331047058105e-01 2.000000000000000000e+00
9.539563598632812500e+02 4.874996337890625000e+02 1.002394165039062500e+03 5.489141235351562500e+02 6.527165770530700684e-01 2.000000000000000000e+00
1.017960266113281250e+03 2.729900817871093750e+02 1.069453369140625000e+03 3.137259216308593750e+02 6.419445872306823730e-01 2.000000000000000000e+00
1.994488067626953125e+02 3.083584594726562500e+02 2.943803710937500000e+02 3.512550048828125000e+02 6.391439437866210938e-01 2.000000000000000000e+00
8.783185424804687500e+02 2.399712524414062500e+02 9.346755371093750000e+02 2.764366455078125000e+02 5.712510347366333008e-01 2.000000000000000000e+00
6.529329223632812500e+02 3.069513244628906250e+02 7.127719116210937500e+02 3.438717041015625000e+02 5.563667416572570801e-01 2.000000000000000000e+00
8.545629272460937500e+02 5.922160644531250000e+02 9.356422119140625000e+02 6.922172851562500000e+02 5.497916340827941895e-01 2.000000000000000000e+00
2.441382293701171875e+02 3.729339294433593750e+02 3.352625122070312500e+02 4.293701782226562500e+02 5.271891355514526367e-01 2.000000000000000000e+00
1.096399047851562500e+03 2.473343200683593750e+02 1.158975341796875000e+03 2.870890502929687500e+02 5.141853094100952148e-01 2.000000000000000000e+00
1.448829040527343750e+02 4.298273315429687500e+02 2.227763977050781250e+02 4.862317199707031250e+02 4.944741427898406982e-01 2.000000000000000000e+00
7.746091918945312500e+02 3.646415710449218750e+02 8.244610595703125000e+02 4.061244812011718750e+02 4.687255322933197021e-01 2.000000000000000000e+00
1.081911987304687500e+03 2.786523742675781250e+02 1.117120361328125000e+03 3.069093933105468750e+02 4.577108621597290039e-01 2.000000000000000000e+00
8.554913330078125000e+02 5.948495483398437500e+02 9.328546142578125000e+02 6.923566284179687500e+02 4.183876216411590576e-01 7.000000000000000000e+00
7.811045074462890625e+01 4.081992797851562500e+02 1.706882629394531250e+02 4.868265380859375000e+02 4.051241576671600342e-01 2.000000000000000000e+00
8.722902832031250000e+02 1.119517745971679688e+02 9.081741333007812500e+02 1.435941009521484375e+02 2.927955090999603271e-01 2.000000000000000000e+00
4.687852478027343750e+02 2.391005706787109375e+02 5.087928161621093750e+02 2.981216430664062500e+02 2.897291183471679688e-01 2.000000000000000000e+00
2.503859558105468750e+02 2.420536499023437500e+02 2.813290100097656250e+02 2.636425476074218750e+02 2.889868319034576416e-01 2.000000000000000000e+00
4.685535278320312500e+02 2.406668548583984375e+02 5.071138916015625000e+02 2.950585021972656250e+02 2.757593095302581787e-01 9.000000000000000000e+00
2.658732299804687500e+02 2.611245117187500000e+02 3.236213989257812500e+02 3.073713378906250000e+02 2.750699222087860107e-01 2.000000000000000000e+00
3.544339599609375000e+02 2.566636047363281250e+02 4.086411132812500000e+02 2.931256713867187500e+02 2.746208906173706055e-01 2.000000000000000000e+00
1.668310241699218750e+02 3.921641235351562500e+02 2.289568328857421875e+02 4.339328613281250000e+02 2.706319093704223633e-01 2.000000000000000000e+00
6.874955444335937500e+02 1.349399108886718750e+02 7.206093139648437500e+02 1.566633911132812500e+02 2.694486677646636963e-01 2.000000000000000000e+00
1.249172973632812500e+03 4.042702331542968750e+02 1.298158569335937500e+03 4.348096923828125000e+02 2.588720917701721191e-01 2.000000000000000000e+00
6.553113403320312500e+02 7.238958740234375000e+02 7.695183105468750000e+02 7.624120483398437500e+02 2.551514208316802979e-01 2.000000000000000000e+00
9.296458740234375000e+02 1.862178802490234375e+02 9.892519531250000000e+02 2.209246826171875000e+02 2.549383938312530518e-01 2.000000000000000000e+00
7.730359497070312500e+02 3.105892944335937500e+02 8.114296264648437500e+02 3.462867431640625000e+02 2.519417405128479004e-01 2.000000000000000000e+00
