2.091530609130859375e+02 4.422396545410156250e+02 2.653746643066406250e+02 4.701871337890625000e+02 8.034775853157043457e-01 2.000000000000000000e+00
3.082500305175781250e+02 3.744782409667968750e+02 3.331295471191406250e+02 4.003490295410156250e+02 6.336952447891235352e-01 2.000000000000000000e+00
2.838220214843750000e+02 4.078815612792968750e+02 3.127460632324218750e+02 4.422397460937500000e+02 6.114537119865417480e-01 2.000000000000000000e+00
5.180137939453125000e+02 4.902063293457031250e+02 5.768936767578125000e+02 5.314677734375000000e+02 5.725618600845336914e-01 2.000000000000000000e+00
3.316748657226562500e+02 3.479525756835937500e+02 3.530708007812500000e+02 3.724526672363281250e+02 5.386072397232055664e-01 2.000000000000000000e+00
5.127316894531250000e+02 2.741784057617187500e+02 5.368175659179687500e+02 2.974441528320312500e+02 5.297732353210449219e-01 2.000000000000000000e+00
5.113840942382812500e+02 2.382247619628906250e+02 5.318916015625000000e+02 2.584423522949218750e+02 5.272717475891113281e-01 2.000000000000000000e+00
3.793190917968750000e+02 3.547547607421875000e+02 3.996382141113281250e+02 3.796410827636718750e+02 4.749244749546051025e-01 2.000000000000000000e+00
2.652550354003906250e+02 2.740978393554687500e+02 2.917388610839843750e+02 2.893567504882812500e+02 4.710422754287719727e-01 2.000000000000000000e+00
4.126056823730468750e+02 3.966105651855468750e+02 4.343869018554687500e+02 4.210188903808593750e+02 4.620833992958068848e-01 9.000000000000000000e+00
4.473589782714843750e+02 2.867744140625000000e+02 4.629033508300781250e+02 2.994922485351562500e+02 4.587455391883850098e-01 2.000000000000000000e+00
4.882131958007812500e+02 2.905120544433593750e+02 5.082842102050781250e+02 3.096799011230468750e+02 4.360701143741607666e-01 2.000000000000000000e+00
3.427222290039062500e+02 3.210066223144531250e+02 3.743735961914062500e+02 3.447944030761718750e+02 4.147597849369049072e-01 2.000000000000000000e+00
4.281748352050781250e+02 4.196917419433593750e+02 4.544991760253906250e+02 4.524310913085937500e+02 4.013796150684356689e-01 2.000000000000000000e+00
3.848982543945312500e+02 2.852098693847656250e+02 4.113595581054687500e+02 3.072251586914062500e+02 3.757350146770477295e-01 2.000000000000000000e+00
5.148866577148437500e+02 5.154879760742187500e+02 5.676029663085937500e+02 5.382924804687500000e+02 3.712484240531921387e-01 2.000000000000000000e+00
4.334216308593750000e+02 2.593875732421875000e+02 4.508744201660156250e+02 2.716292724609375000e+02 3.626105785369873047e-01 2.000000000000000000e+00
4.112452087402343750e+02 3.987155456542968750e+02 4.387409667968750000e+02 4.244937744140625000e+02 3.471136093139648438e-01 2.000000000000000000e+00
5.401177368164062500e+02 2.721092834472656250e+02 5.598645019531250000e+02 2.964328918457031250e+02 3.466697037220001221e-01 2.000000000000000000e+00
5.313875122070312500e+02 4.557551269531250000e+02 5.780909423828125000e+02 4.807579040527343750e+02 3.235196173191070557e-01 2.000000000000000000e+00
5.755347290039062500e+02 2.632968444824218750e+02 5.935149536132812500e+02 2.824400939941406250e+02 2.978617548942565918e-01 2.000000000000000000e+00
4.653600158691406250e+02 2.327777709960937500e+02 4.807320861816406250e+02 2.500057983398437500e+02 2.919556200504302979e-01 2.000000000000000000e+00
4.969640808105468750e+02 2.281156768798828125e+02 5.076254882812500000e+02 2.431239624023437500e+02 2.828078866004943848e-01 2.000000000000000000e+00
