1.736722778320312500e+03 8.171858520507812500e+02 1.816399658203125000e+03 1.053863769531250000e+03 8.414552807807922363e-01 0.000000000000000000e+00
1.594011230468750000e+03 8.832246704101562500e+02 1.666855712890625000e+03 1.078095336914062500e+03 8.217909932136535645e-01 0.000000000000000000e+00
2.301595115661621094e+01 7.578399047851562500e+02 9.513323974609375000e+01 9.319640502929687500e+02 8.090218901634216309e-01 0.000000000000000000e+00
1.390606567382812500e+03 6.920795288085937500e+02 1.439518798828125000e+03 8.018939208984375000e+02 6.346971392631530762e-01 0.000000000000000000e+00
1.816701782226562500e+03 6.195938110351562500e+02 1.902494018554687500e+03 6.941294555664062500e+02 6.118552684783935547e-01 7.400000000000000000e+01
0.000000000000000000e+00 7.652871704101562500e+02 3.702708816528320312e+01 9.294029541015625000e+02 5.794668793678283691e-01 0.000000000000000000e+00
1.104262451171875000e+03 7.373536987304687500e+02 1.147256103515625000e+03 8.659722900390625000e+02 5.674008131027221680e-01 0.000000000000000000e+00
1.884186035156250000e+03 7.649024658203125000e+02 1.919590942382812500e+03 9.355653686523437500e+02 5.309949517250061035e-01 0.000000000000000000e+00
3.839368286132812500e+02 6.060339965820312500e+02 4.061479797363281250e+02 6.721048583984375000e+02 5.285798311233520508e-01 0.000000000000000000e+00
1.050446044921875000e+03 6.730693359375000000e+02 1.097857543945312500e+03 8.085974121093750000e+02 5.160130262374877930e-01 0.000000000000000000e+00
1.442150024414062500e+03 7.009570922851562500e+02 1.474331542968750000e+03 7.948488159179687500e+02 5.125976800918579102e-01 0.000000000000000000e+00
1.282437377929687500e+03 6.483371582031250000e+02 1.323052368164062500e+03 7.540108032226562500e+02 4.753907024860382080e-01 0.000000000000000000e+00
1.065546020507812500e+03 7.516074829101562500e+02 1.103196655273437500e+03 8.559581909179687500e+02 4.430329501628875732e-01 0.000000000000000000e+00
9.133554077148437500e+02 6.613070068359375000e+02 9.516748046875000000e+02 7.620330200195312500e+02 4.315066039562225342e-01 0.000000000000000000e+00
7.772276611328125000e+02 6.324304199218750000e+02 8.008587036132812500e+02 7.115817260742187500e+02 3.630564510822296143e-01 0.000000000000000000e+00
1.224467041015625000e+03 6.444031372070312500e+02 1.270301635742187500e+03 7.562807617187500000e+02 3.616279065608978271e-01 0.000000000000000000e+00
8.565450439453125000e+02 6.788426513671875000e+02 8.874259643554687500e+02 7.701573486328125000e+02 3.430167138576507568e-01 0.000000000000000000e+00
9.710960083007812500e+02 6.616043701171875000e+02 1.006308288574218750e+03 7.897260131835937500e+02 2.698836624622344971e-01 0.000000000000000000e+00
9.518486938476562500e+02 6.737692871093750000e+02 9.829445800781250000e+02 7.759387207031250000e+02 2.684251070022583008e-01 0.000000000000000000e+00
1.613415069580078125e+02 6.064143676757812500e+02 1.945832214355468750e+02 6.682379760742187500e+02 2.602907121181488037e-01 0.000000000000000000e+00
1.208135375976562500e+03 6.528447265625000000e+02 1.236588745117187500e+03 7.306984863281250000e+02 2.510492503643035889e-01 0.000000000000000000e+00
