9.079620971679687500e+02 3.677363891601562500e+02 1.114385009765625000e+03 4.855608520507812500e+02 8.946698307991027832e-01 2.000000000000000000e+00
8.856403808593750000e+02 2.294570159912109375e+02 1.033400390625000000e+03 3.009192199707031250e+02 8.797734975814819336e-01 2.000000000000000000e+00
6.051712036132812500e+02 3.239371337890625000e+02 7.970328369140625000e+02 4.249259948730468750e+02 8.383343219757080078e-01 2.000000000000000000e+00
2.925039367675781250e+02 3.006510620117187500e+02 3.841237487792968750e+02 4.029681091308593750e+02 8.318373560905456543e-01 2.000000000000000000e+00
2.064008712768554688e-01 2.633486633300781250e+02 1.171928405761718750e+02 3.603503112792968750e+02 7.965952157974243164e-01 2.000000000000000000e+00
1.710763702392578125e+02 1.287128753662109375e+02 2.400039825439453125e+02 1.766697235107421875e+02 7.902939915657043457e-01 2.000000000000000000e+00
4.865780334472656250e+02 1.249207763671875000e+02 5.685798950195312500e+02 1.625627441406250000e+02 7.888752222061157227e-01 2.000000000000000000e+00
8.156173706054687500e+02 1.311677703857421875e+02 8.771781616210937500e+02 1.695928649902343750e+02 7.628482580184936523e-01 2.000000000000000000e+00
1.209945678710937500e+03 1.158294601440429688e+02 1.284713500976562500e+03 1.594507141113281250e+02 7.548468112945556641e-01 2.000000000000000000e+00
3.416262512207031250e+02 1.535805358886718750e+02 4.317189636230468750e+02 2.073095397949218750e+02 7.255102396011352539e-01 2.000000000000000000e+00
3.593674898147583008e-01 1.622671203613281250e+02 2.582588386535644531e+01 2.111184844970703125e+02 7.035561203956604004e-01 2.000000000000000000e+00
7.449278564453125000e+02 1.259659271240234375e+02 8.132497558593750000e+02 1.659159393310546875e+02 7.033573985099792480e-01 2.000000000000000000e+00
5.691409912109375000e+02 2.205790710449218750e+02 7.034053344726562500e+02 3.157497253417968750e+02 6.753520369529724121e-01 2.000000000000000000e+00
0.000000000000000000e+00 2.084020385742187500e+02 7.502814483642578125e+01 2.886704101562500000e+02 6.653500199317932129e-01 2.000000000000000000e+00
8.758236694335937500e+02 1.428378448486328125e+02 9.439903564453125000e+02 1.874189453125000000e+02 6.376885771751403809e-01 2.000000000000000000e+00
1.298449096679687500e+03 6.054313354492187500e+02 1.359897460937500000e+03 7.247224121093750000e+02 6.187469363212585449e-01 2.000000000000000000e+00
9.235203857421875000e+02 1.326595611572265625e+02 9.990411987304687500e+02 1.826408691406250000e+02 5.904743075370788574e-01 2.000000000000000000e+00
5.884912719726562500e+02 1.027119140625000000e+02 6.469299316406250000e+02 1.352629089355468750e+02 5.778865814208984375e-01 2.000000000000000000e+00
6.483815917968750000e+02 1.157745971679687500e+02 7.300634765625000000e+02 1.540679473876953125e+02 5.654122829437255859e-01 2.000000000000000000e+00
1.806067810058593750e+02 7.177380981445312500e+02 2.510361175537109375e+02 7.650000000000000000e+02 5.650511980056762695e-01 0.000000000000000000e+00
1.377117156982421875e+02 4.329062652587890625e+01 1.746105957031250000e+02 6.822315979003906250e+01 5.620853304862976074e-01 2.000000000000000000e+00
7.914963378906250000e+02 2.457125549316406250e+02 8.201466064453125000e+02 3.043700256347656250e+02 5.130993127822875977e-01 0.000000000000000000e+00
1.255445678710937500e+03 2.024685058593750000e+02 1.278873291015625000e+03 2.449969024658203125e+02 4.839971363544464111e-01 0.000000000000000000e+00
1.210800552368164062e+02 2.966342468261718750e+02 1.573355407714843750e+02 3.450328674316406250e+02 4.517955780029296875e-01 3.000000000000000000e+00
1.216658477783203125e+02 2.756301269531250000e+02 1.547539215087890625e+02 3.407091064453125000e+02 4.332363009452819824e-01 0.000000000000000000e+00
9.842032470703125000e+02 1.323533020019531250e+02 1.075986572265625000e+03 1.868132934570312500e+02 4.123776555061340332e-01 2.000000000000000000e+00
1.205260742187500000e+03 1.673310546875000000e+02 1.234397705078125000e+03 1.908773193359375000e+02 3.288753926753997803e-01 2.000000000000000000e+00
1.101818725585937500e+03 1.551530914306640625e+02 1.162288330078125000e+03 1.930263519287109375e+02 2.744409441947937012e-01 2.000000000000000000e+00
1.343193603515625000e+03 1.500583953857421875e+02 1.358966918945312500e+03 1.810998535156250000e+02 2.530397474765777588e-01 0.000000000000000000e+00
