1.683579345703125000e+03 7.511701049804687500e+02 1.742800781250000000e+03 9.504910278320312500e+02 8.165534734725952148e-01 0.000000000000000000e+00
1.520538696289062500e+03 7.853784179687500000e+02 1.591515136718750000e+03 9.758734741210937500e+02 7.528264522552490234e-01 0.000000000000000000e+00
1.003916198730468750e+03 8.435859375000000000e+02 1.068775024414062500e+03 1.033437866210937500e+03 7.293847799301147461e-01 0.000000000000000000e+00
1.227865966796875000e+03 7.926385498046875000e+02 1.291164062500000000e+03 9.714122924804687500e+02 7.160422801971435547e-01 0.000000000000000000e+00
1.420363403320312500e+03 9.926452026367187500e+02 1.513441284179687500e+03 1.079366699218750000e+03 7.076881527900695801e-01 0.000000000000000000e+00
2.684165344238281250e+02 6.520870361328125000e+02 3.072135620117187500e+02 7.610278930664062500e+02 6.317944526672363281e-01 0.000000000000000000e+00
1.073856445312500000e+03 7.492219848632812500e+02 1.128202026367187500e+03 9.186355590820312500e+02 6.317728161811828613e-01 0.000000000000000000e+00
1.521787475585937500e+03 9.846129150390625000e+02 1.597256591796875000e+03 1.080000000000000000e+03 6.018856167793273926e-01 0.000000000000000000e+00
2.438088226318359375e+02 6.557796020507812500e+02 2.791163940429687500e+02 7.602561035156250000e+02 5.580228567123413086e-01 0.000000000000000000e+00
1.499833618164062500e+03 6.786284790039062500e+02 1.551731689453125000e+03 8.208911743164062500e+02 5.236324667930603027e-01 0.000000000000000000e+00
8.454752197265625000e+02 7.221575927734375000e+02 9.031305541992187500e+02 9.212743530273437500e+02 5.218142271041870117e-01 0.000000000000000000e+00
9.265166625976562500e+02 8.313909301757812500e+02 9.958394775390625000e+02 1.020549133300781250e+03 5.042113065719604492e-01 0.000000000000000000e+00
8.295979614257812500e+02 9.710134887695312500e+02 9.371381835937500000e+02 1.080000000000000000e+03 4.857042133808135986e-01 0.000000000000000000e+00
7.798872680664062500e+02 7.476275634765625000e+02 8.165854492187500000e+02 8.594134521484375000e+02 4.772478342056274414e-01 0.000000000000000000e+00
9.962954101562500000e+02 7.733984985351562500e+02 1.065935913085937500e+03 8.863441772460937500e+02 4.764819145202636719e-01 0.000000000000000000e+00
9.526532592773437500e+02 9.988406982421875000e+02 1.036109741210937500e+03 1.080000000000000000e+03 4.758634865283966064e-01 0.000000000000000000e+00
4.522004699707031250e+02 6.356724853515625000e+02 4.970178222656250000e+02 7.411869506835937500e+02 4.667526781558990479e-01 0.000000000000000000e+00
4.078112487792968750e+02 6.414995727539062500e+02 4.431242370605468750e+02 7.453105468750000000e+02 4.336592555046081543e-01 0.000000000000000000e+00
1.143256469726562500e+03 7.088118286132812500e+02 1.182450439453125000e+03 8.219082641601562500e+02 3.818153142929077148e-01 0.000000000000000000e+00
1.163090576171875000e+03 5.735941772460937500e+02 1.217932250976562500e+03 6.110106201171875000e+02 3.474875092506408691e-01 2.000000000000000000e+00
9.151142578125000000e+02 7.677608642578125000e+02 9.689053344726562500e+02 8.640902709960937500e+02 3.435581028461456299e-01 0.000000000000000000e+00
4.106272888183593750e+02 5.734877319335937500e+02 4.869362182617187500e+02 6.141080322265625000e+02 3.210207521915435791e-01 2.000000000000000000e+00
1.048028808593750000e+03 7.104170532226562500e+02 1.087986450195312500e+03 8.198295288085937500e+02 2.808167338371276855e-01 0.000000000000000000e+00
