7.720319213867187500e+02 6.739055175781250000e+02 9.439194335937500000e+02 7.637124633789062500e+02 8.601611256599426270e-01 2.000000000000000000e+00
0.000000000000000000e+00 5.665950317382812500e+02 6.544801330566406250e+01 6.341898803710937500e+02 7.886966466903686523e-01 2.000000000000000000e+00
9.143062591552734375e+01 5.577327880859375000e+02 2.647134704589843750e+02 6.659378662109375000e+02 7.773676514625549316e-01 2.000000000000000000e+00
4.225728759765625000e+02 8.143150329589843750e+01 4.527722167968750000e+02 1.141361312866210938e+02 7.476040720939636230e-01 2.000000000000000000e+00
6.972769775390625000e+02 5.506499633789062500e+02 8.214945068359375000e+02 6.207186889648437500e+02 7.349717020988464355e-01 2.000000000000000000e+00
6.658673706054687500e+02 6.412658081054687500e+02 8.270249633789062500e+02 7.298106689453125000e+02 7.227520942687988281e-01 2.000000000000000000e+00
3.585115051269531250e+02 2.317515411376953125e+02 4.036520080566406250e+02 2.910721130371093750e+02 6.414082050323486328e-01 2.000000000000000000e+00
4.999264221191406250e+02 1.582054138183593750e+02 5.295953979492187500e+02 1.957322387695312500e+02 5.250626802444458008e-01 2.000000000000000000e+00
8.204683227539062500e+02 4.419232788085937500e+02 8.353988647460937500e+02 4.872246093750000000e+02 5.068062543869018555e-01 0.000000000000000000e+00
6.821865844726562500e+02 4.841976318359375000e+02 8.032114868164062500e+02 5.439337158203125000e+02 4.873056709766387939e-01 7.000000000000000000e+00
2.542807464599609375e+02 3.294579162597656250e+02 3.165015258789062500e+02 4.011610412597656250e+02 3.873369097709655762e-01 2.000000000000000000e+00
6.831632690429687500e+02 4.863706970214843750e+02 7.991033935546875000e+02 5.437103271484375000e+02 3.736108541488647461e-01 5.000000000000000000e+00
4.235871276855468750e+02 4.423618164062500000e+02 4.728044433593750000e+02 5.122868652343750000e+02 3.677305877208709717e-01 2.000000000000000000e+00
2.551784973144531250e+02 3.298082580566406250e+02 3.169896240234375000e+02 3.989187622070312500e+02 3.620703220367431641e-01 5.000000000000000000e+00
4.239506530761718750e+02 4.402146606445312500e+02 4.738283081054687500e+02 5.121285400390625000e+02 3.612948656082153320e-01 7.000000000000000000e+00
2.773493041992187500e+02 1.487920284271240234e+01 3.258669128417968750e+02 4.290261840820312500e+01 3.591395318508148193e-01 2.000000000000000000e+00
3.333075714111328125e+01 2.468667297363281250e+02 6.288927078247070312e+01 2.960007324218750000e+02 3.531545996665954590e-01 9.000000000000000000e+00
7.239623413085937500e+02 1.282125854492187500e+02 7.849849243164062500e+02 1.595436859130859375e+02 3.518557250499725342e-01 2.000000000000000000e+00
6.511697998046875000e+02 6.247630691528320312e+01 6.875315551757812500e+02 1.034570541381835938e+02 3.264132440090179443e-01 2.000000000000000000e+00
7.417233886718750000e+02 2.269363708496093750e+02 7.534737548828125000e+02 2.550107574462890625e+02 2.917781174182891846e-01 0.000000000000000000e+00
