5.224976196289062500e+02 4.287577514648437500e+02 5.873085327148437500e+02 5.160941162109375000e+02 8.668364882469177246e-01 2.000000000000000000e+00
6.019152832031250000e+02 2.588919372558593750e+02 6.818869628906250000e+02 2.924397888183593750e+02 8.359878063201904297e-01 2.000000000000000000e+00
4.304177856445312500e+02 4.254325561523437500e+02 4.959559936523437500e+02 5.102398681640625000e+02 8.326498866081237793e-01 2.000000000000000000e+00
7.099879760742187500e+02 2.310091247558593750e+02 7.528388671875000000e+02 2.571471557617187500e+02 7.738469243049621582e-01 2.000000000000000000e+00
1.360453643798828125e+02 3.459715576171875000e+02 1.695972290039062500e+02 3.781724853515625000e+02 7.616223692893981934e-01 2.000000000000000000e+00
6.851812133789062500e+02 4.452680053710937500e+02 7.325722045898437500e+02 4.976979675292968750e+02 7.187731266021728516e-01 2.000000000000000000e+00
2.548977966308593750e+02 4.300440673828125000e+02 2.753533325195312500e+02 4.823174743652343750e+02 7.080458402633666992e-01 0.000000000000000000e+00
3.949472351074218750e+02 1.912531127929687500e+02 4.193736877441406250e+02 2.137129669189453125e+02 6.554401516914367676e-01 2.000000000000000000e+00
3.562005310058593750e+02 1.885984954833984375e+02 3.833329467773437500e+02 2.168937377929687500e+02 6.341819763183593750e-01 2.000000000000000000e+00
1.651314697265625000e+02 4.685545654296875000e+02 1.937716522216796875e+02 5.229843139648437500e+02 6.305615305900573730e-01 0.000000000000000000e+00
7.666731567382812500e+02 2.561169433593750000e+02 8.477239990234375000e+02 2.951813964843750000e+02 6.098453998565673828e-01 2.000000000000000000e+00
6.702299194335937500e+02 4.947713928222656250e+02 6.949552001953125000e+02 5.400000000000000000e+02 5.962339639663696289e-01 0.000000000000000000e+00
2.969830627441406250e+02 3.489342041015625000e+02 3.298547973632812500e+02 3.781021728515625000e+02 5.801686644554138184e-01 2.000000000000000000e+00
5.163582153320312500e+02 1.969279785156250000e+02 5.358999023437500000e+02 2.179862518310546875e+02 5.789396166801452637e-01 2.000000000000000000e+00
7.541090087890625000e+02 2.870769653320312500e+02 8.077095336914062500e+02 3.323200073242187500e+02 5.705633163452148438e-01 2.000000000000000000e+00
7.191613769531250000e+02 3.084951782226562500e+02 7.792685546875000000e+02 3.603443908691406250e+02 5.638715624809265137e-01 2.000000000000000000e+00
4.876613464355468750e+02 5.033710632324218750e+02 5.164035034179687500e+02 5.400000000000000000e+02 5.599956512451171875e-01 0.000000000000000000e+00
2.047415466308593750e+02 3.071649475097656250e+02 2.898994445800781250e+02 3.783570861816406250e+02 5.512290596961975098e-01 2.000000000000000000e+00
2.033808898925781250e+02 3.059524230957031250e+02 2.906399230957031250e+02 3.776579589843750000e+02 5.268515348434448242e-01 5.000000000000000000e+00
6.093120117187500000e+02 3.621642761230468750e+02 6.292994384765625000e+02 4.074863891601562500e+02 5.255335569381713867e-01 0.000000000000000000e+00
5.158436279296875000e+02 2.982028198242187500e+02 5.468660888671875000e+02 3.350769958496093750e+02 5.151161551475524902e-01 2.000000000000000000e+00
2.538179626464843750e+02 1.883240814208984375e+02 2.826803588867187500e+02 2.152188415527343750e+02 4.722345471382141113e-01 2.000000000000000000e+00
6.902403564453125000e+02 2.993790893554687500e+02 7.311447143554687500e+02 3.511515502929687500e+02 4.657486677169799805e-01 2.000000000000000000e+00
6.091721191406250000e+02 3.652941894531250000e+02 6.284475097656250000e+02 4.093764953613281250e+02 3.987106978893280029e-01 3.000000000000000000e+00
4.043039550781250000e+02 1.289716339111328125e+02 4.203466491699218750e+02 1.435166473388671875e+02 3.889986574649810791e-01 2.000000000000000000e+00
5.918865966796875000e+02 2.049002532958984375e+02 6.320355224609375000e+02 2.378809356689453125e+02 3.704122304916381836e-01 2.000000000000000000e+00
3.933402099609375000e+02 3.226803588867187500e+02 4.169993591308593750e+02 3.617503051757812500e+02 3.691587448120117188e-01 3.000000000000000000e+00
3.406153564453125000e+02 1.603831787109375000e+02 3.585596008300781250e+02 1.745985412597656250e+02 3.564064800739288330e-01 2.000000000000000000e+00
6.800167236328125000e+02 3.583973693847656250e+02 7.291559448242187500e+02 4.492907409667968750e+02 3.525659143924713135e-01 2.000000000000000000e+00
4.745879516601562500e+02 2.615411071777343750e+02 4.867908325195312500e+02 2.900766296386718750e+02 3.449237942695617676e-01 9.000000000000000000e+00
6.440291748046875000e+02 2.183431243896484375e+02 6.871236572265625000e+02 2.528170776367187500e+02 3.419154286384582520e-01 2.000000000000000000e+00
1.986706695556640625e+02 1.843171234130859375e+02 2.452883605957031250e+02 2.103527984619140625e+02 3.338345289230346680e-01 2.000000000000000000e+00
2.254158210754394531e+01 3.801511535644531250e+02 8.178334808349609375e+01 4.854085998535156250e+02 2.992886304855346680e-01 7.000000000000000000e+00
4.355926513671875000e+02 1.223816375732421875e+02 4.479420166015625000e+02 1.392465209960937500e+02 2.911130189895629883e-01 2.000000000000000000e+00
5.042160034179687500e+02 1.706477050781250000e+02 5.275993652343750000e+02 1.911063995361328125e+02 2.839249670505523682e-01 2.000000000000000000e+00
5.161239624023437500e+02 2.945964050292968750e+02 5.480771484375000000e+02 3.357891845703125000e+02 2.788208425045013428e-01 3.000000000000000000e+00
4.924645385742187500e+02 1.951746368408203125e+02 5.063635253906250000e+02 2.164223327636718750e+02 2.786423563957214355e-01 2.000000000000000000e+00
1.559114456176757812e+00 3.446481628417968750e+02 1.323509216308593750e+02 4.145178222656250000e+02 2.740759253501892090e-01 7.000000000000000000e+00
5.457324218750000000e+02 2.626140747070312500e+02 5.673760375976562500e+02 2.954246520996093750e+02 2.697241604328155518e-01 3.000000000000000000e+00
1.244313955307006836e+00 4.178410034179687500e+02 2.106904792785644531e+01 4.707103271484375000e+02 2.671513259410858154e-01 0.000000000000000000e+00
