3.781874084472656250e+01 3.236635742187500000e+02 2.183764648437500000e+02 4.719167480468750000e+02 8.122284412384033203e-01 5.000000000000000000e+00
6.300711059570312500e+02 4.014609375000000000e+02 6.881615600585937500e+02 4.755322875976562500e+02 7.786449790000915527e-01 2.000000000000000000e+00
1.181095703125000000e+03 1.915502777099609375e+02 1.240062866210937500e+03 2.295403594970703125e+02 7.366352081298828125e-01 2.000000000000000000e+00
4.510518798828125000e+02 6.342152099609375000e+02 5.276808471679687500e+02 7.627907104492187500e+02 7.360277175903320312e-01 2.000000000000000000e+00
1.052210815429687500e+03 1.971900177001953125e+02 1.131437377929687500e+03 2.376127471923828125e+02 7.157571315765380859e-01 2.000000000000000000e+00
5.259596557617187500e+02 3.498174743652343750e+02 5.838034057617187500e+02 4.237477416992187500e+02 6.506698727607727051e-01 2.000000000000000000e+00
6.489548950195312500e+02 2.326433563232421875e+02 6.918363037109375000e+02 2.940663146972656250e+02 6.384627223014831543e-01 2.000000000000000000e+00
5.562534790039062500e+02 2.013312377929687500e+02 6.011472167968750000e+02 2.575998840332031250e+02 6.332394480705261230e-01 2.000000000000000000e+00
1.124775878906250000e+03 5.361679077148437500e+02 1.343567016601562500e+03 7.475987548828125000e+02 5.922425985336303711e-01 5.000000000000000000e+00
2.634889221191406250e+02 1.534887695312500000e+02 3.053447570800781250e+02 1.938321838378906250e+02 5.799404382705688477e-01 2.000000000000000000e+00
1.023298461914062500e+03 1.443045806884765625e+02 1.081371337890625000e+03 1.922225189208984375e+02 5.130088925361633301e-01 2.000000000000000000e+00
5.825808105468750000e+02 1.460867919921875000e+02 6.123300170898437500e+02 1.795845642089843750e+02 4.951812624931335449e-01 2.000000000000000000e+00
1.215885864257812500e+03 7.110064697265625000e+02 1.242277709960937500e+03 7.624268188476562500e+02 4.847033917903900146e-01 0.000000000000000000e+00
1.257481201171875000e+03 7.228522338867187500e+02 1.284857421875000000e+03 7.650000000000000000e+02 4.819029271602630615e-01 0.000000000000000000e+00
7.305718383789062500e+02 2.923707885742187500e+02 7.720117187500000000e+02 3.527367248535156250e+02 4.775322675704956055e-01 2.000000000000000000e+00
4.861285400390625000e+02 1.880440368652343750e+02 5.268175048828125000e+02 2.251143493652343750e+02 4.702903330326080322e-01 2.000000000000000000e+00
7.344156494140625000e+02 2.930168762207031250e+02 7.731209106445312500e+02 3.513181152343750000e+02 4.435353875160217285e-01 7.000000000000000000e+00
2.369622192382812500e+02 1.337464141845703125e+02 2.744722595214843750e+02 1.662570495605468750e+02 4.321880936622619629e-01 2.000000000000000000e+00
8.511996459960937500e+02 5.327100219726562500e+02 9.082207031250000000e+02 6.395632324218750000e+02 4.313760101795196533e-01 5.000000000000000000e+00
5.488192138671875000e+02 6.580924987792968750e+01 5.780022583007812500e+02 1.000033111572265625e+02 4.226991832256317139e-01 2.000000000000000000e+00
4.210991210937500000e+02 1.101839523315429688e+02 4.557369079589843750e+02 1.351637268066406250e+02 4.077708721160888672e-01 2.000000000000000000e+00
9.848624877929687500e+02 1.403679199218750000e+02 1.024848144531250000e+03 1.733334350585937500e+02 4.039230048656463623e-01 2.000000000000000000e+00
2.452782287597656250e+02 1.364044647216796875e+02 3.013112182617187500e+02 1.771110839843750000e+02 3.992260992527008057e-01 2.000000000000000000e+00
7.969237670898437500e+02 4.451374206542968750e+02 8.498381347656250000e+02 5.147018432617187500e+02 3.827255666255950928e-01 5.000000000000000000e+00
7.409258422851562500e+02 1.712520141601562500e+02 7.739138183593750000e+02 2.046306152343750000e+02 3.808429837226867676e-01 2.000000000000000000e+00
7.966332397460937500e+02 4.448305053710937500e+02 8.513290405273437500e+02 5.161181030273437500e+02 3.213161826133728027e-01 2.000000000000000000e+00
2.155853271484375000e+02 9.292907714843750000e+01 2.829047546386718750e+02 1.284954986572265625e+02 3.127479851245880127e-01 7.000000000000000000e+00
7.963602905273437500e+02 4.467255554199218750e+02 8.497532348632812500e+02 5.165601806640625000e+02 3.043842315673828125e-01 7.000000000000000000e+00
5.129771728515625000e+02 1.257043228149414062e+02 5.479227294921875000e+02 1.664393005371093750e+02 2.946784794330596924e-01 2.000000000000000000e+00
1.222106079101562500e+03 2.316873321533203125e+02 1.237020751953125000e+03 2.585945739746093750e+02 2.675565481185913086e-01 0.000000000000000000e+00
2.201003112792968750e+02 9.066777801513671875e+01 2.812407226562500000e+02 1.342733001708984375e+02 2.657655477523803711e-01 2.000000000000000000e+00
1.188771118164062500e+03 2.516672668457031250e+02 1.201483276367187500e+03 2.701510925292968750e+02 2.578632831573486328e-01 0.000000000000000000e+00
6.743701171875000000e+02 4.163948822021484375e+01 6.966842041015625000e+02 5.841331100463867188e+01 2.564324438571929932e-01 2.000000000000000000e+00
