1.938271484375000000e+02 3.943218078613281250e+02 2.791956481933593750e+02 4.694485473632812500e+02 7.802025675773620605e-01 2.000000000000000000e+00
1.260081787109375000e+03 3.306251525878906250e+02 1.317697021484375000e+03 3.812312316894531250e+02 7.764900326728820801e-01 2.000000000000000000e+00
3.713554000854492188e+01 3.185048522949218750e+02 1.041003417968750000e+02 3.696799011230468750e+02 7.489567399024963379e-01 2.000000000000000000e+00
8.470104980468750000e+02 1.678561553955078125e+02 1.029223876953125000e+03 2.416539611816406250e+02 7.071265578269958496e-01 7.000000000000000000e+00
6.751345062255859375e+01 2.878899230957031250e+02 1.250244064331054688e+02 3.312310485839843750e+02 6.330595612525939941e-01 2.000000000000000000e+00
1.082000244140625000e+03 1.920374603271484375e+02 1.132150268554687500e+03 2.156707153320312500e+02 6.145137548446655273e-01 2.000000000000000000e+00
1.079218750000000000e+03 2.416795654296875000e+02 1.147369750976562500e+03 2.831730346679687500e+02 6.012838482856750488e-01 2.000000000000000000e+00
1.024874145507812500e+03 1.472175445556640625e+02 1.050452026367187500e+03 1.636697692871093750e+02 4.632913172245025635e-01 2.000000000000000000e+00
5.811657104492187500e+02 1.872703552246093750e+02 6.201408691406250000e+02 2.074837341308593750e+02 4.293813705444335938e-01 2.000000000000000000e+00
9.666555175781250000e+02 1.234490432739257812e+02 1.002434631347656250e+03 1.770318145751953125e+02 4.103250205516815186e-01 7.000000000000000000e+00
1.036568603515625000e+03 1.773329162597656250e+02 1.064410522460937500e+03 1.982346038818359375e+02 3.931477367877960205e-01 2.000000000000000000e+00
9.942817382812500000e+02 9.631203460693359375e+01 1.014003723144531250e+03 1.130736160278320312e+02 3.583085834980010986e-01 2.000000000000000000e+00
9.420437011718750000e+02 9.920153045654296875e+01 9.677600708007812500e+02 1.220394439697265625e+02 2.851139307022094727e-01 2.000000000000000000e+00
1.311778564453125000e+03 2.053608398437500000e+02 1.359710083007812500e+03 2.521416473388671875e+02 2.801460921764373779e-01 7.000000000000000000e+00
1.185154541015625000e+03 2.035963745117187500e+02 1.202195068359375000e+03 2.288898620605468750e+02 2.740470170974731445e-01 0.000000000000000000e+00
5.792411499023437500e+02 1.418495178222656250e+02 6.279935913085937500e+02 1.762227630615234375e+02 2.702444195747375488e-01 5.000000000000000000e+00
4.671289367675781250e+02 1.468779449462890625e+02 4.992626647949218750e+02 1.658736419677734375e+02 2.616080343723297119e-01 2.000000000000000000e+00
5.136841430664062500e+02 1.356231231689453125e+02 5.498679809570312500e+02 1.615913391113281250e+02 2.609561383724212646e-01 2.000000000000000000e+00
1.505181884765625000e+02 2.393285064697265625e+02 1.691632385253906250e+02 2.591747741699218750e+02 2.589780092239379883e-01 1.100000000000000000e+01
