1.021001464843750000e+03 1.718336029052734375e+02 1.068853149414062500e+03 2.316616973876953125e+02 7.996415495872497559e-01 2.000000000000000000e+00
9.304918212890625000e+02 2.139890747070312500e+02 9.728198242187500000e+02 2.586859741210937500e+02 7.651274800300598145e-01 2.000000000000000000e+00
5.334726562500000000e+02 2.190643920898437500e+02 5.965522460937500000e+02 2.634657897949218750e+02 7.510910034179687500e-01 2.000000000000000000e+00
1.000198974609375000e+03 2.955463562011718750e+02 1.054922363281250000e+03 3.571171569824218750e+02 7.490618228912353516e-01 2.000000000000000000e+00
3.555575256347656250e+02 2.874570922851562500e+02 4.460353088378906250e+02 3.485956420898437500e+02 6.670088171958923340e-01 2.000000000000000000e+00
1.006424682617187500e+03 4.859076843261718750e+02 1.102747924804687500e+03 6.046889038085937500e+02 6.584479808807373047e-01 2.000000000000000000e+00
1.303465209960937500e+03 2.350197296142578125e+02 1.357803100585937500e+03 2.817282104492187500e+02 6.161253452301025391e-01 2.000000000000000000e+00
1.332870361328125000e+03 5.271443481445312500e+02 1.360000000000000000e+03 5.960181274414062500e+02 5.699715614318847656e-01 0.000000000000000000e+00
1.235863647460937500e+02 3.366558532714843750e+02 1.445787506103515625e+02 3.873357543945312500e+02 5.157868266105651855e-01 0.000000000000000000e+00
1.061899658203125000e+03 1.257709426879882812e+02 1.088771118164062500e+03 1.515878295898437500e+02 5.148577094078063965e-01 2.000000000000000000e+00
5.721681518554687500e+02 2.312505187988281250e+02 6.455802612304687500e+02 2.925132141113281250e+02 5.030082464218139648e-01 2.000000000000000000e+00
9.795066833496093750e+01 3.370750427246093750e+02 1.165398788452148438e+02 3.889042053222656250e+02 4.908092617988586426e-01 0.000000000000000000e+00
3.015231628417968750e+02 3.185085449218750000e+02 3.232480468750000000e+02 3.831576843261718750e+02 4.369007349014282227e-01 0.000000000000000000e+00
1.167888061523437500e+03 1.410462036132812500e+02 1.185895751953125000e+03 1.761173706054687500e+02 4.105758666992187500e-01 9.000000000000000000e+00
1.036873291015625000e+03 1.324729919433593750e+02 1.054410888671875000e+03 1.631670837402343750e+02 4.093236625194549561e-01 9.000000000000000000e+00
1.554201965332031250e+02 3.373464965820312500e+02 1.741521453857421875e+02 3.869362792968750000e+02 3.752931058406829834e-01 0.000000000000000000e+00
1.297570190429687500e+02 0.000000000000000000e+00 4.159189453125000000e+02 7.255290985107421875e+01 3.566607534885406494e-01 6.200000000000000000e+01
1.095311279296875000e+03 1.364940032958984375e+02 1.122420654296875000e+03 1.691788482666015625e+02 3.528899252414703369e-01 2.000000000000000000e+00
1.035725585937500000e+03 1.295150451660156250e+02 1.063023559570312500e+03 1.617893218994140625e+02 3.274551033973693848e-01 2.000000000000000000e+00
8.753839111328125000e+02 2.095886840820312500e+02 8.884448242187500000e+02 2.492474212646484375e+02 3.002462685108184814e-01 0.000000000000000000e+00
7.710408782958984375e+01 3.316386718750000000e+02 9.415181732177734375e+01 3.827143554687500000e+02 2.786877453327178955e-01 0.000000000000000000e+00
9.574291992187500000e+02 1.249754562377929688e+02 9.863692626953125000e+02 1.453050842285156250e+02 2.722424566745758057e-01 2.000000000000000000e+00
4.744643859863281250e+02 3.202362670898437500e+02 4.958018798828125000e+02 3.592360534667968750e+02 2.608864903450012207e-01 0.000000000000000000e+00
