6.085164794921875000e+02 1.310896606445312500e+02 6.432122802734375000e+02 1.677664337158203125e+02 7.002081871032714844e-01 2.000000000000000000e+00
2.364131469726562500e+02 2.324418640136718750e+02 3.161674804687500000e+02 2.743022460937500000e+02 6.771599650382995605e-01 2.000000000000000000e+00
3.047583312988281250e+02 1.602547760009765625e+02 3.450185241699218750e+02 1.924248352050781250e+02 5.530140995979309082e-01 2.000000000000000000e+00
7.347770996093750000e+02 3.341381530761718750e+02 7.813616333007812500e+02 3.941709594726562500e+02 5.404921174049377441e-01 2.000000000000000000e+00
2.167523345947265625e+02 2.687678222656250000e+02 2.676771850585937500e+02 3.110543823242187500e+02 5.096267461776733398e-01 2.000000000000000000e+00
7.382549438476562500e+02 2.083135223388671875e+02 7.750383300781250000e+02 2.542429809570312500e+02 5.072891712188720703e-01 2.000000000000000000e+00
5.421343383789062500e+02 2.592534790039062500e+02 5.908822021484375000e+02 3.185728759765625000e+02 5.070488452911376953e-01 2.000000000000000000e+00
4.064183654785156250e+02 1.584546661376953125e+02 4.408893127441406250e+02 1.924480590820312500e+02 4.909496903419494629e-01 2.000000000000000000e+00
1.186566696166992188e+02 4.492728881835937500e+02 2.171502685546875000e+02 5.486006469726562500e+02 4.829078912734985352e-01 2.000000000000000000e+00
6.386464233398437500e+02 9.293297576904296875e+01 6.822815551757812500e+02 1.302804260253906250e+02 4.786589741706848145e-01 2.000000000000000000e+00
7.267649536132812500e+02 5.001504821777343750e+02 7.863372192382812500e+02 5.922255859375000000e+02 4.683624505996704102e-01 5.000000000000000000e+00
6.652247314453125000e+02 3.323379821777343750e+02 7.150729980468750000e+02 3.977343444824218750e+02 4.609999656677246094e-01 2.000000000000000000e+00
1.003729248046875000e+03 4.683145446777343750e+02 1.074224121093750000e+03 5.496071777343750000e+02 4.579089581966400146e-01 2.000000000000000000e+00
4.764096679687500000e+02 5.652377319335937500e+01 5.258900756835937500e+02 8.573067474365234375e+01 4.543502628803253174e-01 2.000000000000000000e+00
7.652318725585937500e+02 6.534780273437500000e+02 8.406876831054687500e+02 7.640850219726562500e+02 4.287016093730926514e-01 2.000000000000000000e+00
5.421879882812500000e+02 2.609691467285156250e+02 5.902008056640625000e+02 3.186899108886718750e+02 4.099848568439483643e-01 5.000000000000000000e+00
6.887639770507812500e+02 1.314344024658203125e+02 7.225383300781250000e+02 2.142489624023437500e+02 4.016598463058471680e-01 2.000000000000000000e+00
5.998408813476562500e+02 6.555218505859375000e+02 6.758046264648437500e+02 7.650000000000000000e+02 3.750900328159332275e-01 7.000000000000000000e+00
1.179566955566406250e+02 4.498553466796875000e+02 2.174794006347656250e+02 5.483082885742187500e+02 3.558670878410339355e-01 7.000000000000000000e+00
1.088596313476562500e+03 7.164846191406250000e+02 1.151924804687500000e+03 7.650000000000000000e+02 3.550692498683929443e-01 2.000000000000000000e+00
6.665430297851562500e+02 3.312988281250000000e+02 7.146629028320312500e+02 3.945825500488281250e+02 3.430796265602111816e-01 5.000000000000000000e+00
4.889507446289062500e+02 7.248521118164062500e+02 5.597844238281250000e+02 7.645748291015625000e+02 3.384149968624114990e-01 2.000000000000000000e+00
7.537276000976562500e+02 6.179615402221679688e+01 8.170050048828125000e+02 9.875024414062500000e+01 3.226455152034759521e-01 2.000000000000000000e+00
7.641384277343750000e+02 6.571595458984375000e+02 8.397795410156250000e+02 7.626397705078125000e+02 3.140233755111694336e-01 5.000000000000000000e+00
6.819628906250000000e+02 2.406461029052734375e+02 7.172296752929687500e+02 2.888931579589843750e+02 3.064305186271667480e-01 2.000000000000000000e+00
6.995185546875000000e+02 1.310058593750000000e+02 7.210004882812500000e+02 1.716821899414062500e+02 2.903695106506347656e-01 2.000000000000000000e+00
7.376362304687500000e+02 1.669535675048828125e+02 7.723705444335937500e+02 2.070925140380859375e+02 2.886164188385009766e-01 2.000000000000000000e+00
7.019283447265625000e+02 5.401965332031250000e+01 7.509637451171875000e+02 7.509781646728515625e+01 2.670558094978332520e-01 2.000000000000000000e+00
6.238575439453125000e+02 6.964287567138671875e+01 6.663568725585937500e+02 9.093251037597656250e+01 2.636549472808837891e-01 2.000000000000000000e+00
