9.855070800781250000e+02 5.880390014648437500e+02 1.101650268554687500e+03 7.014965820312500000e+02 8.823649287223815918e-01 2.000000000000000000e+00
1.111819335937500000e+03 3.063739929199218750e+02 1.360000000000000000e+03 7.575892944335937500e+02 6.734490394592285156e-01 7.000000000000000000e+00
9.596885986328125000e+02 3.815284729003906250e+02 1.119754516601562500e+03 4.668225097656250000e+02 5.783168673515319824e-01 7.000000000000000000e+00
3.204751281738281250e+02 2.435012054443359375e+02 4.366434631347656250e+02 2.924491577148437500e+02 5.708061456680297852e-01 7.000000000000000000e+00
5.826966552734375000e+02 7.240762939453125000e+02 6.670253295898437500e+02 7.632076416015625000e+02 5.584834218025207520e-01 2.000000000000000000e+00
2.663734436035156250e+02 3.171410827636718750e+02 5.877239379882812500e+02 7.622804565429687500e+02 5.324589014053344727e-01 7.000000000000000000e+00
8.217017822265625000e+02 3.005184631347656250e+02 9.122709960937500000e+02 3.786968994140625000e+02 5.265157818794250488e-01 2.000000000000000000e+00
5.389040527343750000e+02 3.198999633789062500e+02 6.922589111328125000e+02 3.989798583984375000e+02 5.200846791267395020e-01 7.000000000000000000e+00
5.130969848632812500e+02 1.584643402099609375e+02 5.470799560546875000e+02 1.987076721191406250e+02 4.814707934856414795e-01 7.000000000000000000e+00
1.013243957519531250e+03 1.863524017333984375e+02 1.152763183593750000e+03 2.440556488037109375e+02 4.728890061378479004e-01 7.000000000000000000e+00
5.802920532226562500e+02 6.554802856445312500e+02 7.260933227539062500e+02 7.257454833984375000e+02 4.248026609420776367e-01 7.000000000000000000e+00
1.094521606445312500e+03 6.881762695312500000e+02 1.126120849609375000e+03 7.557386474609375000e+02 4.093264043331146240e-01 0.000000000000000000e+00
3.965691223144531250e+02 1.245670852661132812e+02 4.646008911132812500e+02 1.600240325927734375e+02 3.930968046188354492e-01 7.000000000000000000e+00
5.726696777343750000e+02 2.706355285644531250e+02 7.079467163085937500e+02 3.511003723144531250e+02 3.911367952823638916e-01 7.000000000000000000e+00
5.949315185546875000e+02 1.642257080078125000e+02 6.886841430664062500e+02 2.322613677978515625e+02 3.766685426235198975e-01 7.000000000000000000e+00
2.085197448730468750e+02 2.603268127441406250e+02 2.734195556640625000e+02 3.076845703125000000e+02 3.753765523433685303e-01 7.000000000000000000e+00
3.964790344238281250e+02 1.258141174316406250e+02 4.640111389160156250e+02 1.601943359375000000e+02 3.652007579803466797e-01 2.000000000000000000e+00
6.007382202148437500e+01 3.178381347656250000e+02 2.586164550781250000e+02 4.968831481933593750e+02 3.610559105873107910e-01 7.000000000000000000e+00
1.165208007812500000e+03 2.195175628662109375e+02 1.226094726562500000e+03 2.650817260742187500e+02 3.562297821044921875e-01 2.000000000000000000e+00
8.211897583007812500e+02 2.983449707031250000e+02 9.152149047851562500e+02 3.782423706054687500e+02 3.446190357208251953e-01 7.000000000000000000e+00
0.000000000000000000e+00 3.522200927734375000e+02 1.984213867187500000e+02 5.549087524414062500e+02 3.427970409393310547e-01 7.000000000000000000e+00
3.955087585449218750e+02 2.485370025634765625e+02 4.412769165039062500e+02 2.908475646972656250e+02 3.196161389350891113e-01 7.000000000000000000e+00
7.698912963867187500e+02 2.398586273193359375e+02 8.564691162109375000e+02 2.843872680664062500e+02 3.094873726367950439e-01 8.000000000000000000e+00
5.820514526367187500e+02 6.556994018554687500e+02 7.205628051757812500e+02 7.264897460937500000e+02 3.038803339004516602e-01 2.000000000000000000e+00
9.009182128906250000e+02 1.170959930419921875e+02 9.598576660156250000e+02 1.456960144042968750e+02 2.929759621620178223e-01 7.000000000000000000e+00
9.398390502929687500e+02 3.178989868164062500e+02 1.063371582031250000e+03 3.848727111816406250e+02 2.900423407554626465e-01 7.000000000000000000e+00
8.895028686523437500e+02 3.961947631835937500e+02 9.342767944335937500e+02 4.274764404296875000e+02 2.779575288295745850e-01 0.000000000000000000e+00
5.536666259765625000e+02 5.127005615234375000e+02 6.473941650390625000e+02 5.980968017578125000e+02 2.731436491012573242e-01 2.000000000000000000e+00
1.166487792968750000e+03 2.191087646484375000e+02 1.226204589843750000e+03 2.643876953125000000e+02 2.718617022037506104e-01 7.000000000000000000e+00
1.293079101562500000e+03 9.649729156494140625e+01 1.359372558593750000e+03 1.359135284423828125e+02 2.575313448905944824e-01 7.000000000000000000e+00
