3.619728393554687500e+02 5.714179077148437500e+02 4.728985290527343750e+02 7.178665161132812500e+02 8.954399824142456055e-01 2.000000000000000000e+00
7.033913574218750000e+02 5.111495666503906250e+02 8.150001220703125000e+02 6.260194702148437500e+02 8.944431543350219727e-01 2.000000000000000000e+00
7.687734375000000000e+02 4.617112121582031250e+02 8.858043212890625000e+02 5.873452758789062500e+02 8.816492557525634766e-01 2.000000000000000000e+00
4.732207031250000000e+02 5.441533203125000000e+02 6.064576416015625000e+02 7.101958007812500000e+02 8.761312961578369141e-01 2.000000000000000000e+00
8.390433349609375000e+02 4.416064758300781250e+02 9.589897460937500000e+02 5.599547119140625000e+02 8.579721450805664062e-01 2.000000000000000000e+00
9.179086303710937500e+02 4.235830688476562500e+02 1.041749755859375000e+03 5.386477661132812500e+02 8.506490588188171387e-01 2.000000000000000000e+00
6.127821044921875000e+02 5.341953125000000000e+02 7.405062255859375000e+02 6.693937377929687500e+02 8.269248604774475098e-01 2.000000000000000000e+00
1.053115478515625000e+03 3.922282409667968750e+02 1.177009643554687500e+03 5.056310729980468750e+02 8.088788986206054688e-01 2.000000000000000000e+00
1.093057739257812500e+03 2.097253570556640625e+02 1.183997436523437500e+03 2.553555755615234375e+02 7.638431191444396973e-01 2.000000000000000000e+00
1.065239746093750000e+03 3.061903076171875000e+02 1.175363403320312500e+03 3.669662780761718750e+02 7.591679692268371582e-01 2.000000000000000000e+00
8.914633789062500000e+02 2.997333068847656250e+02 1.006094177246093750e+03 3.709456481933593750e+02 7.589363455772399902e-01 2.000000000000000000e+00
1.186438476562500000e+03 2.533168182373046875e+02 1.286525146484375000e+03 3.027618408203125000e+02 7.199071645736694336e-01 2.000000000000000000e+00
9.337976074218750000e+02 2.309768066406250000e+02 1.018899719238281250e+03 2.846204528808593750e+02 6.855728030204772949e-01 2.000000000000000000e+00
9.863858032226562500e+02 4.146195068359375000e+02 1.117490356445312500e+03 5.160097656250000000e+02 6.560714840888977051e-01 2.000000000000000000e+00
1.962659912109375000e+02 5.763164062500000000e+02 2.906815490722656250e+02 7.388704833984375000e+02 6.309468746185302734e-01 2.000000000000000000e+00
5.095564880371093750e+02 3.423248596191406250e+02 6.430366821289062500e+02 4.152275695800781250e+02 6.298456788063049316e-01 2.000000000000000000e+00
1.118293457031250000e+03 3.942012023925781250e+02 1.238591430664062500e+03 4.830693054199218750e+02 6.248743534088134766e-01 2.000000000000000000e+00
1.017580627441406250e+03 1.736005401611328125e+02 1.094844848632812500e+03 2.130569763183593750e+02 6.199948787689208984e-01 2.000000000000000000e+00
8.891544189453125000e+02 1.374475402832031250e+02 9.652765502929687500e+02 1.821962738037109375e+02 5.049867630004882812e-01 2.000000000000000000e+00
8.153404998779296875e+01 6.279788208007812500e+02 1.826491699218750000e+02 7.585797729492187500e+02 4.875714778900146484e-01 2.000000000000000000e+00
5.698225097656250000e+02 2.968778991699218750e+02 6.906183471679687500e+02 3.559325561523437500e+02 4.827049374580383301e-01 2.000000000000000000e+00
8.489439697265625000e+02 2.602413940429687500e+02 9.563731079101562500e+02 3.144233093261718750e+02 4.614666402339935303e-01 2.000000000000000000e+00
6.464349975585937500e+02 2.338293762207031250e+02 7.478230590820312500e+02 3.003966979980468750e+02 4.447818398475646973e-01 2.000000000000000000e+00
8.216364746093750000e+02 9.239787292480468750e+01 9.018483886718750000e+02 1.317015533447265625e+02 3.761755824089050293e-01 2.000000000000000000e+00
8.392139892578125000e+02 2.311115112304687500e+02 9.459614868164062500e+02 2.887418823242187500e+02 3.689225614070892334e-01 2.000000000000000000e+00
8.138954162597656250e+01 6.262601928710937500e+02 1.837717437744140625e+02 7.597563476562500000e+02 3.577561974525451660e-01 6.700000000000000000e+01
5.551182250976562500e+02 3.169928588867187500e+02 6.709727783203125000e+02 3.728691101074218750e+02 3.540422022342681885e-01 2.000000000000000000e+00
5.479813232421875000e+02 4.138095703125000000e+02 5.647769165039062500e+02 4.550570678710937500e+02 2.864183187484741211e-01 0.000000000000000000e+00
9.692116699218750000e+02 1.844148559570312500e+02 1.049137084960937500e+03 2.239963836669921875e+02 2.513223886489868164e-01 2.000000000000000000e+00
