1.031893188476562500e+03 6.675639648437500000e+02 1.100776489257812500e+03 7.636629638671875000e+02 8.074375987052917480e-01 0.000000000000000000e+00
5.049090881347656250e+02 4.260197753906250000e+02 5.834716796875000000e+02 4.844026489257812500e+02 7.748683094978332520e-01 8.000000000000000000e+00
1.169428344726562500e+03 5.429348754882812500e+02 1.214704467773437500e+03 6.710682373046875000e+02 7.193311452865600586e-01 0.000000000000000000e+00
2.766345825195312500e+02 4.522362670898437500e+02 3.628908081054687500e+02 5.316063232421875000e+02 7.011008858680725098e-01 2.000000000000000000e+00
6.069791870117187500e+02 2.967120056152343750e+02 6.775247802734375000e+02 3.312966308593750000e+02 6.569027304649353027e-01 2.000000000000000000e+00
3.916849975585937500e+02 3.568377685546875000e+02 4.619007873535156250e+02 4.128680419921875000e+02 6.284803748130798340e-01 2.000000000000000000e+00
8.277879638671875000e+02 3.205443420410156250e+02 8.502472534179687500e+02 3.920041198730468750e+02 6.246662735939025879e-01 0.000000000000000000e+00
3.917451782226562500e+02 3.572491149902343750e+02 4.633775024414062500e+02 4.144424743652343750e+02 6.215340495109558105e-01 8.000000000000000000e+00
6.568375854492187500e+02 3.552196350097656250e+02 7.469177856445312500e+02 4.156305847167968750e+02 6.093878149986267090e-01 2.000000000000000000e+00
8.158371582031250000e+02 3.987169189453125000e+02 9.078557128906250000e+02 4.602454223632812500e+02 5.743222832679748535e-01 2.000000000000000000e+00
2.919956970214843750e+02 5.130370483398437500e+02 4.098403930664062500e+02 5.775531616210937500e+02 5.718219876289367676e-01 2.000000000000000000e+00
2.915403747558593750e+02 5.130784301757812500e+02 4.095893249511718750e+02 5.760772094726562500e+02 5.299680829048156738e-01 8.000000000000000000e+00
2.811477966308593750e+02 4.721416625976562500e+02 3.974597473144531250e+02 5.611466064453125000e+02 4.911005198955535889e-01 2.000000000000000000e+00
9.595186767578125000e+02 3.347390441894531250e+02 9.895922851562500000e+02 3.860792541503906250e+02 4.402336478233337402e-01 0.000000000000000000e+00
8.581242065429687500e+02 1.044768447875976562e+02 9.257767333984375000e+02 1.479332122802734375e+02 3.966467976570129395e-01 7.000000000000000000e+00
9.238866577148437500e+02 2.949012756347656250e+02 9.472243041992187500e+02 3.482787170410156250e+02 3.497497439384460449e-01 0.000000000000000000e+00
7.032861328125000000e+02 4.566989135742187500e+02 7.993890991210937500e+02 5.169580688476562500e+02 3.416413366794586182e-01 2.000000000000000000e+00
8.540551147460937500e+02 3.053640136718750000e+02 8.762398681640625000e+02 3.635906372070312500e+02 3.412415683269500732e-01 0.000000000000000000e+00
8.163336791992187500e+02 3.978562927246093750e+02 9.061539306640625000e+02 4.602511901855468750e+02 3.310939073562622070e-01 1.300000000000000000e+01
7.960010375976562500e+02 3.169519653320312500e+02 8.176131591796875000e+02 3.885938110351562500e+02 3.243476152420043945e-01 0.000000000000000000e+00
1.116729858398437500e+03 3.399750366210937500e+02 1.357047119140625000e+03 4.565241699218750000e+02 3.108091056346893311e-01 1.300000000000000000e+01
6.261918334960937500e+02 1.414449615478515625e+02 6.402369995117187500e+02 1.886371917724609375e+02 2.760077714920043945e-01 0.000000000000000000e+00
6.652560424804687500e+02 1.708930053710937500e+02 6.828021240234375000e+02 2.250382232666015625e+02 2.748769223690032959e-01 0.000000000000000000e+00
6.780501098632812500e+02 5.931565475463867188e+01 7.283634643554687500e+02 8.953943634033203125e+01 2.605936825275421143e-01 2.000000000000000000e+00
1.114185424804687500e+03 3.420276184082031250e+02 1.209021606445312500e+03 3.990650329589843750e+02 2.554758489131927490e-01 1.300000000000000000e+01
