7.720567626953125000e+02 1.932678375244140625e+02 8.360366210937500000e+02 2.956970214843750000e+02 8.613669276237487793e-01 6.700000000000000000e+01
7.977431030273437500e+02 3.535524291992187500e+02 8.420509643554687500e+02 4.552103271484375000e+02 8.597930669784545898e-01 6.700000000000000000e+01
7.912637329101562500e+02 6.928955841064453125e+01 8.382861328125000000e+02 1.749139556884765625e+02 8.227120041847229004e-01 6.700000000000000000e+01
4.794386596679687500e+02 2.650284118652343750e+02 5.682873535156250000e+02 3.688240356445312500e+02 8.189529776573181152e-01 6.700000000000000000e+01
1.041903228759765625e+02 3.001706542968750000e+02 2.177200469970703125e+02 3.506973571777343750e+02 8.023157119750976562e-01 6.700000000000000000e+01
5.025172424316406250e+02 2.694953203201293945e+00 5.448694458007812500e+02 1.057967453002929688e+02 7.897897362709045410e-01 6.700000000000000000e+01
2.873915100097656250e+02 1.142466049194335938e+02 3.364962463378906250e+02 2.184480285644531250e+02 7.825493812561035156e-01 6.700000000000000000e+01
8.893945312500000000e+02 2.503104095458984375e+02 9.946737060546875000e+02 2.970779113769531250e+02 7.416541576385498047e-01 6.700000000000000000e+01
7.936860351562500000e+02 4.828761596679687500e+02 8.398740234375000000e+02 5.858874511718750000e+02 7.364109754562377930e-01 6.700000000000000000e+01
5.127084960937500000e+02 1.384708709716796875e+02 5.525360107421875000e+02 2.242678833007812500e+02 7.324991822242736816e-01 6.700000000000000000e+01
4.603836669921875000e+02 1.191471252441406250e+02 5.107447814941406250e+02 2.191252136230468750e+02 7.293475270271301270e-01 6.700000000000000000e+01
3.723268737792968750e+02 4.000315551757812500e+02 4.770023193359375000e+02 4.413921203613281250e+02 7.250831127166748047e-01 6.700000000000000000e+01
3.574418945312500000e+02 2.994667663574218750e+02 4.615390014648437500e+02 3.462864685058593750e+02 7.232318520545959473e-01 6.700000000000000000e+01
5.270986328125000000e+02 3.560459899902343750e+02 5.685015258789062500e+02 4.311501770019531250e+02 6.718192100524902344e-01 6.700000000000000000e+01
7.814923706054687500e+02 5.990512084960937500e+02 8.196835937500000000e+02 7.036427612304687500e+02 6.566479802131652832e-01 6.700000000000000000e+01
8.793851318359375000e+02 1.759363555908203125e+02 9.842506103515625000e+02 2.225214996337890625e+02 6.366689801216125488e-01 6.700000000000000000e+01
3.068142395019531250e+02 5.957277832031250000e+02 3.568786621093750000e+02 7.084479980468750000e+02 5.309007167816162109e-01 6.700000000000000000e+01
1.342443847656250000e+02 5.323496093750000000e+02 2.405451354980468750e+02 5.852987060546875000e+02 4.386912286281585693e-01 6.700000000000000000e+01
8.006519165039062500e+02 0.000000000000000000e+00 8.437139282226562500e+02 5.904494094848632812e+01 3.447860777378082275e-01 6.700000000000000000e+01
9.060172729492187500e+02 3.306812438964843750e+02 9.948682250976562500e+02 3.729929809570312500e+02 3.417759835720062256e-01 6.700000000000000000e+01
8.594248046875000000e+02 1.092765045166015625e+02 9.926635131835937500e+02 1.568005676269531250e+02 3.215569853782653809e-01 6.700000000000000000e+01
8.635120849609375000e+02 5.166744384765625000e+02 8.969087524414062500e+02 5.740013427734375000e+02 3.201462924480438232e-01 6.700000000000000000e+01
4.790820007324218750e+02 5.104402770996093750e+02 5.611047363281250000e+02 5.871748657226562500e+02 3.016187846660614014e-01 6.700000000000000000e+01
9.075001220703125000e+02 3.806727294921875000e+02 9.939502563476562500e+02 4.253602294921875000e+02 2.894532084465026855e-01 6.700000000000000000e+01
3.605212402343750000e+02 2.520547180175781250e+02 4.608486328125000000e+02 2.942989501953125000e+02 2.774316668510437012e-01 6.700000000000000000e+01
