4.862249374389648438e+01 6.090744628906250000e+02 1.450727691650390625e+02 7.278917236328125000e+02 8.434844613075256348e-01 2.000000000000000000e+00
1.543757629394531250e+02 6.040869750976562500e+02 2.476726837158203125e+02 7.221334228515625000e+02 8.170809745788574219e-01 2.000000000000000000e+00
2.563404846191406250e+02 5.972691650390625000e+02 3.461124572753906250e+02 7.133584594726562500e+02 7.979205250740051270e-01 2.000000000000000000e+00
6.276781005859375000e+02 5.103797607421875000e+02 6.973939208984375000e+02 5.823435058593750000e+02 7.943316698074340820e-01 2.000000000000000000e+00
8.450850219726562500e+02 4.803828430175781250e+02 9.290087890625000000e+02 5.380061035156250000e+02 7.873542904853820801e-01 2.000000000000000000e+00
3.535828247070312500e+02 6.040084838867187500e+02 4.302071533203125000e+02 7.116412353515625000e+02 7.648175358772277832e-01 2.000000000000000000e+00
1.479185638427734375e+02 4.531205444335937500e+02 2.395802612304687500e+02 5.068809509277343750e+02 7.508218288421630859e-01 2.000000000000000000e+00
8.085850830078125000e+02 4.248846435546875000e+02 8.762999877929687500e+02 4.727755432128906250e+02 7.260170578956604004e-01 2.000000000000000000e+00
6.073046875000000000e+02 4.276514282226562500e+02 6.583351440429687500e+02 4.842736511230468750e+02 7.222958803176879883e-01 2.000000000000000000e+00
0.000000000000000000e+00 6.459209594726562500e+02 4.932514953613281250e+01 7.329472656250000000e+02 7.040329575538635254e-01 2.000000000000000000e+00
4.212835693359375000e+02 5.012187500000000000e+02 5.278326416015625000e+02 5.573223266601562500e+02 7.019808888435363770e-01 2.000000000000000000e+00
9.557562255859375000e+01 4.714317016601562500e+02 1.765262298583984375e+02 5.222425537109375000e+02 6.938971281051635742e-01 2.000000000000000000e+00
9.699933052062988281e+00 4.914121093750000000e+02 1.035241622924804688e+02 5.559511718750000000e+02 6.926965117454528809e-01 2.000000000000000000e+00
4.357339477539062500e+02 5.913488159179687500e+02 5.033402404785156250e+02 7.128258056640625000e+02 6.893627047538757324e-01 2.000000000000000000e+00
5.316082763671875000e+02 5.928395385742187500e+02 5.948259887695312500e+02 7.062492065429687500e+02 6.874166131019592285e-01 2.000000000000000000e+00
2.804961853027343750e+02 3.976619567871093750e+02 3.759283142089843750e+02 4.672646484375000000e+02 6.668653488159179688e-01 2.000000000000000000e+00
4.659292602539062500e+02 4.603169555664062500e+02 5.724661254882812500e+02 5.293795166015625000e+02 6.275843381881713867e-01 2.000000000000000000e+00
3.413811035156250000e+02 3.745747680664062500e+02 4.381991577148437500e+02 4.261568603515625000e+02 6.112096905708312988e-01 2.000000000000000000e+00
5.955686645507812500e+02 3.701914672851562500e+02 6.329943237304687500e+02 4.194174194335937500e+02 5.438564419746398926e-01 2.000000000000000000e+00
7.212821655273437500e+02 3.869630432128906250e+02 7.708872680664062500e+02 4.305690307617187500e+02 5.402041673660278320e-01 2.000000000000000000e+00
1.261911254882812500e+03 4.486580505371093750e+02 1.358012451171875000e+03 5.060517272949218750e+02 5.222286581993103027e-01 2.000000000000000000e+00
7.859819335937500000e+02 3.847860717773437500e+02 8.389044189453125000e+02 4.283144836425781250e+02 5.192072391510009766e-01 2.000000000000000000e+00
5.944622802734375000e+02 2.577911987304687500e+02 6.266725463867187500e+02 2.896631469726562500e+02 5.093088746070861816e-01 2.000000000000000000e+00
4.842681274414062500e+02 2.253397369384765625e+02 5.394553222656250000e+02 2.513614349365234375e+02 4.491626322269439697e-01 2.000000000000000000e+00
2.218383636474609375e+02 4.280915832519531250e+02 3.074891967773437500e+02 4.809872131347656250e+02 4.413619637489318848e-01 2.000000000000000000e+00
6.799414672851562500e+02 3.030384826660156250e+02 7.204881591796875000e+02 3.355133361816406250e+02 4.307098090648651123e-01 2.000000000000000000e+00
6.832163696289062500e+02 3.424900512695312500e+02 7.402265014648437500e+02 3.891617126464843750e+02 4.143459200859069824e-01 2.000000000000000000e+00
4.511264343261718750e+02 2.875649414062500000e+02 5.257062988281250000e+02 3.316300354003906250e+02 4.062707722187042236e-01 2.000000000000000000e+00
5.086994323730468750e+02 4.104224548339843750e+02 5.888369750976562500e+02 4.617137756347656250e+02 3.857092261314392090e-01 2.000000000000000000e+00
7.684727172851562500e+02 3.417746582031250000e+02 8.005322875976562500e+02 3.815404357910156250e+02 3.573436439037322998e-01 2.000000000000000000e+00
3.596701660156250000e+02 2.853286132812500000e+02 4.456425170898437500e+02 3.393421936035156250e+02 3.411608338356018066e-01 2.000000000000000000e+00
3.489266662597656250e+02 3.405749816894531250e+02 4.403864440917968750e+02 3.781526794433593750e+02 3.080975413322448730e-01 2.000000000000000000e+00
1.217807006835937500e+03 3.535530700683593750e+02 1.312582641601562500e+03 3.978496704101562500e+02 2.997716069221496582e-01 2.000000000000000000e+00
7.221531982421875000e+02 2.984135742187500000e+02 7.597646484375000000e+02 3.300493469238281250e+02 2.941276431083679199e-01 2.000000000000000000e+00
5.097442016601562500e+02 3.689753417968750000e+02 5.842493286132812500e+02 4.159404296875000000e+02 2.511026859283447266e-01 2.000000000000000000e+00
