2.786223754882812500e+02 6.262002563476562500e+02 3.315733642578125000e+02 7.650000000000000000e+02 7.212392091751098633e-01 0.000000000000000000e+00
2.455887603759765625e+02 7.143763427734375000e+02 3.016057434082031250e+02 7.650000000000000000e+02 6.622037291526794434e-01 0.000000000000000000e+00
1.058801269531250000e+03 4.220155334472656250e+02 1.108350219726562500e+03 5.234777832031250000e+02 6.509674787521362305e-01 0.000000000000000000e+00
8.621104736328125000e+02 4.159742431640625000e+02 8.961038208007812500e+02 5.012122802734375000e+02 6.012710332870483398e-01 0.000000000000000000e+00
6.477535400390625000e+02 3.185910644531250000e+02 6.775106811523437500e+02 4.001566772460937500e+02 5.688269734382629395e-01 0.000000000000000000e+00
1.130726318359375000e+03 6.079693984985351562e+01 1.179056640625000000e+03 7.955096435546875000e+01 4.451749026775360107e-01 2.000000000000000000e+00
9.211035766601562500e+02 7.017204284667968750e+01 9.876680908203125000e+02 1.313514709472656250e+02 4.427188932895660400e-01 5.000000000000000000e+00
1.263647460937500000e+03 4.364848327636718750e+02 1.360000000000000000e+03 5.940192871093750000e+02 4.136491119861602783e-01 2.500000000000000000e+01
9.660014648437500000e+02 2.660344238281250000e+02 9.991258544921875000e+02 3.520451049804687500e+02 3.754271268844604492e-01 0.000000000000000000e+00
6.664111938476562500e+02 1.761978302001953125e+02 6.810769653320312500e+02 2.364984588623046875e+02 3.186226487159729004e-01 0.000000000000000000e+00
1.045951660156250000e+03 1.426320495605468750e+02 1.089104858398437500e+03 1.795815429687500000e+02 3.022255897521972656e-01 2.000000000000000000e+00
8.591649169921875000e+02 3.079320678710937500e+02 8.873570556640625000e+02 3.732633666992187500e+02 2.814539968967437744e-01 0.000000000000000000e+00
