2.083559112548828125e+02 4.272117614746093750e+02 4.268009948730468750e+02 5.633086547851562500e+02 8.997361063957214355e-01 2.000000000000000000e+00
4.411249160766601562e-01 4.888677978515625000e+02 2.022778930664062500e+02 6.163125000000000000e+02 8.925240635871887207e-01 2.000000000000000000e+00
1.036163085937500000e+03 2.283317871093750000e+02 1.142066040039062500e+03 2.998790283203125000e+02 8.498912453651428223e-01 2.000000000000000000e+00
1.240008911132812500e+03 2.980318908691406250e+02 1.360000000000000000e+03 3.919801940917968750e+02 8.338109850883483887e-01 2.000000000000000000e+00
3.221205749511718750e+02 3.930282287597656250e+02 5.106475219726562500e+02 4.878038330078125000e+02 8.314003348350524902e-01 2.000000000000000000e+00
1.106667602539062500e+03 1.415805053710937500e+02 1.193197265625000000e+03 1.865522003173828125e+02 8.019846677780151367e-01 2.000000000000000000e+00
9.316856079101562500e+02 1.624771575927734375e+02 1.002734985351562500e+03 2.093841247558593750e+02 7.911140918731689453e-01 2.000000000000000000e+00
6.886874389648437500e+02 2.387270660400390625e+02 8.175991821289062500e+02 3.121453857421875000e+02 7.739716768264770508e-01 2.000000000000000000e+00
1.317497070312500000e+03 4.250156250000000000e+02 1.360000000000000000e+03 4.952492370605468750e+02 7.682148218154907227e-01 2.000000000000000000e+00
5.687699584960937500e+02 4.545678710937500000e+02 6.011257934570312500e+02 5.437852783203125000e+02 7.580949068069458008e-01 0.000000000000000000e+00
5.181550903320312500e+02 4.084654541015625000e+02 5.458880004882812500e+02 4.889400329589843750e+02 7.561261057853698730e-01 0.000000000000000000e+00
9.295226440429687500e+02 1.069118118286132812e+02 9.809268188476562500e+02 1.484650726318359375e+02 7.438681125640869141e-01 2.000000000000000000e+00
1.104837890625000000e+03 2.089691772460937500e+02 1.201531372070312500e+03 2.738291015625000000e+02 7.304279804229736328e-01 2.000000000000000000e+00
7.324838867187500000e+02 1.881634979248046875e+02 7.905682373046875000e+02 2.455621032714843750e+02 7.112680077552795410e-01 2.000000000000000000e+00
7.188863525390625000e+02 1.353776702880859375e+02 7.700371093750000000e+02 1.857357177734375000e+02 6.718580722808837891e-01 2.000000000000000000e+00
8.577719116210937500e+02 1.229965362548828125e+02 9.036185913085937500e+02 1.681262969970703125e+02 6.331976056098937988e-01 2.000000000000000000e+00
9.720451049804687500e+02 1.255692749023437500e+02 1.037528564453125000e+03 1.834446563720703125e+02 6.069946885108947754e-01 2.000000000000000000e+00
6.890580444335937500e+02 1.095358963012695312e+02 7.283963623046875000e+02 1.531551361083984375e+02 5.544020533561706543e-01 2.000000000000000000e+00
5.763577270507812500e+02 3.987694396972656250e+02 6.008459472656250000e+02 4.646180419921875000e+02 5.115405917167663574e-01 0.000000000000000000e+00
5.829136962890625000e+02 2.844566955566406250e+02 6.887543334960937500e+02 3.756118469238281250e+02 4.527995884418487549e-01 5.000000000000000000e+00
9.727913208007812500e+02 9.894059753417968750e+01 1.026151245117187500e+03 1.303923797607421875e+02 4.297880232334136963e-01 2.000000000000000000e+00
5.926574096679687500e+02 1.156935653686523438e+02 6.809381713867187500e+02 1.827580413818359375e+02 4.126898646354675293e-01 7.000000000000000000e+00
7.900831298828125000e+02 1.623724212646484375e+02 8.046452026367187500e+02 1.994207916259765625e+02 3.634309768676757812e-01 0.000000000000000000e+00
5.793759765625000000e+02 2.817466430664062500e+02 6.897825927734375000e+02 3.721913757324218750e+02 3.577333688735961914e-01 2.000000000000000000e+00
2.946021728515625000e+02 3.008138122558593750e+02 3.215651245117187500e+02 3.643046875000000000e+02 3.372142612934112549e-01 0.000000000000000000e+00
5.461450805664062500e+02 1.543954925537109375e+02 6.317880249023437500e+02 2.204587860107421875e+02 3.295251727104187012e-01 5.000000000000000000e+00
5.665250244140625000e+02 1.335719909667968750e+02 6.817033081054687500e+02 2.100208282470703125e+02 3.202224671840667725e-01 7.000000000000000000e+00
6.530106201171875000e+02 2.814251403808593750e+02 7.272883300781250000e+02 3.295587158203125000e+02 3.184943199157714844e-01 2.000000000000000000e+00
5.421186523437500000e+02 3.366062622070312500e+02 6.026646728515625000e+02 3.738018798828125000e+02 3.150267899036407471e-01 2.000000000000000000e+00
4.673792114257812500e+02 3.145960388183593750e+02 4.924649658203125000e+02 3.758691101074218750e+02 3.004553616046905518e-01 0.000000000000000000e+00
5.380854492187500000e+02 4.047829284667968750e+02 5.917927856445312500e+02 4.803503723144531250e+02 2.993821501731872559e-01 0.000000000000000000e+00
5.940266418457031250e+01 3.450361633300781250e+02 1.346733245849609375e+02 3.955623168945312500e+02 2.846464514732360840e-01 3.000000000000000000e+00
1.392354583740234375e+02 3.237205505371093750e+02 2.119440765380859375e+02 3.793534240722656250e+02 2.718634903430938721e-01 3.000000000000000000e+00
5.469967651367187500e+02 1.552412261962890625e+02 6.312604980468750000e+02 2.200651702880859375e+02 2.716321647167205811e-01 7.000000000000000000e+00
1.196332763671875000e+03 1.359125213623046875e+02 1.212390258789062500e+03 1.624145050048828125e+02 2.711637616157531738e-01 0.000000000000000000e+00
5.428215332031250000e+02 3.702059326171875000e+02 5.712325439453125000e+02 4.320603637695312500e+02 2.557730674743652344e-01 0.000000000000000000e+00
