5.652560424804687500e+02 5.818388061523437500e+02 6.868446044921875000e+02 7.177756347656250000e+02 8.994442224502563477e-01 2.000000000000000000e+00
7.305320434570312500e+02 5.003136596679687500e+02 8.537348022460937500e+02 6.352334594726562500e+02 8.722911477088928223e-01 2.000000000000000000e+00
8.172974853515625000e+02 4.759249572753906250e+02 9.476942138671875000e+02 6.072529296875000000e+02 8.651809096336364746e-01 2.000000000000000000e+00
6.516310424804687500e+02 5.245791625976562500e+02 7.708685302734375000e+02 6.623246459960937500e+02 8.618204593658447266e-01 2.000000000000000000e+00
9.690614624023437500e+02 4.412344055175781250e+02 1.094050903320312500e+03 5.672568359375000000e+02 8.568691015243530273e-01 2.000000000000000000e+00
4.638010253906250000e+02 6.130400390625000000e+02 5.900363159179687500e+02 7.650000000000000000e+02 8.538526296615600586e-01 2.000000000000000000e+00
1.132747192382812500e+03 2.799680480957031250e+02 1.236193359375000000e+03 3.352373657226562500e+02 8.359021544456481934e-01 2.000000000000000000e+00
1.035735107421875000e+03 2.323361358642578125e+02 1.128437988281250000e+03 2.800180358886718750e+02 8.068329691886901855e-01 2.000000000000000000e+00
3.010469970703125000e+02 6.310776367187500000e+02 4.260184326171875000e+02 7.637180175781250000e+02 7.782599329948425293e-01 2.000000000000000000e+00
1.029851196289062500e+03 4.373073425292968750e+02 1.156910156250000000e+03 5.386706542968750000e+02 7.722123861312866211e-01 2.000000000000000000e+00
8.624453125000000000e+02 2.579451293945312500e+02 9.554013671875000000e+02 3.106036071777343750e+02 7.616851329803466797e-01 2.000000000000000000e+00
9.972073974609375000e+02 3.413051147460937500e+02 1.110854614257812500e+03 4.080403442382812500e+02 7.600733637809753418e-01 2.000000000000000000e+00
8.059942626953125000e+02 3.459331970214843750e+02 9.291539916992187500e+02 4.153583374023437500e+02 7.243857383728027344e-01 2.000000000000000000e+00
8.295778808593750000e+02 1.576899414062500000e+02 9.089879150390625000e+02 2.045776824951171875e+02 6.971939802169799805e-01 2.000000000000000000e+00
1.720971527099609375e+02 6.590355224609375000e+02 2.751995239257812500e+02 7.615169677734375000e+02 6.513630151748657227e-01 2.000000000000000000e+00
3.870873413085937500e+02 3.997655639648437500e+02 5.228868408203125000e+02 4.881148681640625000e+02 6.433057188987731934e-01 2.000000000000000000e+00
9.635314941406250000e+02 1.895677642822265625e+02 1.041200195312500000e+03 2.350802917480468750e+02 6.429001688957214355e-01 2.000000000000000000e+00
8.919094848632812500e+02 4.745238342285156250e+02 1.029574584960937500e+03 5.784197998046875000e+02 6.354569196701049805e-01 2.000000000000000000e+00
2.260230407714843750e+02 5.002674560546875000e+02 2.466068725585937500e+02 5.517150268554687500e+02 6.144846677780151367e-01 0.000000000000000000e+00
4.369771423339843750e+02 3.685604858398437500e+02 5.567756958007812500e+02 4.314764709472656250e+02 5.800663828849792480e-01 2.000000000000000000e+00
1.288229370117187500e+03 2.984255371093750000e+02 1.359521362304687500e+03 3.448883056640625000e+02 5.193840265274047852e-01 2.000000000000000000e+00
7.720513305664062500e+02 2.924006652832031250e+02 8.859952392578125000e+02 3.519638977050781250e+02 5.184228420257568359e-01 2.000000000000000000e+00
7.693319091796875000e+02 1.061200103759765625e+02 8.465447387695312500e+02 1.476800689697265625e+02 5.049678087234497070e-01 2.000000000000000000e+00
5.226219482421875000e+02 1.897452850341796875e+02 6.089133911132812500e+02 2.301442871093750000e+02 4.839980900287628174e-01 2.000000000000000000e+00
4.685137939453125000e+02 3.368365173339843750e+02 5.978732299804687500e+02 3.996611328125000000e+02 4.805471599102020264e-01 2.000000000000000000e+00
5.523381347656250000e+02 2.661350097656250000e+02 6.638120727539062500e+02 3.396348571777343750e+02 4.535660445690155029e-01 2.000000000000000000e+00
1.606687545776367188e+00 6.698515014648437500e+02 7.618436431884765625e+01 7.598936157226562500e+02 4.239275753498077393e-01 2.000000000000000000e+00
4.924974365234375000e+02 3.061904602050781250e+02 6.248474731445312500e+02 3.792222290039062500e+02 4.073721468448638916e-01 2.000000000000000000e+00
7.874885864257812500e+02 1.981165008544921875e+02 8.511197509765625000e+02 2.511574859619140625e+02 3.765056729316711426e-01 2.000000000000000000e+00
5.246354370117187500e+02 2.901077270507812500e+02 6.510094604492187500e+02 3.588776245117187500e+02 3.263538777828216553e-01 2.000000000000000000e+00
5.676939697265625000e+02 2.291895599365234375e+02 6.668383789062500000e+02 2.717023315429687500e+02 2.741056084632873535e-01 2.000000000000000000e+00
7.579563598632812500e+02 2.633146057128906250e+02 8.739439086914062500e+02 3.194274902343750000e+02 2.722181975841522217e-01 2.000000000000000000e+00
7.282250976562500000e+02 2.443627777099609375e+02 8.519828491210937500e+02 3.019879760742187500e+02 2.626858055591583252e-01 2.000000000000000000e+00
7.934415283203125000e+02 3.065535583496093750e+02 9.272271728515625000e+02 3.722511901855468750e+02 2.532496452331542969e-01 2.000000000000000000e+00
1.063528686523437500e+03 2.582748413085937500e+02 1.251073120117187500e+03 3.193747558593750000e+02 2.511680424213409424e-01 2.000000000000000000e+00
