1.074633666992187500e+03 3.874492492675781250e+02 1.142364135742187500e+03 4.689487915039062500e+02 7.733615636825561523e-01 2.000000000000000000e+00
5.668143920898437500e+02 2.832817077636718750e+02 6.274706420898437500e+02 3.522432861328125000e+02 7.475166916847229004e-01 2.000000000000000000e+00
6.414750366210937500e+02 4.865753173828125000e+02 7.248217773437500000e+02 5.888469238281250000e+02 7.354297041893005371e-01 2.000000000000000000e+00
7.265482788085937500e+02 2.974397888183593750e+02 7.816879882812500000e+02 3.590252380371093750e+02 7.184455990791320801e-01 2.000000000000000000e+00
1.059961914062500000e+03 3.209166564941406250e+02 1.121466064453125000e+03 3.831332397460937500e+02 7.041506767272949219e-01 2.000000000000000000e+00
1.045949462890625000e+03 2.168558959960937500e+02 1.092709106445312500e+03 2.630953369140625000e+02 6.831738352775573730e-01 2.000000000000000000e+00
1.057415283203125000e+03 2.656716308593750000e+02 1.107071166992187500e+03 3.171560668945312500e+02 6.446752548217773438e-01 2.000000000000000000e+00
1.255145263671875000e+03 5.364161987304687500e+02 1.280821655273437500e+03 5.828167724609375000e+02 6.061070561408996582e-01 0.000000000000000000e+00
5.453327026367187500e+02 4.579107666015625000e+02 6.211319580078125000e+02 5.850041503906250000e+02 5.627019405364990234e-01 2.000000000000000000e+00
6.219558715820312500e+02 3.031499633789062500e+02 6.849380493164062500e+02 3.855552062988281250e+02 5.589168667793273926e-01 2.000000000000000000e+00
1.149780151367187500e+03 5.165829467773437500e+02 1.183371337890625000e+03 5.743482666015625000e+02 4.933436810970306396e-01 0.000000000000000000e+00
1.200829711914062500e+03 3.216532897949218750e+01 1.232887573242187500e+03 5.714342880249023438e+01 4.107474982738494873e-01 2.000000000000000000e+00
1.028514526367187500e+03 4.070845336914062500e+02 1.049078857421875000e+03 4.548572998046875000e+02 3.979344666004180908e-01 0.000000000000000000e+00
2.651052246093750000e+02 3.335300922393798828e+00 3.336260986328125000e+02 3.449192810058593750e+01 3.899821043014526367e-01 2.000000000000000000e+00
1.013054687500000000e+03 1.604454650878906250e+02 1.043473999023437500e+03 1.919718627929687500e+02 3.041593730449676514e-01 2.000000000000000000e+00
4.073545837402343750e+02 3.062972412109375000e+02 4.302356262207031250e+02 3.528756408691406250e+02 2.989531159400939941e-01 9.000000000000000000e+00
1.054544677734375000e+03 1.305072174072265625e+02 1.088656005859375000e+03 1.686339416503906250e+02 2.916993796825408936e-01 2.000000000000000000e+00
8.946607055664062500e+02 1.229021453857421875e+02 9.072670288085937500e+02 1.496002197265625000e+02 2.528441846370697021e-01 9.000000000000000000e+00
