7.985734252929687500e+02 5.311080932617187500e+02 8.484863891601562500e+02 5.926342773437500000e+02 7.207604646682739258e-01 2.000000000000000000e+00
6.247191772460937500e+02 4.823575439453125000e+02 6.633350830078125000e+02 5.423566284179687500e+02 6.760483980178833008e-01 2.000000000000000000e+00
4.957234191894531250e+02 5.578422241210937500e+02 5.472553710937500000e+02 6.404177246093750000e+02 6.461888551712036133e-01 2.000000000000000000e+00
4.839870605468750000e+02 4.257132873535156250e+02 5.487904052734375000e+02 4.689119873046875000e+02 6.328724026679992676e-01 2.000000000000000000e+00
6.235673828125000000e+02 3.780115661621093750e+02 6.552736816406250000e+02 4.210595703125000000e+02 6.276826262474060059e-01 2.000000000000000000e+00
8.494444580078125000e+02 4.389347229003906250e+02 9.444906005859375000e+02 5.325129394531250000e+02 6.045878529548645020e-01 5.000000000000000000e+00
3.663034057617187500e+02 4.626014099121093750e+02 4.232857360839843750e+02 4.967292785644531250e+02 6.031458973884582520e-01 2.000000000000000000e+00
7.209076538085937500e+02 3.738950500488281250e+02 7.507572631835937500e+02 4.177607727050781250e+02 5.981680750846862793e-01 2.000000000000000000e+00
5.087030944824218750e+02 4.990672912597656250e+02 5.636938476562500000e+02 5.488931274414062500e+02 5.898350477218627930e-01 2.000000000000000000e+00
8.357407226562500000e+02 6.229168090820312500e+02 8.935166625976562500e+02 7.052061157226562500e+02 5.897828936576843262e-01 2.000000000000000000e+00
8.836237792968750000e+02 5.357778320312500000e+02 9.946029052734375000e+02 5.986441650390625000e+02 5.663979053497314453e-01 2.000000000000000000e+00
7.761419677734375000e+02 4.754010009765625000e+02 8.152200927734375000e+02 5.180616455078125000e+02 5.184490680694580078e-01 2.000000000000000000e+00
6.097321777343750000e+02 6.297890014648437500e+02 6.604099121093750000e+02 7.363629150390625000e+02 5.159483551979064941e-01 2.000000000000000000e+00
7.303218994140625000e+02 2.861308593750000000e+02 7.535070190429687500e+02 3.108560180664062500e+02 4.821950495243072510e-01 2.000000000000000000e+00
6.085150146484375000e+02 6.298366699218750000e+02 6.597681884765625000e+02 7.340432739257812500e+02 4.558044672012329102e-01 5.000000000000000000e+00
5.569719238281250000e+02 2.921381835937500000e+02 5.872484741210937500e+02 3.368247985839843750e+02 4.312344491481781006e-01 2.000000000000000000e+00
7.527224731445312500e+02 3.919046020507812500e+02 7.813273925781250000e+02 4.347081604003906250e+02 4.229454398155212402e-01 2.000000000000000000e+00
5.845970458984375000e+02 3.137704467773437500e+02 6.107115478515625000e+02 3.426733093261718750e+02 4.055715501308441162e-01 2.000000000000000000e+00
8.565729980468750000e+02 7.195232543945312500e+02 9.153803710937500000e+02 7.636891479492187500e+02 3.969565033912658691e-01 2.000000000000000000e+00
5.651505737304687500e+02 3.619055786132812500e+02 6.010344848632812500e+02 3.904526672363281250e+02 3.922073245048522949e-01 2.000000000000000000e+00
7.613251342773437500e+02 2.494462890625000000e+02 8.081698608398437500e+02 2.792628173828125000e+02 3.712782263755798340e-01 2.000000000000000000e+00
5.423867797851562500e+02 3.778748168945312500e+02 5.830782470703125000e+02 4.098539733886718750e+02 3.633872270584106445e-01 2.000000000000000000e+00
1.119948608398437500e+03 6.426523437500000000e+02 1.136789916992187500e+03 6.759344482421875000e+02 3.622681200504302979e-01 0.000000000000000000e+00
5.469350585937500000e+02 3.648643798828125000e+02 5.959816284179687500e+02 4.003100585937500000e+02 3.335630595684051514e-01 2.000000000000000000e+00
7.047879638671875000e+02 2.594690856933593750e+02 7.328479614257812500e+02 2.860736694335937500e+02 3.283786475658416748e-01 2.000000000000000000e+00
5.527960815429687500e+02 2.208909912109375000e+02 5.973475341796875000e+02 2.525630035400390625e+02 3.102431297302246094e-01 2.000000000000000000e+00
0.000000000000000000e+00 3.924795227050781250e+02 2.975818786621093750e+02 7.553829956054687500e+02 2.927146553993225098e-01 5.000000000000000000e+00
7.484368896484375000e+02 4.992605285644531250e+02 7.607202148437500000e+02 5.356737670898437500e+02 2.876592576503753662e-01 0.000000000000000000e+00
1.200713134765625000e+03 6.364824829101562500e+02 1.250369262695312500e+03 6.854547729492187500e+02 2.752985954284667969e-01 3.000000000000000000e+00
5.707977294921875000e+02 3.061752929687500000e+02 6.083831176757812500e+02 3.401359863281250000e+02 2.685568034648895264e-01 2.000000000000000000e+00
