1.219633666992187500e+03 7.867915649414062500e+02 1.368665405273437500e+03 8.917813110351562500e+02 8.866105675697326660e-01 2.000000000000000000e+00
1.309450561523437500e+03 9.301884155273437500e+02 1.490471801757812500e+03 1.065641601562500000e+03 8.800571560859680176e-01 2.000000000000000000e+00
1.280446899414062500e+03 8.460719604492187500e+02 1.438839111328125000e+03 9.636161499023437500e+02 8.785384297370910645e-01 2.000000000000000000e+00
9.547756347656250000e+02 6.767517700195312500e+02 1.034523925781250000e+03 7.672496337890625000e+02 8.245299458503723145e-01 2.000000000000000000e+00
4.925211181640625000e+02 5.422126464843750000e+02 5.615403442382812500e+02 6.197906494140625000e+02 8.136226534843444824e-01 2.000000000000000000e+00
8.473778686523437500e+02 9.268855590820312500e+02 9.550607299804687500e+02 1.078233886718750000e+03 7.867878675460815430e-01 2.000000000000000000e+00
1.182660522460937500e+03 7.196056518554687500e+02 1.327317504882812500e+03 8.172781372070312500e+02 7.850485444068908691e-01 2.000000000000000000e+00
1.165243652343750000e+03 5.541858520507812500e+02 1.299014038085937500e+03 6.132060546875000000e+02 7.784122228622436523e-01 2.000000000000000000e+00
1.049825683593750000e+03 5.723164672851562500e+02 1.152892700195312500e+03 6.385144042968750000e+02 7.115480899810791016e-01 2.000000000000000000e+00
4.863037109375000000e+02 8.262406005859375000e+02 6.076770629882812500e+02 9.867940673828125000e+02 7.081146240234375000e-01 2.000000000000000000e+00
8.490045776367187500e+02 7.638126220703125000e+02 9.514667358398437500e+02 8.845097045898437500e+02 6.989296078681945801e-01 2.000000000000000000e+00
7.910776519775390625e+01 8.692117919921875000e+02 1.168152008056640625e+02 9.505611572265625000e+02 6.740230917930603027e-01 0.000000000000000000e+00
3.091392211914062500e+02 5.087838439941406250e+02 3.957018127441406250e+02 5.804201660156250000e+02 6.679919362068176270e-01 2.000000000000000000e+00
1.138599365234375000e+03 6.306258544921875000e+02 1.276171264648437500e+03 7.258410034179687500e+02 6.604077816009521484e-01 2.000000000000000000e+00
1.445363159179687500e+03 1.032377807617187500e+03 1.579671508789062500e+03 1.080000000000000000e+03 6.449798345565795898e-01 2.000000000000000000e+00
4.464460144042968750e+02 1.028690185546875000e+03 5.558479614257812500e+02 1.079194702148437500e+03 6.426216363906860352e-01 2.000000000000000000e+00
6.073458862304687500e+02 6.362249145507812500e+02 6.712561035156250000e+02 7.328207397460937500e+02 6.179629564285278320e-01 2.000000000000000000e+00
9.099767456054687500e+02 5.100299377441406250e+02 9.682072143554687500e+02 5.684127197265625000e+02 6.033015847206115723e-01 2.000000000000000000e+00
1.182564697265625000e+03 8.462334594726562500e+02 1.220046020507812500e+03 9.309695434570312500e+02 6.030059456825256348e-01 0.000000000000000000e+00
2.020380249023437500e+02 6.231577148437500000e+02 3.095236816406250000e+02 7.217684326171875000e+02 5.974310636520385742e-01 2.000000000000000000e+00
8.225400390625000000e+02 4.551580810546875000e+02 8.663729248046875000e+02 5.026803588867187500e+02 5.850936770439147949e-01 2.000000000000000000e+00
8.370161132812500000e+02 6.729677124023437500e+02 9.001957397460937500e+02 7.656622924804687500e+02 5.783586502075195312e-01 2.000000000000000000e+00
8.335783691406250000e+02 5.804299926757812500e+02 8.933450927734375000e+02 6.542315673828125000e+02 5.718283057212829590e-01 2.000000000000000000e+00
2.648758239746093750e+02 5.602949218750000000e+02 3.348251953125000000e+02 6.308311767578125000e+02 5.545294880867004395e-01 2.000000000000000000e+00
8.864930419921875000e+02 3.205384216308593750e+02 9.249678955078125000e+02 3.554457397460937500e+02 5.499127507209777832e-01 2.000000000000000000e+00
1.204265380859375000e+03 4.455224304199218750e+02 1.277916503906250000e+03 5.176397705078125000e+02 5.495322942733764648e-01 2.000000000000000000e+00
3.708174133300781250e+02 4.592784118652343750e+02 4.297530212402343750e+02 5.194136962890625000e+02 5.464710593223571777e-01 2.000000000000000000e+00
1.348315887451171875e+02 6.960928344726562500e+02 2.518054962158203125e+02 8.074758911132812500e+02 5.429674386978149414e-01 2.000000000000000000e+00
9.482243041992187500e+02 3.107991333007812500e+02 9.880123901367187500e+02 3.455074768066406250e+02 5.348021984100341797e-01 2.000000000000000000e+00
1.042838867187500000e+03 1.043037353515625000e+03 1.154174682617187500e+03 1.080000000000000000e+03 5.176758170127868652e-01 2.000000000000000000e+00
5.177731933593750000e+02 2.865844726562500000e+02 5.740474853515625000e+02 3.422776794433593750e+02 4.902757406234741211e-01 2.000000000000000000e+00
6.485520629882812500e+02 2.304956817626953125e+02 6.764813232421875000e+02 2.558614654541015625e+02 4.787328541278839111e-01 2.000000000000000000e+00
4.011648864746093750e+02 4.137160034179687500e+02 4.594426879882812500e+02 4.706534729003906250e+02 4.658231139183044434e-01 2.000000000000000000e+00
4.877992858886718750e+02 3.312051086425781250e+02 5.338619995117187500e+02 3.755242309570312500e+02 4.633941650390625000e-01 2.000000000000000000e+00
6.469918212890625000e+02 4.726646118164062500e+02 7.093884277343750000e+02 5.373580322265625000e+02 4.620949923992156982e-01 2.000000000000000000e+00
2.972505187988281250e+02 6.694911499023437500e+02 3.195524597167968750e+02 7.244925537109375000e+02 4.553281664848327637e-01 0.000000000000000000e+00
3.273300476074218750e+02 6.483853759765625000e+02 3.514778747558593750e+02 7.113134765625000000e+02 4.453539848327636719e-01 0.000000000000000000e+00
1.526889770507812500e+03 8.351726074218750000e+02 1.561261596679687500e+03 9.112479858398437500e+02 4.409613609313964844e-01 0.000000000000000000e+00
1.061071289062500000e+03 4.051982116699218750e+02 1.112729980468750000e+03 4.606257934570312500e+02 4.128672480583190918e-01 2.000000000000000000e+00
1.096975830078125000e+03 5.992129516601562500e+02 1.216480957031250000e+03 6.678981933593750000e+02 3.844152092933654785e-01 2.000000000000000000e+00
2.772392578125000000e+02 5.169432373046875000e+02 3.882496032714843750e+02 6.186209716796875000e+02 3.736774325370788574e-01 2.000000000000000000e+00
8.237615356445312500e+02 3.882716674804687500e+02 8.660261230468750000e+02 4.257318420410156250e+02 3.627865314483642578e-01 2.000000000000000000e+00
1.303666137695312500e+03 5.732780761718750000e+02 1.325271606445312500e+03 6.239686279296875000e+02 3.536202907562255859e-01 0.000000000000000000e+00
7.809640502929687500e+01 5.827547607421875000e+02 1.091625137329101562e+02 6.657645263671875000e+02 3.464238643646240234e-01 0.000000000000000000e+00
1.861462554931640625e+02 7.661593017578125000e+02 2.103278961181640625e+02 8.388100585937500000e+02 3.382850587368011475e-01 0.000000000000000000e+00
1.037947509765625000e+03 1.780482482910156250e+02 1.123149047851562500e+03 2.407900238037109375e+02 3.366384506225585938e-01 7.000000000000000000e+00
4.369238891601562500e+02 3.800964050292968750e+02 4.912862548828125000e+02 4.317867126464843750e+02 3.183767795562744141e-01 2.000000000000000000e+00
1.215979370117187500e+03 3.489515380859375000e+02 1.306605957031250000e+03 4.228506164550781250e+02 3.003474473953247070e-01 2.000000000000000000e+00
1.103645751953125000e+03 4.602601318359375000e+02 1.159554199218750000e+03 5.409637451171875000e+02 2.982392013072967529e-01 2.000000000000000000e+00
4.963098754882812500e+02 3.059734802246093750e+02 5.564608154296875000e+02 3.600795898437500000e+02 2.890075743198394775e-01 2.000000000000000000e+00
2.375702056884765625e+02 6.817974853515625000e+02 2.720544433593750000e+02 7.463712158203125000e+02 2.627073824405670166e-01 0.000000000000000000e+00
9.913056030273437500e+02 4.524944458007812500e+02 1.009890258789062500e+03 4.916780090332031250e+02 2.611697614192962646e-01 0.000000000000000000e+00
5.090414733886718750e+02 4.376354370117187500e+02 5.259240722656250000e+02 4.794535217285156250e+02 2.562077045440673828e-01 0.000000000000000000e+00
