4.372750244140625000e+02 2.570729370117187500e+02 4.564478149414062500e+02 2.746622924804687500e+02 6.698609590530395508e-01 2.000000000000000000e+00
4.692838439941406250e+02 2.837237854003906250e+02 4.889851684570312500e+02 3.033599853515625000e+02 6.474425196647644043e-01 2.000000000000000000e+00
4.361974487304687500e+02 3.523379211425781250e+02 4.705315551757812500e+02 4.106519165039062500e+02 6.379467248916625977e-01 7.000000000000000000e+00
4.374685668945312500e+02 3.524077148437500000e+02 4.710979003906250000e+02 4.099738769531250000e+02 6.187807917594909668e-01 5.000000000000000000e+00
4.323790588378906250e+02 2.032197418212890625e+02 4.474799499511718750e+02 2.168950653076171875e+02 4.613964259624481201e-01 2.000000000000000000e+00
4.554189453125000000e+02 1.964117126464843750e+02 4.664805297851562500e+02 2.076241302490234375e+02 4.019083380699157715e-01 2.000000000000000000e+00
5.430502319335937500e+02 3.259926452636718750e+02 5.685930786132812500e+02 3.449944152832031250e+02 3.579261600971221924e-01 2.000000000000000000e+00
3.370398559570312500e+02 4.844417724609375000e+02 3.556896972656250000e+02 5.279526367187500000e+02 3.348910510540008545e-01 9.000000000000000000e+00
5.358703002929687500e+02 3.020831298828125000e+02 5.575004882812500000e+02 3.229164123535156250e+02 3.225421309471130371e-01 2.000000000000000000e+00
3.563870849609375000e+02 2.134810791015625000e+02 3.728378906250000000e+02 2.271357116699218750e+02 2.768257856369018555e-01 2.000000000000000000e+00
