4.070022583007812500e+02 4.343331604003906250e+02 4.597185668945312500e+02 4.904378051757812500e+02 8.436025381088256836e-01 2.000000000000000000e+00
5.449158935546875000e+02 3.026132812500000000e+02 5.991382446289062500e+02 3.455796203613281250e+02 7.906801104545593262e-01 2.000000000000000000e+00
2.079583282470703125e+02 6.464700317382812500e+02 2.978968505859375000e+02 7.535211791992187500e+02 7.898557782173156738e-01 2.000000000000000000e+00
3.639461059570312500e+02 5.043353881835937500e+02 4.218989257812500000e+02 5.660067138671875000e+02 7.839570641517639160e-01 2.000000000000000000e+00
5.670396118164062500e+02 5.377329101562500000e+02 6.183390502929687500e+02 6.143248901367187500e+02 7.573767304420471191e-01 2.000000000000000000e+00
7.399481811523437500e+02 6.793557739257812500e+02 8.004212036132812500e+02 7.636717529296875000e+02 7.435969710350036621e-01 2.000000000000000000e+00
7.301886596679687500e+02 5.595776977539062500e+02 7.852408447265625000e+02 6.555556030273437500e+02 7.396854758262634277e-01 2.000000000000000000e+00
6.452829589843750000e+02 5.143690795898437500e+02 6.931753540039062500e+02 5.859369506835937500e+02 7.090839147567749023e-01 2.000000000000000000e+00
6.242778930664062500e+02 4.345075378417968750e+02 6.672832031250000000e+02 4.895343322753906250e+02 6.866986155509948730e-01 2.000000000000000000e+00
6.207419433593750000e+02 2.567403564453125000e+02 6.794767456054687500e+02 2.863539123535156250e+02 6.016285419464111328e-01 2.000000000000000000e+00
7.256047973632812500e+02 4.898368225097656250e+02 7.669508666992187500e+02 5.567490234375000000e+02 5.770280957221984863e-01 2.000000000000000000e+00
4.565352783203125000e+02 2.361423797607421875e+02 5.155780639648437500e+02 2.603917541503906250e+02 5.670471191406250000e-01 2.000000000000000000e+00
5.856385498046875000e+02 7.292799682617187500e+02 6.484774169921875000e+02 7.650000000000000000e+02 4.702820479869842529e-01 2.000000000000000000e+00
4.724111633300781250e+02 5.502360839843750000e+02 4.887377624511718750e+02 5.944416503906250000e+02 4.077958762645721436e-01 0.000000000000000000e+00
4.372644958496093750e+02 3.161453247070312500e+02 4.838001708984375000e+02 3.414127807617187500e+02 3.496602177619934082e-01 2.000000000000000000e+00
4.045009613037109375e-01 3.965007400512695312e+01 2.923591308593750000e+02 5.775128173828125000e+02 2.592990994453430176e-01 5.000000000000000000e+00
6.904617919921875000e+02 7.080250854492187500e+02 7.065587768554687500e+02 7.523092041015625000e+02 2.517376840114593506e-01 0.000000000000000000e+00
