0.000000000000000000e+00 5.481157836914062500e+02 9.117641448974609375e+01 6.866558227539062500e+02 8.201838135719299316e-01 2.000000000000000000e+00
8.311947021484375000e+02 4.560010375976562500e+02 9.287307128906250000e+02 5.371057739257812500e+02 8.088818192481994629e-01 2.000000000000000000e+00
6.882598876953125000e+02 2.479120025634765625e+02 7.317908325195312500e+02 2.972910156250000000e+02 7.860944271087646484e-01 2.000000000000000000e+00
8.155525512695312500e+02 3.859395446777343750e+02 8.836658935546875000e+02 4.619552917480468750e+02 7.725473046302795410e-01 2.000000000000000000e+00
6.749620971679687500e+02 1.769207458496093750e+02 7.117628173828125000e+02 2.161579895019531250e+02 7.506868839263916016e-01 2.000000000000000000e+00
8.637431030273437500e+02 3.534612121582031250e+02 9.584912109375000000e+02 4.107578735351562500e+02 7.296769618988037109e-01 2.000000000000000000e+00
5.263871459960937500e+02 2.040741577148437500e+02 5.636916503906250000e+02 2.507352447509765625e+02 6.669234037399291992e-01 2.000000000000000000e+00
5.906583251953125000e+02 1.578967132568359375e+02 6.138155517578125000e+02 1.950214385986328125e+02 6.579605937004089355e-01 2.000000000000000000e+00
5.436670532226562500e+02 1.272550582885742188e+02 5.730343017578125000e+02 1.616516113281250000e+02 6.553989052772521973e-01 2.000000000000000000e+00
6.597200927734375000e+02 1.027706298828125000e+02 6.883615722656250000e+02 1.325524291992187500e+02 6.243423223495483398e-01 2.000000000000000000e+00
3.484067993164062500e+02 8.353841400146484375e+01 3.827313842773437500e+02 1.142818298339843750e+02 6.190522909164428711e-01 2.000000000000000000e+00
5.097692260742187500e+02 1.556414489746093750e+02 5.473778686523437500e+02 1.933042907714843750e+02 6.168215870857238770e-01 2.000000000000000000e+00
2.441077270507812500e+02 1.809385528564453125e+02 2.973901062011718750e+02 2.251422882080078125e+02 6.089953780174255371e-01 2.000000000000000000e+00
7.178570556640625000e+02 9.357682037353515625e+01 7.459144897460937500e+02 1.217263031005859375e+02 5.456667542457580566e-01 2.000000000000000000e+00
1.080295776367187500e+03 6.636072998046875000e+02 1.116159912109375000e+03 7.249584960937500000e+02 5.136229395866394043e-01 0.000000000000000000e+00
5.113934020996093750e+02 2.865953369140625000e+02 5.565002441406250000e+02 3.636030578613281250e+02 4.678724706172943115e-01 5.000000000000000000e+00
4.521915283203125000e+02 6.495061645507812500e+02 5.336802368164062500e+02 7.613921508789062500e+02 4.661239981651306152e-01 2.000000000000000000e+00
3.356893310546875000e+02 4.321322631835937500e+02 4.624241027832031250e+02 7.528395385742187500e+02 4.537685215473175049e-01 5.000000000000000000e+00
5.121808471679687500e+02 2.869353027343750000e+02 5.561675415039062500e+02 3.619732055664062500e+02 3.727847933769226074e-01 2.000000000000000000e+00
7.791026000976562500e+02 2.463409576416015625e+02 7.924756469726562500e+02 2.788583068847656250e+02 3.722318410873413086e-01 0.000000000000000000e+00
2.884101257324218750e+02 2.544147644042968750e+02 3.424608459472656250e+02 3.286315917968750000e+02 3.412437438964843750e-01 7.000000000000000000e+00
3.830122680664062500e+02 4.546321487426757812e+01 4.247695007324218750e+02 7.449438476562500000e+01 3.228387236595153809e-01 2.000000000000000000e+00
4.171936645507812500e+02 9.131397247314453125e+01 4.300114440917968750e+02 1.104324417114257812e+02 2.698950469493865967e-01 0.000000000000000000e+00
4.188110961914062500e+02 9.056593322753906250e+01 4.316128234863281250e+02 1.108966674804687500e+02 2.671707570552825928e-01 9.000000000000000000e+00
5.122569580078125000e+02 2.861741333007812500e+02 5.552378540039062500e+02 3.560780029296875000e+02 2.656064331531524658e-01 7.000000000000000000e+00
4.510908508300781250e+02 6.507078247070312500e+02 5.306015014648437500e+02 7.605745239257812500e+02 2.542726993560791016e-01 7.000000000000000000e+00
