3.702027282714843750e+02 4.533743591308593750e+02 4.759907226562500000e+02 4.989092712402343750e+02 7.478253841400146484e-01 2.000000000000000000e+00
3.980838317871093750e+02 6.424274291992187500e+02 4.830291748046875000e+02 7.642008056640625000e+02 7.370362281799316406e-01 5.000000000000000000e+00
1.093029907226562500e+03 6.744320678710937500e+02 1.182273437500000000e+03 7.546264038085937500e+02 7.280828952789306641e-01 2.000000000000000000e+00
5.908483276367187500e+02 3.408078002929687500e+02 6.144270629882812500e+02 3.736713867187500000e+02 5.954166054725646973e-01 2.000000000000000000e+00
7.194106445312500000e+02 3.775065307617187500e+02 7.560784301757812500e+02 4.083913879394531250e+02 5.702747106552124023e-01 2.000000000000000000e+00
4.915723876953125000e+02 4.242180786132812500e+02 5.366645507812500000e+02 4.697775573730468750e+02 5.661323666572570801e-01 2.000000000000000000e+00
4.968683471679687500e+02 4.006204528808593750e+02 5.411721191406250000e+02 4.329559936523437500e+02 4.588839113712310791e-01 2.000000000000000000e+00
7.476071166992187500e+02 3.965911254882812500e+02 7.997640380859375000e+02 4.335012512207031250e+02 4.587840735912322998e-01 2.000000000000000000e+00
5.850947265625000000e+02 4.731439819335937500e+02 6.052801513671875000e+02 5.148609008789062500e+02 3.998267054557800293e-01 0.000000000000000000e+00
6.666074218750000000e+02 3.253276367187500000e+02 6.922105102539062500e+02 3.498296508789062500e+02 3.980227708816528320e-01 2.000000000000000000e+00
9.281259155273437500e+02 5.246239624023437500e+02 9.995258789062500000e+02 5.588045043945312500e+02 3.652636408805847168e-01 2.000000000000000000e+00
8.035858764648437500e+02 4.231697387695312500e+02 8.959967651367187500e+02 4.696981506347656250e+02 3.618707656860351562e-01 2.000000000000000000e+00
5.766678466796875000e+02 2.821494445800781250e+02 5.978132934570312500e+02 3.077077026367187500e+02 3.084408640861511230e-01 2.000000000000000000e+00
3.596246032714843750e+02 4.769977111816406250e+02 3.716288146972656250e+02 5.205024414062500000e+02 2.920195460319519043e-01 0.000000000000000000e+00
6.971469726562500000e+02 3.575229187011718750e+02 7.315391845703125000e+02 3.815623168945312500e+02 2.887861132621765137e-01 2.000000000000000000e+00
5.437425537109375000e+02 2.483683166503906250e+02 5.740272827148437500e+02 2.681258544921875000e+02 2.835075855255126953e-01 2.000000000000000000e+00
6.365352172851562500e+02 2.686445007324218750e+02 6.662749633789062500e+02 2.868487548828125000e+02 2.822793126106262207e-01 2.000000000000000000e+00
5.109999389648437500e+02 3.721365661621093750e+02 5.334826049804687500e+02 3.913720092773437500e+02 2.726579010486602783e-01 2.000000000000000000e+00
4.198665771484375000e+02 4.432052307128906250e+02 4.860838012695312500e+02 4.826202697753906250e+02 2.518950104713439941e-01 2.000000000000000000e+00
