0.000000000000000000e+00 4.017000122070312500e+02 2.935806083679199219e+01 4.968487548828125000e+02 8.346261978149414062e-01 0.000000000000000000e+00
2.329629516601562500e+02 3.720236206054687500e+02 2.702609863281250000e+02 4.732503662109375000e+02 8.272070288658142090e-01 0.000000000000000000e+00
5.311959228515625000e+02 2.635944519042968750e+02 5.554945678710937500e+02 3.333194580078125000e+02 7.548160552978515625e-01 0.000000000000000000e+00
7.265998840332031250e+01 2.308260498046875000e+02 9.360739135742187500e+01 2.871757812500000000e+02 7.354015707969665527e-01 0.000000000000000000e+00
3.501708068847656250e+02 2.704721984863281250e+02 3.772003173828125000e+02 3.387926940917968750e+02 7.344301939010620117e-01 0.000000000000000000e+00
5.725816040039062500e+02 2.565380859375000000e+02 5.961806640625000000e+02 3.187455749511718750e+02 6.931301951408386230e-01 0.000000000000000000e+00
2.415849151611328125e+02 3.129425659179687500e+02 2.624348144531250000e+02 3.792028198242187500e+02 6.825874447822570801e-01 0.000000000000000000e+00
2.181099243164062500e+02 2.399109191894531250e+02 2.472252502441406250e+02 2.934451293945312500e+02 5.850189924240112305e-01 0.000000000000000000e+00
7.583283691406250000e+02 2.633855590820312500e+02 7.802416992187500000e+02 2.961046752929687500e+02 5.613387227058410645e-01 0.000000000000000000e+00
7.361856079101562500e+02 2.591521911621093750e+02 7.551109619140625000e+02 2.923352966308593750e+02 5.275166034698486328e-01 0.000000000000000000e+00
5.030325622558593750e+02 2.327825012207031250e+02 5.213265380859375000e+02 2.841823120117187500e+02 4.935750961303710938e-01 0.000000000000000000e+00
1.860068359375000000e+02 3.359359741210937500e+02 2.206654968261718750e+02 3.814021911621093750e+02 4.848518967628479004e-01 0.000000000000000000e+00
4.311426086425781250e+02 2.457642669677734375e+02 4.521909484863281250e+02 3.069894104003906250e+02 4.836556315422058105e-01 0.000000000000000000e+00
3.037738342285156250e+02 2.299751281738281250e+02 3.223641662597656250e+02 2.864148559570312500e+02 4.282664954662322998e-01 0.000000000000000000e+00
4.790251464843750000e+02 2.496220550537109375e+02 5.008658752441406250e+02 3.060618286132812500e+02 4.181124866008758545e-01 0.000000000000000000e+00
1.870230407714843750e+02 1.814795532226562500e+02 2.028395843505859375e+02 2.171857147216796875e+02 4.174678027629852295e-01 0.000000000000000000e+00
1.049373168945312500e+02 1.703695678710937500e+02 1.169029159545898438e+02 1.987420501708984375e+02 3.912671506404876709e-01 0.000000000000000000e+00
1.750833740234375000e+02 3.281364746093750000e+02 1.935432586669921875e+02 3.755079650878906250e+02 3.538903892040252686e-01 0.000000000000000000e+00
2.068368682861328125e+02 2.088285369873046875e+02 2.272469024658203125e+02 2.535715484619140625e+02 2.984251976013183594e-01 0.000000000000000000e+00
