2.179746704101562500e+02 6.272969360351562500e+02 3.404303283691406250e+02 7.601576538085937500e+02 8.749228715896606445e-01 2.000000000000000000e+00
2.949356384277343750e+02 5.222055053710937500e+02 4.189572143554687500e+02 6.330651855468750000e+02 8.739390969276428223e-01 2.000000000000000000e+00
1.204147583007812500e+03 5.982280883789062500e+02 1.313813720703125000e+03 7.232294311523437500e+02 8.463646769523620605e-01 2.000000000000000000e+00
9.099812011718750000e+02 5.341881103515625000e+02 1.057475708007812500e+03 6.010729370117187500e+02 8.332102894783020020e-01 2.000000000000000000e+00
8.701646728515625000e+02 5.920903930664062500e+02 1.038406860351562500e+03 6.626524658203125000e+02 8.295616507530212402e-01 2.000000000000000000e+00
1.125885253906250000e+03 4.665027160644531250e+02 1.195536132812500000e+03 5.404583129882812500e+02 8.180607557296752930e-01 2.000000000000000000e+00
3.228118896484375000e+02 3.964413757324218750e+02 4.301146240234375000e+02 4.592941894531250000e+02 8.066876530647277832e-01 2.000000000000000000e+00
5.047991333007812500e+02 3.544481506347656250e+02 5.634168090820312500e+02 4.211263122558593750e+02 8.047590255737304688e-01 2.000000000000000000e+00
4.912610168457031250e+02 1.818020477294921875e+02 5.669652099609375000e+02 2.248017730712890625e+02 8.010303378105163574e-01 2.000000000000000000e+00
3.356087951660156250e+02 4.378060302734375000e+02 4.284390258789062500e+02 5.276002197265625000e+02 7.880582213401794434e-01 2.000000000000000000e+00
5.266091823577880859e-01 5.835072631835937500e+02 1.001113128662109375e+02 6.680185546875000000e+02 7.811431288719177246e-01 2.000000000000000000e+00
8.106915893554687500e+02 6.800996704101562500e+02 8.704815673828125000e+02 7.630762329101562500e+02 7.717133164405822754e-01 2.000000000000000000e+00
2.338169574737548828e+00 5.328406982421875000e+02 1.515323486328125000e+02 5.974712524414062500e+02 7.564314603805541992e-01 2.000000000000000000e+00
2.365494079589843750e+02 3.031719665527343750e+02 3.351907043457031250e+02 3.482689514160156250e+02 7.433775663375854492e-01 2.000000000000000000e+00
3.008915405273437500e+02 2.448887939453125000e+02 3.836422424316406250e+02 2.793560485839843750e+02 7.354310154914855957e-01 2.000000000000000000e+00
9.540338745117187500e+02 3.979936218261718750e+02 1.017040161132812500e+03 4.735581665039062500e+02 7.232578396797180176e-01 2.000000000000000000e+00
1.043222900390625000e+03 3.201884460449218750e+02 1.132214599609375000e+03 3.812939147949218750e+02 7.023043036460876465e-01 2.000000000000000000e+00
9.800763549804687500e+02 2.234967498779296875e+02 1.070853515625000000e+03 2.601781616210937500e+02 6.552717685699462891e-01 2.000000000000000000e+00
8.992145538330078125e+01 4.139934997558593750e+02 2.203487091064453125e+02 4.850103759765625000e+02 6.300133466720581055e-01 2.000000000000000000e+00
6.928422851562500000e+02 1.053983230590820312e+02 7.231929321289062500e+02 1.353878173828125000e+02 6.206548213958740234e-01 2.000000000000000000e+00
3.964919433593750000e+02 2.856797790527343750e+02 5.091061096191406250e+02 3.391411743164062500e+02 6.194429993629455566e-01 2.000000000000000000e+00
4.391695251464843750e+02 3.314641418457031250e+02 5.064856262207031250e+02 3.984651794433593750e+02 6.182898879051208496e-01 2.000000000000000000e+00
4.159717712402343750e+02 1.767775268554687500e+02 4.578898620605468750e+02 2.089691162109375000e+02 5.882353782653808594e-01 2.000000000000000000e+00
7.327031860351562500e+02 1.983563232421875000e+02 7.680109863281250000e+02 2.376360778808593750e+02 5.829051136970520020e-01 2.000000000000000000e+00
6.673235473632812500e+02 1.544000396728515625e+02 7.021276855468750000e+02 1.945257263183593750e+02 5.593993067741394043e-01 2.000000000000000000e+00
5.852306518554687500e+02 1.599193267822265625e+02 6.297530517578125000e+02 2.035029754638671875e+02 5.527484416961669922e-01 2.000000000000000000e+00
8.199578247070312500e+02 4.444238281250000000e+02 8.738781738281250000e+02 5.303422851562500000e+02 5.506674647331237793e-01 2.000000000000000000e+00
7.558048706054687500e+02 1.065903091430664062e+02 7.838601074218750000e+02 1.323867340087890625e+02 5.189220309257507324e-01 2.000000000000000000e+00
4.142521362304687500e+02 1.114146118164062500e+02 4.594949035644531250e+02 1.408194122314453125e+02 5.166277289390563965e-01 2.000000000000000000e+00
9.385632934570312500e+02 6.639760131835937500e+02 1.030078979492187500e+03 7.596432495117187500e+02 4.677665531635284424e-01 2.000000000000000000e+00
1.294940643310546875e+02 3.752756652832031250e+02 2.459263305664062500e+02 4.289439697265625000e+02 4.541218280792236328e-01 2.000000000000000000e+00
1.026587280273437500e+03 2.931110229492187500e+02 1.126060668945312500e+03 3.686864624023437500e+02 4.532698094844818115e-01 2.000000000000000000e+00
1.003077819824218750e+03 2.659789428710937500e+02 1.093325683593750000e+03 3.340889892578125000e+02 4.519488811492919922e-01 2.000000000000000000e+00
3.606720886230468750e+02 1.779622344970703125e+02 3.962054138183593750e+02 2.098137817382812500e+02 4.408615231513977051e-01 2.000000000000000000e+00
4.880704498291015625e+01 4.766943969726562500e+02 1.896734008789062500e+02 5.363622436523437500e+02 4.312356114387512207e-01 2.000000000000000000e+00
6.111057739257812500e+02 1.239429550170898438e+02 6.451794433593750000e+02 1.584150543212890625e+02 4.185292720794677734e-01 2.000000000000000000e+00
3.853463745117187500e+02 1.447255859375000000e+02 4.322548217773437500e+02 1.806554107666015625e+02 3.879206180572509766e-01 2.000000000000000000e+00
8.206903686523437500e+02 3.713747863769531250e+02 8.694199829101562500e+02 4.369577026367187500e+02 3.853391706943511963e-01 2.000000000000000000e+00
8.155181274414062500e+02 2.559856567382812500e+02 8.536840820312500000e+02 3.027371520996093750e+02 3.596041202545166016e-01 2.000000000000000000e+00
7.276764678955078125e+01 4.483077087402343750e+02 2.208577728271484375e+02 5.203996582031250000e+02 3.580158650875091553e-01 2.000000000000000000e+00
1.266874389648437500e+03 4.620423583984375000e+02 1.360000000000000000e+03 6.328773803710937500e+02 3.556210696697235107e-01 7.000000000000000000e+00
8.019572753906250000e+02 8.920639801025390625e+01 8.338090820312500000e+02 1.143505554199218750e+02 3.278968930244445801e-01 2.000000000000000000e+00
8.176754760742187500e+02 3.723744812011718750e+02 8.671353759765625000e+02 4.346902465820312500e+02 3.223509192466735840e-01 7.000000000000000000e+00
4.880093078613281250e+02 1.340641174316406250e+02 5.262615356445312500e+02 1.812482604980468750e+02 2.891372442245483398e-01 2.000000000000000000e+00
1.059682617187500000e+03 4.214524230957031250e+02 1.079684082031250000e+03 4.671130676269531250e+02 2.820607423782348633e-01 0.000000000000000000e+00
5.015357055664062500e+02 2.302019882202148438e+01 5.509461669921875000e+02 7.461861419677734375e+01 2.701963186264038086e-01 7.000000000000000000e+00
4.481735839843750000e+02 4.167117614746093750e+02 4.643661804199218750e+02 4.555165710449218750e+02 2.681064307689666748e-01 0.000000000000000000e+00
