6.443776702880859375e+01 3.979338684082031250e+02 8.649457550048828125e+01 4.570835266113281250e+02 7.660644054412841797e-01 0.000000000000000000e+00
2.349558258056640625e+02 4.587831420898437500e+02 2.589670410156250000e+02 5.213826904296875000e+02 7.386386990547180176e-01 0.000000000000000000e+00
4.891488952636718750e+02 3.413991394042968750e+02 5.048485412597656250e+02 3.840183410644531250e+02 7.181856632232666016e-01 0.000000000000000000e+00
6.982163696289062500e+02 3.876879577636718750e+02 7.228315429687500000e+02 4.320831604003906250e+02 6.035939455032348633e-01 0.000000000000000000e+00
5.434348754882812500e+02 3.196937255859375000e+02 5.582846069335937500e+02 3.561256713867187500e+02 5.545014739036560059e-01 0.000000000000000000e+00
4.594360046386718750e+02 3.038664245605468750e+02 4.714208984375000000e+02 3.402682495117187500e+02 4.769344627857208252e-01 0.000000000000000000e+00
1.133695678710937500e+02 3.282730712890625000e+02 1.300825347900390625e+02 3.663025817871093750e+02 4.735221266746520996e-01 0.000000000000000000e+00
6.013594970703125000e+02 3.473438415527343750e+02 6.173117065429687500e+02 3.827989501953125000e+02 4.678436517715454102e-01 0.000000000000000000e+00
6.491464233398437500e+02 3.183365478515625000e+02 6.623012695312500000e+02 3.491673583984375000e+02 4.180754721164703369e-01 0.000000000000000000e+00
1.812530708312988281e+01 3.276361389160156250e+02 3.602597045898437500e+01 3.647923583984375000e+02 3.898932039737701416e-01 0.000000000000000000e+00
7.827147216796875000e+02 3.274148559570312500e+02 7.987098999023437500e+02 3.603840637207031250e+02 3.884879946708679199e-01 0.000000000000000000e+00
9.186932983398437500e+02 4.757733764648437500e+02 9.593335571289062500e+02 5.251845703125000000e+02 2.909055650234222412e-01 0.000000000000000000e+00
2.237597503662109375e+02 4.523256225585937500e+02 2.496158447265625000e+02 5.056570129394531250e+02 2.554631233215332031e-01 0.000000000000000000e+00
5.961715087890625000e+02 3.025695800781250000e+02 6.104851684570312500e+02 3.349551696777343750e+02 2.521345019340515137e-01 0.000000000000000000e+00
