1.208203613281250000e+03 5.713371582031250000e+02 1.349659545898437500e+03 6.978218383789062500e+02 8.770948648452758789e-01 2.000000000000000000e+00
1.122371948242187500e+03 4.557925109863281250e+02 1.230260864257812500e+03 5.543812866210937500e+02 8.586785197257995605e-01 2.000000000000000000e+00
7.189413452148437500e+02 2.638535461425781250e+02 7.790652465820312500e+02 3.246421203613281250e+02 7.700077891349792480e-01 2.000000000000000000e+00
8.881405029296875000e+02 9.315865325927734375e+01 9.301728515625000000e+02 1.263009262084960938e+02 7.407329678535461426e-01 2.000000000000000000e+00
4.174739990234375000e+02 5.616908264160156250e+01 4.481215209960937500e+02 8.655308532714843750e+01 6.833025813102722168e-01 2.000000000000000000e+00
5.738573608398437500e+02 2.250649719238281250e+02 6.285903930664062500e+02 2.835290527343750000e+02 6.443381309509277344e-01 2.000000000000000000e+00
1.026641479492187500e+03 2.755774230957031250e+02 1.094485107421875000e+03 3.360985412597656250e+02 5.413652062416076660e-01 2.000000000000000000e+00
1.183937011718750000e+03 2.618713073730468750e+02 1.234957519531250000e+03 3.065110168457031250e+02 4.933803081512451172e-01 2.000000000000000000e+00
7.859530029296875000e+02 4.075042724609375000e+01 8.025961914062500000e+02 7.866859436035156250e+01 4.559695720672607422e-01 9.000000000000000000e+00
1.332078125000000000e+03 2.818191528320312500e+02 1.360000000000000000e+03 3.064730529785156250e+02 4.139134287834167480e-01 2.000000000000000000e+00
3.550865478515625000e+02 1.565143585205078125e+02 3.901783447265625000e+02 1.937978668212890625e+02 4.010132253170013428e-01 2.000000000000000000e+00
6.053583984375000000e+02 3.916746826171875000e+02 6.643302612304687500e+02 4.950579528808593750e+02 4.004269540309906006e-01 5.000000000000000000e+00
4.251954040527343750e+02 1.516674957275390625e+02 4.438473815917968750e+02 1.822587280273437500e+02 3.995918333530426025e-01 9.000000000000000000e+00
8.371043090820312500e+02 4.358712005615234375e+01 8.671689453125000000e+02 6.960716247558593750e+01 3.655526041984558105e-01 2.000000000000000000e+00
1.028668457031250000e+03 2.737568664550781250e+02 1.094917846679687500e+03 3.366244812011718750e+02 3.568121790885925293e-01 7.000000000000000000e+00
4.289605712890625000e+02 2.630479431152343750e+02 4.535586547851562500e+02 3.142745056152343750e+02 3.396506607532501221e-01 9.000000000000000000e+00
8.466089477539062500e+02 8.203767395019531250e+01 8.743530273437500000e+02 1.073928985595703125e+02 3.064650893211364746e-01 2.000000000000000000e+00
9.185964965820312500e+02 2.781967163085937500e+02 9.432095947265625000e+02 3.287681884765625000e+02 2.871304750442504883e-01 9.000000000000000000e+00
6.058407592773437500e+02 3.927736816406250000e+02 6.641983642578125000e+02 4.946774291992187500e+02 2.669003307819366455e-01 7.000000000000000000e+00
9.211492309570312500e+02 1.296374664306640625e+02 9.750375366210937500e+02 1.847001495361328125e+02 2.611337006092071533e-01 2.000000000000000000e+00
