2.890581665039062500e+02 3.866891174316406250e+02 3.210440063476562500e+02 4.232195739746093750e+02 7.852163910865783691e-01 2.000000000000000000e+00
5.146621704101562500e+02 3.532814025878906250e+02 5.506634521484375000e+02 3.759890747070312500e+02 6.873563528060913086e-01 2.000000000000000000e+00
2.282996673583984375e+02 4.777814331054687500e+02 2.669175720214843750e+02 5.141998901367187500e+02 6.296657323837280273e-01 2.000000000000000000e+00
3.807113037109375000e+02 4.798941040039062500e+02 4.106181335449218750e+02 5.128648071289062500e+02 6.126087307929992676e-01 2.000000000000000000e+00
4.338590087890625000e+02 3.208245849609375000e+02 4.506052856445312500e+02 3.362418212890625000e+02 5.712277889251708984e-01 2.000000000000000000e+00
3.876303405761718750e+02 3.243027648925781250e+02 4.050574035644531250e+02 3.410366821289062500e+02 4.964237809181213379e-01 2.000000000000000000e+00
3.529542846679687500e+02 3.170650634765625000e+02 3.711484069824218750e+02 3.348381042480468750e+02 4.565765261650085449e-01 2.000000000000000000e+00
5.072921447753906250e+02 2.395318603515625000e+02 5.276239624023437500e+02 2.575871887207031250e+02 4.407574832439422607e-01 2.000000000000000000e+00
3.494167785644531250e+02 4.746072692871093750e+02 3.600757751464843750e+02 4.979553222656250000e+02 4.162380993366241455e-01 0.000000000000000000e+00
4.049284973144531250e+02 2.453448944091796875e+02 4.274641113281250000e+02 2.633226928710937500e+02 3.543199598789215088e-01 2.000000000000000000e+00
3.048013610839843750e+02 3.544235534667968750e+02 3.408536682128906250e+02 3.888744812011718750e+02 3.351210355758666992e-01 2.000000000000000000e+00
1.267190856933593750e+02 4.503070678710937500e+02 1.568468475341796875e+02 4.735840759277343750e+02 3.343695104122161865e-01 2.000000000000000000e+00
4.571404113769531250e+02 2.350321655273437500e+02 4.716943664550781250e+02 2.494133148193359375e+02 3.194020688533782959e-01 2.000000000000000000e+00
3.093075866699218750e+02 2.424972381591796875e+02 3.346591796875000000e+02 2.538035888671875000e+02 3.071444332599639893e-01 2.000000000000000000e+00
5.257461547851562500e+02 2.374705352783203125e+02 5.433140869140625000e+02 2.555444183349609375e+02 3.001142442226409912e-01 2.000000000000000000e+00
5.108528442382812500e+02 2.181428985595703125e+02 5.274533691406250000e+02 2.354903564453125000e+02 2.738825976848602295e-01 2.000000000000000000e+00
