7.132952880859375000e+02 2.860001220703125000e+02 7.426430664062500000e+02 3.669771728515625000e+02 7.791934609413146973e-01 0.000000000000000000e+00
7.458934936523437500e+02 3.193735351562500000e+02 7.896222534179687500e+02 4.062964172363281250e+02 7.002145648002624512e-01 0.000000000000000000e+00
5.643706054687500000e+02 3.097439880371093750e+02 6.015424804687500000e+02 4.060591125488281250e+02 6.663849949836730957e-01 0.000000000000000000e+00
5.805837631225585938e+01 2.136472320556640625e+02 8.052911376953125000e+01 2.676259765625000000e+02 6.531561017036437988e-01 0.000000000000000000e+00
5.472874145507812500e+02 2.644956665039062500e+02 5.691015625000000000e+02 3.326561279296875000e+02 6.485619544982910156e-01 0.000000000000000000e+00
1.104994354248046875e+02 2.311364746093750000e+02 1.325659332275390625e+02 2.844708251953125000e+02 5.891237854957580566e-01 0.000000000000000000e+00
4.205292053222656250e+02 2.770614624023437500e+02 4.473157043457031250e+02 3.422093200683593750e+02 5.246279239654541016e-01 0.000000000000000000e+00
5.180808105468750000e+02 1.906205291748046875e+02 5.355693969726562500e+02 2.387222442626953125e+02 5.178610682487487793e-01 0.000000000000000000e+00
5.252625732421875000e+02 2.572127990722656250e+02 5.456870727539062500e+02 3.105799865722656250e+02 5.129159688949584961e-01 0.000000000000000000e+00
6.042423706054687500e+02 2.567530212402343750e+02 6.301510620117187500e+02 3.167256774902343750e+02 4.356235861778259277e-01 0.000000000000000000e+00
5.807532348632812500e+02 3.074015808105468750e+02 6.139041137695312500e+02 3.972475891113281250e+02 3.870199918746948242e-01 0.000000000000000000e+00
9.321105194091796875e+01 1.974190216064453125e+02 1.108674545288085938e+02 2.452509307861328125e+02 3.856726884841918945e-01 0.000000000000000000e+00
9.121909790039062500e+02 2.474230041503906250e+02 9.424183959960937500e+02 3.110703125000000000e+02 3.790698647499084473e-01 0.000000000000000000e+00
1.802667236328125000e+02 2.109459381103515625e+02 1.973159790039062500e+02 2.508532257080078125e+02 3.046493530273437500e-01 0.000000000000000000e+00
7.683560180664062500e+02 2.842475280761718750e+02 7.871270751953125000e+02 3.169996948242187500e+02 3.016748726367950439e-01 0.000000000000000000e+00
6.505145874023437500e+02 2.699420776367187500e+02 6.762976684570312500e+02 3.375725402832031250e+02 2.982699573040008545e-01 0.000000000000000000e+00
8.694998168945312500e+02 2.683447570800781250e+02 8.947736816406250000e+02 3.109443359375000000e+02 2.978757023811340332e-01 0.000000000000000000e+00
3.476231994628906250e+02 2.593016662597656250e+02 3.850054626464843750e+02 2.915862121582031250e+02 2.726641595363616943e-01 0.000000000000000000e+00
4.430033874511718750e+02 1.647614440917968750e+02 4.531740722656250000e+02 2.003601837158203125e+02 2.524349689483642578e-01 0.000000000000000000e+00
8.771787109375000000e+02 2.656438903808593750e+02 9.090172729492187500e+02 3.123262023925781250e+02 2.517663538455963135e-01 0.000000000000000000e+00
