6.350996704101562500e+02 4.416694641113281250e+02 8.051988525390625000e+02 5.289729614257812500e+02 8.940894603729248047e-01 2.000000000000000000e+00
1.896054382324218750e+02 6.581741333007812500e+02 3.905306396484375000e+02 7.602175903320312500e+02 8.756054639816284180e-01 2.000000000000000000e+00
1.011060180664062500e+03 4.452701721191406250e+02 1.088722412109375000e+03 5.789274902343750000e+02 8.623223900794982910e-01 2.000000000000000000e+00
9.667951660156250000e+02 3.111156005859375000e+02 1.081988769531250000e+03 4.084763183593750000e+02 8.605500459671020508e-01 2.000000000000000000e+00
9.116890869140625000e+02 4.448294677734375000e+02 9.978709106445312500e+02 5.580461425781250000e+02 8.554148077964782715e-01 2.000000000000000000e+00
8.221732788085937500e+02 4.299602661132812500e+02 9.164540405273437500e+02 5.518739624023437500e+02 8.511062860488891602e-01 2.000000000000000000e+00
1.096074951171875000e+03 4.562060546875000000e+02 1.186191162109375000e+03 5.851082153320312500e+02 8.232989311218261719e-01 2.000000000000000000e+00
1.108680297851562500e+03 2.991666259765625000e+02 1.174197875976562500e+03 4.039179687500000000e+02 8.169505596160888672e-01 2.000000000000000000e+00
9.698018798828125000e+02 1.075214080810546875e+02 1.084222167968750000e+03 1.558626251220703125e+02 7.988258004188537598e-01 2.000000000000000000e+00
9.866171264648437500e+02 1.466733551025390625e+02 1.080053588867187500e+03 2.188507690429687500e+02 7.747898697853088379e-01 2.000000000000000000e+00
5.820178833007812500e+02 3.348016967773437500e+02 6.674884643554687500e+02 4.371123352050781250e+02 7.163550257682800293e-01 2.000000000000000000e+00
5.211179809570312500e+02 3.437815856933593750e+02 5.953043823242187500e+02 4.325654602050781250e+02 6.450863480567932129e-01 2.000000000000000000e+00
2.082060813903808594e+01 1.589032135009765625e+02 5.280031585693359375e+01 2.115900268554687500e+02 5.579245090484619141e-01 0.000000000000000000e+00
1.194250259399414062e+02 1.224080886840820312e+02 4.159011230468750000e+02 3.930483703613281250e+02 4.739331305027008057e-01 7.000000000000000000e+00
3.472117614746093750e+02 3.654637145996093750e+01 5.367123413085937500e+02 1.099887008666992188e+02 4.640423357486724854e-01 7.000000000000000000e+00
0.000000000000000000e+00 5.253167724609375000e+02 4.542547225952148438e+01 6.090065307617187500e+02 3.925965726375579834e-01 3.000000000000000000e+00
5.299274291992187500e+02 1.214092330932617188e+02 5.564784545898437500e+02 1.749993438720703125e+02 2.808773219585418701e-01 0.000000000000000000e+00
