5.223522949218750000e+02 1.954719696044921875e+02 6.000259399414062500e+02 2.720731506347656250e+02 6.945223212242126465e-01 2.000000000000000000e+00
1.865488433837890625e+02 4.235961914062500000e+02 2.679774169921875000e+02 5.061188049316406250e+02 5.643120408058166504e-01 2.000000000000000000e+00
4.478706665039062500e+02 4.637514038085937500e+02 5.694625854492187500e+02 6.032010498046875000e+02 5.566451549530029297e-01 7.000000000000000000e+00
4.160181274414062500e+02 1.353285675048828125e+02 4.820797119140625000e+02 2.011895599365234375e+02 5.506595969200134277e-01 2.000000000000000000e+00
2.819717712402343750e+02 1.442540435791015625e+02 3.503068542480468750e+02 2.069797973632812500e+02 4.076813757419586182e-01 2.000000000000000000e+00
8.854401245117187500e+02 4.762672424316406250e+02 9.363646240234375000e+02 5.178218994140625000e+02 3.597181737422943115e-01 1.300000000000000000e+01
1.789618530273437500e+02 9.622395324707031250e+01 2.444525604248046875e+02 1.698402709960937500e+02 3.061286807060241699e-01 2.000000000000000000e+00
1.019013610839843750e+03 1.972860107421875000e+02 1.088066528320312500e+03 2.673070983886718750e+02 2.856337726116180420e-01 7.000000000000000000e+00
6.907881927490234375e+01 7.296672973632812500e+02 1.399086914062500000e+02 7.639902343750000000e+02 2.794125378131866455e-01 2.000000000000000000e+00
2.881377868652343750e+02 6.788294677734375000e+02 3.180045776367187500e+02 7.214695434570312500e+02 2.695645391941070557e-01 0.000000000000000000e+00
