2.552402954101562500e+02 5.965607910156250000e+02 3.351419982910156250e+02 7.016947631835937500e+02 8.328073620796203613e-01 2.000000000000000000e+00
3.421654052734375000e+02 2.601037902832031250e+02 4.027625427246093750e+02 3.057028808593750000e+02 7.943446040153503418e-01 2.000000000000000000e+00
2.311151428222656250e+02 4.729796752929687500e+02 3.069423217773437500e+02 5.616928100585937500e+02 7.883534431457519531e-01 2.000000000000000000e+00
2.656687622070312500e+02 4.162388916015625000e+02 3.250186462402343750e+02 4.755971069335937500e+02 7.865269184112548828e-01 2.000000000000000000e+00
2.951328125000000000e+02 3.542534790039062500e+02 3.507490844726562500e+02 4.143918457031250000e+02 7.583183646202087402e-01 2.000000000000000000e+00
3.450421142578125000e+02 3.537185363769531250e+02 4.013915100097656250e+02 4.188962097167968750e+02 6.775806546211242676e-01 2.000000000000000000e+00
4.253689575195312500e+02 7.105150146484375000e+02 4.486013488769531250e+02 7.613148803710937500e+02 6.587905287742614746e-01 0.000000000000000000e+00
9.802925872802734375e+01 7.312757568359375000e+02 1.800569000244140625e+02 7.650000000000000000e+02 6.482579112052917480e-01 2.000000000000000000e+00
1.326526336669921875e+02 6.094230957031250000e+02 2.349561004638671875e+02 7.350235595703125000e+02 6.395840644836425781e-01 2.000000000000000000e+00
1.424245605468750000e+02 3.964165039062500000e+02 2.119331665039062500e+02 4.447933349609375000e+02 5.974076986312866211e-01 2.000000000000000000e+00
1.280914916992187500e+03 5.635684814453125000e+02 1.299269775390625000e+03 5.921636352539062500e+02 5.744690299034118652e-01 0.000000000000000000e+00
5.816317749023437500e+02 4.196837768554687500e+02 6.295136718750000000e+02 5.013363647460937500e+02 5.721310377120971680e-01 5.000000000000000000e+00
4.613323974609375000e+02 7.632770538330078125e+01 4.864010009765625000e+02 9.946981048583984375e+01 5.638350844383239746e-01 2.000000000000000000e+00
6.232873535156250000e+02 9.301657104492187500e+01 6.659742431640625000e+02 1.168210449218750000e+02 5.533062219619750977e-01 8.000000000000000000e+00
3.796122741699218750e+02 1.889815826416015625e+02 4.176480712890625000e+02 2.186422271728515625e+02 5.532156229019165039e-01 2.000000000000000000e+00
1.303867187500000000e+03 2.174508666992187500e+02 1.359250488281250000e+03 2.526369934082031250e+02 5.448132753372192383e-01 2.000000000000000000e+00
3.534300804138183594e+00 3.817000579833984375e+01 3.078107299804687500e+02 3.225176391601562500e+02 5.302886366844177246e-01 5.000000000000000000e+00
1.260407226562500000e+03 6.841256713867187500e+02 1.287750000000000000e+03 7.348896484375000000e+02 5.256250500679016113e-01 0.000000000000000000e+00
6.210083618164062500e+02 9.375673675537109375e+01 6.658078002929687500e+02 1.171866531372070312e+02 4.624189436435699463e-01 2.000000000000000000e+00
1.130650390625000000e+03 5.609034423828125000e+02 1.151026489257812500e+03 6.028698730468750000e+02 4.136472344398498535e-01 0.000000000000000000e+00
6.185975341796875000e+02 2.441152801513671875e+02 6.494639892578125000e+02 2.886321105957031250e+02 3.783318400382995605e-01 8.000000000000000000e+00
6.192604370117187500e+02 2.436691436767578125e+02 6.495046386718750000e+02 2.887522277832031250e+02 3.669825494289398193e-01 2.000000000000000000e+00
1.321056274414062500e+03 5.639721679687500000e+02 1.339217041015625000e+03 5.886170654296875000e+02 3.644773662090301514e-01 0.000000000000000000e+00
5.814635620117187500e+02 4.211275939941406250e+02 6.294343261718750000e+02 5.024119567871093750e+02 3.468351662158966064e-01 2.000000000000000000e+00
3.464295387268066406e+00 2.988540954589843750e+02 1.418015136718750000e+02 4.860987854003906250e+02 3.388885557651519775e-01 5.000000000000000000e+00
7.123164672851562500e+02 2.316104736328125000e+02 7.424871215820312500e+02 2.712121887207031250e+02 3.225910961627960205e-01 7.000000000000000000e+00
8.671502075195312500e+02 5.548840942382812500e+02 8.821472167968750000e+02 5.996423950195312500e+02 3.192713856697082520e-01 0.000000000000000000e+00
1.258093139648437500e+03 6.663852539062500000e+02 1.284950317382812500e+03 6.983510131835937500e+02 3.182779252529144287e-01 0.000000000000000000e+00
7.109371948242187500e+02 2.302909545898437500e+02 7.433229370117187500e+02 2.737902221679687500e+02 3.108303546905517578e-01 2.000000000000000000e+00
6.410509643554687500e+02 2.907614135742187500e+01 6.645952148437500000e+02 4.488136672973632812e+01 3.086654841899871826e-01 2.000000000000000000e+00
8.204548950195312500e+02 1.109517288208007812e+02 8.338665161132812500e+02 1.344651184082031250e+02 3.030565977096557617e-01 0.000000000000000000e+00
4.695748596191406250e+02 4.410800170898437500e+01 4.940739746093750000e+02 6.672333526611328125e+01 2.801146209239959717e-01 2.000000000000000000e+00
2.198475036621093750e+02 3.277440185546875000e+02 2.322964782714843750e+02 3.511932067871093750e+02 2.639038562774658203e-01 0.000000000000000000e+00
