9.974661254882812500e+01 3.539101867675781250e+02 1.136566772460937500e+02 3.969974670410156250e+02 5.850489139556884766e-01 0.000000000000000000e+00
3.833880615234375000e+02 3.585266113281250000e+02 3.945518188476562500e+02 3.924155578613281250e+02 5.744076371192932129e-01 0.000000000000000000e+00
3.568072509765625000e+02 3.062724304199218750e+02 3.682837829589843750e+02 3.355919494628906250e+02 5.568580031394958496e-01 0.000000000000000000e+00
5.182675170898437500e+02 4.889678955078125000e+02 5.369444580078125000e+02 5.380176391601562500e+02 5.146832466125488281e-01 0.000000000000000000e+00
6.465382080078125000e+02 4.079888610839843750e+02 6.601391601562500000e+02 4.459914855957031250e+02 4.620368480682373047e-01 0.000000000000000000e+00
6.870081787109375000e+02 4.129570617675781250e+02 7.025935668945312500e+02 4.460132751464843750e+02 4.519006907939910889e-01 0.000000000000000000e+00
5.328737182617187500e+02 4.922650451660156250e+02 5.484597167968750000e+02 5.393020629882812500e+02 4.262914061546325684e-01 0.000000000000000000e+00
4.068354034423828125e+01 3.138657226562500000e+02 6.336401367187500000e+01 3.429823303222656250e+02 3.849159181118011475e-01 0.000000000000000000e+00
5.761217651367187500e+02 4.178410339355468750e+02 5.911899414062500000e+02 4.637319335937500000e+02 3.704760372638702393e-01 0.000000000000000000e+00
1.165090484619140625e+02 2.726903991699218750e+02 1.278785247802734375e+02 2.992875671386718750e+02 3.623882234096527100e-01 0.000000000000000000e+00
3.436260070800781250e+02 3.072777099609375000e+02 3.537635192871093750e+02 3.359869384765625000e+02 3.542893230915069580e-01 0.000000000000000000e+00
4.042605285644531250e+02 4.565666503906250000e+02 4.198788757324218750e+02 4.971506042480468750e+02 3.302023410797119141e-01 0.000000000000000000e+00
2.439135284423828125e+02 2.955405273437500000e+02 2.570184631347656250e+02 3.228852539062500000e+02 3.075306415557861328e-01 0.000000000000000000e+00
3.391908569335937500e+02 3.057879638671875000e+02 3.702287902832031250e+02 3.364268493652343750e+02 2.937914431095123291e-01 0.000000000000000000e+00
9.694786834716796875e+01 2.850676574707031250e+02 1.127957382202148438e+02 3.086997375488281250e+02 2.899556159973144531e-01 0.000000000000000000e+00
