7.930186157226562500e+02 5.337868041992187500e+02 9.138483276367187500e+02 6.052700195312500000e+02 8.913550972938537598e-01 2.000000000000000000e+00
8.489282226562500000e+02 4.862199401855468750e+02 9.599939575195312500e+02 5.540410766601562500e+02 8.362016677856445312e-01 2.000000000000000000e+00
9.245759277343750000e+02 4.764065246582031250e+02 1.028352905273437500e+03 5.383465576171875000e+02 8.078469634056091309e-01 2.000000000000000000e+00
1.031313354492187500e+03 4.598440551757812500e+02 1.115353271484375000e+03 5.088642578125000000e+02 7.289179563522338867e-01 2.000000000000000000e+00
7.954406127929687500e+02 4.040356750488281250e+02 8.362747192382812500e+02 4.387387084960937500e+02 7.165861129760742188e-01 2.000000000000000000e+00
2.859969177246093750e+02 2.909224548339843750e+02 3.177695312500000000e+02 3.159954833984375000e+02 6.717997789382934570e-01 2.000000000000000000e+00
2.761398010253906250e+02 3.289689941406250000e+02 3.055884399414062500e+02 3.671902770996093750e+02 6.400737762451171875e-01 2.000000000000000000e+00
8.170182495117187500e+02 3.750052795410156250e+02 8.663942871093750000e+02 4.103426818847656250e+02 6.075217723846435547e-01 2.000000000000000000e+00
6.539692382812500000e+02 5.460093994140625000e+02 7.483220214843750000e+02 6.275457153320312500e+02 5.817620754241943359e-01 2.000000000000000000e+00
1.059328247070312500e+03 4.027968750000000000e+02 1.099434082031250000e+03 4.342759704589843750e+02 5.299704670906066895e-01 2.000000000000000000e+00
4.844524230957031250e+02 3.705657043457031250e+02 6.019153442382812500e+02 4.210180664062500000e+02 5.023576021194458008e-01 5.000000000000000000e+00
5.150731811523437500e+02 4.333298950195312500e+02 5.276514892578125000e+02 4.678627014160156250e+02 4.751600027084350586e-01 0.000000000000000000e+00
9.773626098632812500e+02 4.677447204589843750e+02 1.070760620117187500e+03 5.169736328125000000e+02 4.709613025188446045e-01 2.000000000000000000e+00
7.982457275390625000e+02 6.438471069335937500e+02 9.574733886718750000e+02 7.650000000000000000e+02 4.620068967342376709e-01 7.000000000000000000e+00
5.456516113281250000e+02 4.494161071777343750e+02 5.596347656250000000e+02 4.846647949218750000e+02 4.479229748249053955e-01 0.000000000000000000e+00
6.938865356445312500e+02 7.239818115234375000e+02 8.056310424804687500e+02 7.647355346679687500e+02 4.478228092193603516e-01 2.000000000000000000e+00
1.183628417968750000e+03 4.669306945800781250e+02 1.341381835937500000e+03 5.297910156250000000e+02 4.281728267669677734e-01 7.000000000000000000e+00
5.918314819335937500e+02 4.998868713378906250e+02 6.095937500000000000e+02 5.415025634765625000e+02 4.256234765052795410e-01 0.000000000000000000e+00
2.321464080810546875e+02 6.006740112304687500e+02 2.569555664062500000e+02 6.566935424804687500e+02 4.246276319026947021e-01 0.000000000000000000e+00
2.912600097656250000e+02 2.237591552734375000e+02 3.155211181640625000e+02 2.429695281982421875e+02 4.232693314552307129e-01 2.000000000000000000e+00
3.455559997558593750e+02 2.232476501464843750e+02 3.778486938476562500e+02 2.550401153564453125e+02 4.197760522365570068e-01 2.000000000000000000e+00
1.133716796875000000e+03 3.913959655761718750e+02 1.201935180664062500e+03 4.361541748046875000e+02 3.900387585163116455e-01 7.000000000000000000e+00
9.928291625976562500e+02 4.022791748046875000e+02 1.054973632812500000e+03 4.410905151367187500e+02 3.628968298435211182e-01 2.000000000000000000e+00
7.295409545898437500e+02 4.556154479980468750e+02 7.463721923828125000e+02 4.852672729492187500e+02 3.602096736431121826e-01 0.000000000000000000e+00
6.570665893554687500e+02 4.852337951660156250e+02 7.956300659179687500e+02 5.462664794921875000e+02 3.521931469440460205e-01 7.000000000000000000e+00
3.864598083496093750e+02 2.844791564941406250e+02 4.096245422363281250e+02 3.050955200195312500e+02 3.407991826534271240e-01 2.000000000000000000e+00
1.136889404296875000e+03 4.616541748046875000e+02 1.215662475585937500e+03 5.056155090332031250e+02 3.405165970325469971e-01 2.000000000000000000e+00
3.717619323730468750e+02 3.826130981445312500e+02 3.849549865722656250e+02 4.142369384765625000e+02 3.347549140453338623e-01 0.000000000000000000e+00
6.533153076171875000e+02 4.838210449218750000e+02 7.954187011718750000e+02 5.463423461914062500e+02 3.327893018722534180e-01 5.000000000000000000e+00
2.325345458984375000e+02 6.113067626953125000e+02 2.568502807617187500e+02 6.584314575195312500e+02 3.288496136665344238e-01 3.000000000000000000e+00
1.810673980712890625e+02 4.855760498046875000e+02 2.012381744384765625e+02 5.356044921875000000e+02 3.279968798160552979e-01 0.000000000000000000e+00
1.758217620849609375e+02 2.773376159667968750e+02 2.130112457275390625e+02 3.049084777832031250e+02 3.270754516124725342e-01 2.000000000000000000e+00
9.926334838867187500e+02 3.939333190917968750e+02 1.054796875000000000e+03 4.413497924804687500e+02 3.221410214900970459e-01 7.000000000000000000e+00
2.051405487060546875e+02 4.755874328613281250e+02 2.311039581298828125e+02 5.115739135742187500e+02 3.136726617813110352e-01 0.000000000000000000e+00
1.093278198242187500e+03 5.000578613281250000e+02 1.203708496093750000e+03 5.451333007812500000e+02 3.132728338241577148e-01 2.000000000000000000e+00
1.343724609375000000e+03 5.629786376953125000e+02 1.359935302734375000e+03 6.556685180664062500e+02 2.903166115283966064e-01 2.000000000000000000e+00
1.308653808593750000e+03 4.688367919921875000e+02 1.359771362304687500e+03 5.026703796386718750e+02 2.877484560012817383e-01 2.000000000000000000e+00
1.429570312500000000e+02 5.981971435546875000e+02 2.044879302978515625e+02 6.617295532226562500e+02 2.736411392688751221e-01 7.000000000000000000e+00
4.220252685546875000e+02 3.034240722656250000e+02 4.554907226562500000e+02 3.317098083496093750e+02 2.717577815055847168e-01 2.000000000000000000e+00
6.542747802734375000e+02 3.750936279296875000e+02 6.976922607421875000e+02 4.099598999023437500e+02 2.681789696216583252e-01 2.000000000000000000e+00
7.874954223632812500e+02 6.464398193359375000e+02 9.588461303710937500e+02 7.650000000000000000e+02 2.678570747375488281e-01 5.000000000000000000e+00
6.589180297851562500e+02 4.880303039550781250e+02 7.880664062500000000e+02 5.431661376953125000e+02 2.538020610809326172e-01 2.000000000000000000e+00
