2.398775024414062500e+02 5.103998107910156250e+02 4.815559692382812500e+02 7.449792480468750000e+02 8.950874805450439453e-01 2.000000000000000000e+00
0.000000000000000000e+00 6.243555908203125000e+02 1.549927062988281250e+02 7.612666015625000000e+02 8.884989023208618164e-01 2.000000000000000000e+00
5.904442749023437500e+02 4.404022827148437500e+02 7.277541503906250000e+02 6.163012695312500000e+02 8.764887452125549316e-01 2.000000000000000000e+00
3.962665405273437500e+02 2.506780548095703125e+02 5.169647827148437500e+02 3.367707824707031250e+02 8.554142117500305176e-01 2.000000000000000000e+00
5.586195068359375000e+02 1.819116363525390625e+02 6.744760742187500000e+02 2.543248138427734375e+02 8.170558810234069824e-01 2.000000000000000000e+00
8.477513122558593750e+01 1.900532531738281250e+02 1.718484497070312500e+02 2.560834960937500000e+02 7.776071429252624512e-01 2.000000000000000000e+00
8.809357910156250000e+02 1.208633956909179688e+02 9.439926757812500000e+02 1.569196166992187500e+02 7.685447931289672852e-01 2.000000000000000000e+00
4.886642456054687500e+01 1.395753936767578125e+02 1.225529785156250000e+02 1.991203002929687500e+02 7.361586093902587891e-01 2.000000000000000000e+00
8.247494506835937500e+02 1.140132598876953125e+02 8.826823120117187500e+02 1.519942932128906250e+02 7.294951677322387695e-01 2.000000000000000000e+00
9.392079467773437500e+02 1.282444610595703125e+02 1.011512084960937500e+03 1.739650726318359375e+02 6.731674671173095703e-01 2.000000000000000000e+00
2.478793182373046875e+02 2.506687469482421875e+02 2.761798095703125000e+02 3.133003540039062500e+02 6.603727340698242188e-01 0.000000000000000000e+00
8.493081331253051758e-01 4.280423583984375000e+02 3.662350845336914062e+01 5.110497741699218750e+02 6.586342453956604004e-01 0.000000000000000000e+00
1.287494018554687500e+03 1.045135650634765625e+02 1.359065063476562500e+03 1.461493682861328125e+02 6.396402120590209961e-01 2.000000000000000000e+00
8.644982910156250000e+02 2.645882568359375000e+02 8.851010742187500000e+02 3.215473632812500000e+02 6.152077913284301758e-01 0.000000000000000000e+00
1.138239868164062500e+03 1.046756820678710938e+02 1.218677246093750000e+03 1.367565612792968750e+02 5.688440203666687012e-01 2.000000000000000000e+00
0.000000000000000000e+00 3.088081359863281250e+02 9.041673278808593750e+01 4.115590209960937500e+02 5.499486923217773438e-01 7.000000000000000000e+00
6.547570190429687500e+02 9.366967773437500000e+01 6.990760498046875000e+02 1.227640991210937500e+02 5.369840860366821289e-01 2.000000000000000000e+00
8.326851806640625000e+02 2.567229919433593750e+02 8.579620971679687500e+02 3.133323669433593750e+02 4.998831152915954590e-01 0.000000000000000000e+00
1.371119995117187500e+02 2.507224426269531250e+02 1.646396636962890625e+02 3.067563476562500000e+02 4.919016659259796143e-01 0.000000000000000000e+00
1.202423828125000000e+03 1.844481353759765625e+02 1.221224609375000000e+03 2.221021423339843750e+02 4.694279730319976807e-01 0.000000000000000000e+00
7.530488891601562500e+02 2.367850036621093750e+02 7.807685546875000000e+02 3.129755554199218750e+02 4.466084539890289307e-01 0.000000000000000000e+00
7.204685058593750000e+02 1.059577636718750000e+02 7.934019165039062500e+02 1.366661071777343750e+02 4.382249414920806885e-01 2.000000000000000000e+00
7.947095336914062500e+02 2.429576416015625000e+02 8.246035156250000000e+02 3.123258361816406250e+02 4.339420497417449951e-01 0.000000000000000000e+00
4.138901672363281250e+02 3.586108093261718750e+02 4.444819335937500000e+02 4.225462646484375000e+02 3.565089106559753418e-01 0.000000000000000000e+00
2.715699768066406250e+02 4.332995605468750000e+02 3.585429077148437500e+02 4.848121948242187500e+02 3.471449911594390869e-01 1.000000000000000000e+00
2.872347106933593750e+02 4.049589233398437500e+02 3.164583435058593750e+02 4.628033142089843750e+02 3.376827836036682129e-01 0.000000000000000000e+00
9.938192749023437500e+02 1.205149536132812500e+02 1.074623046875000000e+03 1.666925964355468750e+02 3.186158239841461182e-01 2.000000000000000000e+00
8.980624198913574219e+00 1.314559020996093750e+02 6.060496139526367188e+01 1.779266967773437500e+02 3.157989084720611572e-01 2.000000000000000000e+00
1.176593139648437500e+03 1.355332641601562500e+02 1.239674682617187500e+03 1.776539916992187500e+02 3.124481439590454102e-01 2.000000000000000000e+00
2.799729309082031250e+02 5.844845962524414062e+01 3.341958923339843750e+02 8.524334716796875000e+01 3.122013509273529053e-01 2.000000000000000000e+00
1.017697753906250000e+03 1.177390594482421875e+02 1.129545288085937500e+03 1.647860717773437500e+02 2.967149317264556885e-01 2.000000000000000000e+00
6.589639282226562500e+02 2.956802062988281250e+02 6.772661132812500000e+02 3.514292297363281250e+02 2.955472767353057861e-01 0.000000000000000000e+00
1.094317749023437500e+03 1.323790435791015625e+02 1.145156738281250000e+03 1.745061492919921875e+02 2.909395396709442139e-01 2.000000000000000000e+00
4.073814697265625000e+02 3.691544189453125000e+02 4.834519653320312500e+02 4.310797424316406250e+02 2.789162397384643555e-01 3.000000000000000000e+00
6.098212890625000000e+02 2.649955749511718750e+02 6.260861816406250000e+02 3.165665588378906250e+02 2.650291621685028076e-01 0.000000000000000000e+00
1.801371192932128906e+01 2.345359802246093750e+02 5.068149566650390625e+01 2.718414306640625000e+02 2.626870274543762207e-01 0.000000000000000000e+00
2.124228820800781250e+02 3.671001815795898438e+01 2.472884979248046875e+02 5.579213714599609375e+01 2.585634291172027588e-01 2.000000000000000000e+00
2.813958129882812500e+02 4.188146972656250000e+02 3.467037658691406250e+02 4.826402282714843750e+02 2.574027180671691895e-01 0.000000000000000000e+00
