2.833928527832031250e+02 9.173285522460937500e+02 3.612051696777343750e+02 1.079318603515625000e+03 7.904067039489746094e-01 0.000000000000000000e+00
6.717574462890625000e+02 9.416320190429687500e+02 7.442243652343750000e+02 1.077008666992187500e+03 7.401422858238220215e-01 0.000000000000000000e+00
1.268869628906250000e+03 7.710593872070312500e+02 1.333151000976562500e+03 9.144675903320312500e+02 7.224490642547607422e-01 0.000000000000000000e+00
4.759491882324218750e+02 6.865472412109375000e+02 5.168074951171875000e+02 8.145051879882812500e+02 6.706174612045288086e-01 0.000000000000000000e+00
8.489029541015625000e+02 7.730958862304687500e+02 8.932913818359375000e+02 9.244772338867187500e+02 6.012130975723266602e-01 0.000000000000000000e+00
1.223791259765625000e+03 6.687856445312500000e+02 1.264588989257812500e+03 7.736554565429687500e+02 5.561364889144897461e-01 0.000000000000000000e+00
8.951408081054687500e+02 7.794144287109375000e+02 9.480659790039062500e+02 9.312216796875000000e+02 5.338404178619384766e-01 0.000000000000000000e+00
8.023429565429687500e+02 7.753237304687500000e+02 8.479332885742187500e+02 9.352998657226562500e+02 5.075740218162536621e-01 0.000000000000000000e+00
9.398356933593750000e+02 7.095299072265625000e+02 9.709295654296875000e+02 8.068521118164062500e+02 5.054599046707153320e-01 0.000000000000000000e+00
1.179342651367187500e+03 6.858123168945312500e+02 1.206832031250000000e+03 7.909320068359375000e+02 4.908890128135681152e-01 0.000000000000000000e+00
7.033350219726562500e+02 6.834375610351562500e+02 7.428824462890625000e+02 7.953551025390625000e+02 4.249995946884155273e-01 0.000000000000000000e+00
9.897046508789062500e+02 6.967750854492187500e+02 1.024121459960937500e+03 8.086162719726562500e+02 4.218116700649261475e-01 0.000000000000000000e+00
7.469284667968750000e+02 8.010270996093750000e+02 8.015468139648437500e+02 9.377081909179687500e+02 4.121977984905242920e-01 0.000000000000000000e+00
4.413222656250000000e+02 6.948808593750000000e+02 4.787601928710937500e+02 8.089918212890625000e+02 3.822730183601379395e-01 0.000000000000000000e+00
8.063344116210937500e+02 7.684423828125000000e+02 8.913074340820312500e+02 9.337750854492187500e+02 3.119738399982452393e-01 0.000000000000000000e+00
9.201352539062500000e+02 8.154296264648437500e+02 9.528009033203125000e+02 8.567189941406250000e+02 2.883831262588500977e-01 2.600000000000000000e+01
9.039087524414062500e+02 8.057133789062500000e+02 9.465267333984375000e+02 8.973626098632812500e+02 2.682322561740875244e-01 2.600000000000000000e+01
