6.027600860595703125e+01 3.885117492675781250e+02 1.600878601074218750e+02 4.632951049804687500e+02 8.743974566459655762e-01 2.000000000000000000e+00
3.692897338867187500e+02 3.706235351562500000e+02 4.341778564453125000e+02 4.407858276367187500e+02 8.684087991714477539e-01 2.000000000000000000e+00
4.728758239746093750e+01 4.816778869628906250e+02 1.335894927978515625e+02 5.699475097656250000e+02 8.618204593658447266e-01 2.000000000000000000e+00
6.269159545898437500e+02 2.908229064941406250e+02 6.760181884765625000e+02 3.451970214843750000e+02 8.256025910377502441e-01 2.000000000000000000e+00
3.274892883300781250e+02 4.311373596191406250e+02 3.994137573242187500e+02 5.216342163085937500e+02 8.225929737091064453e-01 2.000000000000000000e+00
7.069545288085937500e+02 2.528829040527343750e+02 7.470034790039062500e+02 2.957060546875000000e+02 7.819257974624633789e-01 2.000000000000000000e+00
1.031482666015625000e+03 3.395231018066406250e+02 1.094403198242187500e+03 3.998458557128906250e+02 7.585340738296508789e-01 2.000000000000000000e+00
1.080658264160156250e+02 3.472922363281250000e+02 2.254838104248046875e+02 3.982155761718750000e+02 7.490507960319519043e-01 2.000000000000000000e+00
1.328463897705078125e+02 2.445553894042968750e+02 1.896477203369140625e+02 2.896309814453125000e+02 7.105694413185119629e-01 2.000000000000000000e+00
2.700242919921875000e+02 3.540387573242187500e+02 3.681322631835937500e+02 3.967986755371093750e+02 6.886857151985168457e-01 2.000000000000000000e+00
3.912692260742187500e+02 2.512670135498046875e+02 4.862277526855468750e+02 3.081886596679687500e+02 6.808995008468627930e-01 2.000000000000000000e+00
1.062326904296875000e+03 3.954740905761718750e+02 1.142239624023437500e+03 4.748932495117187500e+02 6.556123495101928711e-01 2.000000000000000000e+00
2.554329071044921875e+02 2.486213684082031250e+02 3.084688720703125000e+02 3.015673828125000000e+02 6.485885381698608398e-01 2.000000000000000000e+00
7.669566040039062500e+02 2.529776916503906250e+02 8.275402221679687500e+02 3.005509643554687500e+02 5.733578205108642578e-01 2.000000000000000000e+00
7.466575317382812500e+02 4.050837707519531250e+02 7.955321655273437500e+02 4.736768188476562500e+02 5.446849465370178223e-01 5.000000000000000000e+00
7.231470336914062500e+02 2.149948883056640625e+02 7.604747314453125000e+02 2.547314300537109375e+02 5.050909519195556641e-01 2.000000000000000000e+00
2.350210113525390625e+02 1.389660797119140625e+02 2.807913513183593750e+02 1.751277923583984375e+02 5.022650957107543945e-01 2.000000000000000000e+00
6.662593994140625000e+02 5.242244873046875000e+02 6.850429077148437500e+02 5.752475585937500000e+02 5.013708472251892090e-01 0.000000000000000000e+00
1.759411163330078125e+02 2.485264282226562500e+02 2.375793762207031250e+02 2.952175292968750000e+02 4.880535006523132324e-01 2.000000000000000000e+00
1.211674072265625000e+03 5.899674072265625000e+02 1.265155273437500000e+03 6.249165039062500000e+02 4.796403646469116211e-01 2.000000000000000000e+00
7.380932617187500000e+02 1.328980407714843750e+02 8.058170166015625000e+02 1.677951965332031250e+02 4.688841700553894043e-01 2.000000000000000000e+00
1.109918579101562500e+03 4.514982910156250000e+02 1.209110351562500000e+03 5.464078369140625000e+02 4.599087536334991455e-01 2.000000000000000000e+00
2.644167175292968750e+02 1.166885910034179688e+02 2.979418334960937500e+02 1.519018707275390625e+02 4.190613627433776855e-01 2.000000000000000000e+00
8.369174194335937500e+02 6.538517761230468750e+01 8.871846313476562500e+02 9.591023254394531250e+01 3.859665393829345703e-01 2.000000000000000000e+00
1.370951538085937500e+02 1.816758575439453125e+02 1.513852081298828125e+02 2.175563049316406250e+02 3.665688037872314453e-01 0.000000000000000000e+00
2.733559570312500000e+02 3.334122619628906250e+02 2.895815124511718750e+02 3.713098754882812500e+02 3.630605041980743408e-01 0.000000000000000000e+00
3.336099853515625000e+02 5.860332107543945312e+01 3.660924987792968750e+02 8.112437438964843750e+01 3.518533408641815186e-01 2.000000000000000000e+00
4.418116149902343750e+02 2.020503234863281250e+02 4.922401428222656250e+02 2.606136169433593750e+02 3.408706784248352051e-01 2.000000000000000000e+00
2.376414184570312500e+02 1.234258728027343750e+02 2.888755187988281250e+02 1.626365509033203125e+02 3.269691765308380127e-01 2.000000000000000000e+00
6.781817626953125000e+02 1.903692932128906250e+02 7.153612060546875000e+02 2.328763885498046875e+02 3.116292059421539307e-01 2.000000000000000000e+00
1.738270874023437500e+02 2.061501464843750000e+02 2.380901031494140625e+02 2.483897552490234375e+02 3.000819683074951172e-01 2.000000000000000000e+00
1.254069580078125000e+03 6.377614135742187500e+02 1.301596435546875000e+03 6.734047241210937500e+02 2.797120809555053711e-01 3.000000000000000000e+00
1.252761962890625000e+03 6.380715942382812500e+02 1.301182983398437500e+03 6.732226562500000000e+02 2.718766033649444580e-01 2.000000000000000000e+00
