5.255325927734375000e+02 6.599586181640625000e+02 6.809982910156250000e+02 8.739559936523437500e+02 8.565577268600463867e-01 5.000000000000000000e+00
6.881227416992187500e+02 8.024849853515625000e+02 7.521313476562500000e+02 9.742161254882812500e+02 7.572247385978698730e-01 0.000000000000000000e+00
7.772734375000000000e+02 8.168250732421875000e+02 8.394223632812500000e+02 9.842083740234375000e+02 7.349519133567810059e-01 0.000000000000000000e+00
1.906140441894531250e+02 7.365663452148437500e+02 2.362926788330078125e+02 8.696543579101562500e+02 6.999825835227966309e-01 0.000000000000000000e+00
8.534631958007812500e+02 8.208775634765625000e+02 9.068556518554687500e+02 9.711485595703125000e+02 6.435425281524658203e-01 0.000000000000000000e+00
1.077300781250000000e+03 8.306013793945312500e+02 1.130948364257812500e+03 1.002248107910156250e+03 5.436255335807800293e-01 0.000000000000000000e+00
1.129947753906250000e+03 8.214205322265625000e+02 1.174610473632812500e+03 9.764460449218750000e+02 5.291066169738769531e-01 0.000000000000000000e+00
7.174062500000000000e+02 1.026046020507812500e+03 7.743522949218750000e+02 1.079997436523437500e+03 5.159785747528076172e-01 0.000000000000000000e+00
9.739143676757812500e+02 7.783695068359375000e+02 1.013872192382812500e+03 9.134191284179687500e+02 4.824429154396057129e-01 0.000000000000000000e+00
6.320104980468750000e+02 1.026075927734375000e+03 6.808981933593750000e+02 1.078498901367187500e+03 4.625901877880096436e-01 0.000000000000000000e+00
4.376831665039062500e+02 7.262119750976562500e+02 4.782856140136718750e+02 8.329887695312500000e+02 4.436895847320556641e-01 0.000000000000000000e+00
3.559573364257812500e+02 7.240291137695312500e+02 4.081960144042968750e+02 8.162875366210937500e+02 3.546879291534423828e-01 0.000000000000000000e+00
7.339606933593750000e+02 6.486423339843750000e+02 7.668267211914062500e+02 7.335001831054687500e+02 3.122187852859497070e-01 0.000000000000000000e+00
4.067630615234375000e+02 7.227464599609375000e+02 4.378747863769531250e+02 8.239786987304687500e+02 2.914999127388000488e-01 0.000000000000000000e+00
9.427275390625000000e+02 6.992010498046875000e+02 9.695180664062500000e+02 7.766074218750000000e+02 2.803587019443511963e-01 0.000000000000000000e+00
1.133848632812500000e+03 8.275481567382812500e+02 1.176805908203125000e+03 9.633957519531250000e+02 2.695882022380828857e-01 2.600000000000000000e+01
