8.470926513671875000e+02 4.677416381835937500e+02 9.034010620117187500e+02 5.389319458007812500e+02 8.591605424880981445e-01 0.000000000000000000e+00
7.319188842773437500e+02 2.397292327880859375e+02 7.720775756835937500e+02 3.104319152832031250e+02 8.119311332702636719e-01 0.000000000000000000e+00
5.718692626953125000e+02 2.483438110351562500e+02 5.976027221679687500e+02 3.173364868164062500e+02 8.106520175933837891e-01 0.000000000000000000e+00
5.525341186523437500e+02 5.012601928710937500e+02 6.062413330078125000e+02 5.400000000000000000e+02 8.017623424530029297e-01 0.000000000000000000e+00
4.712726440429687500e+02 2.390135803222656250e+02 4.933583679199218750e+02 2.976853637695312500e+02 6.662996411323547363e-01 0.000000000000000000e+00
1.430144500732421875e+02 2.265645904541015625e+02 1.689266510009765625e+02 2.828015441894531250e+02 6.393470168113708496e-01 0.000000000000000000e+00
4.359702148437500000e+02 1.716630249023437500e+02 4.508665771484375000e+02 2.145731506347656250e+02 5.056453943252563477e-01 0.000000000000000000e+00
6.960211181640625000e+02 2.153000488281250000e+02 7.154529418945312500e+02 2.704027404785156250e+02 4.969184398651123047e-01 0.000000000000000000e+00
3.320505371093750000e+02 2.251493377685546875e+02 3.625607604980468750e+02 2.572081604003906250e+02 4.939859509468078613e-01 0.000000000000000000e+00
6.100904541015625000e+02 2.393771820068359375e+02 6.306901855468750000e+02 3.034111633300781250e+02 4.896211624145507812e-01 0.000000000000000000e+00
1.115338287353515625e+02 1.918221282958984375e+02 1.317481689453125000e+02 2.482918548583984375e+02 4.724588096141815186e-01 0.000000000000000000e+00
2.279209136962890625e+02 1.833564300537109375e+02 2.492897796630859375e+02 2.234603271484375000e+02 3.994601964950561523e-01 0.000000000000000000e+00
4.511058654785156250e+02 2.196357574462890625e+02 4.637991027832031250e+02 2.663977355957031250e+02 3.679301738739013672e-01 0.000000000000000000e+00
6.489505004882812500e+02 1.984752502441406250e+02 6.709310302734375000e+02 2.585784301757812500e+02 3.399435281753540039e-01 0.000000000000000000e+00
6.618965911865234375e+01 1.826920166015625000e+02 8.676258850097656250e+01 2.327111663818359375e+02 3.231832683086395264e-01 0.000000000000000000e+00
6.412242431640625000e+02 2.202757873535156250e+02 6.614218750000000000e+02 2.809052429199218750e+02 2.964146435260772705e-01 0.000000000000000000e+00
2.743904724121093750e+02 1.524565582275390625e+02 2.897090148925781250e+02 1.953885650634765625e+02 2.737692892551422119e-01 0.000000000000000000e+00
4.903494873046875000e+02 1.779322052001953125e+02 5.023497619628906250e+02 2.185912780761718750e+02 2.586462497711181641e-01 0.000000000000000000e+00
