3.654036331176757812e+01 4.032040405273437500e+02 5.717013549804687500e+02 7.620512084960937500e+02 7.013607621192932129e-01 7.000000000000000000e+00
1.015503723144531250e+03 2.838265380859375000e+02 1.080843627929687500e+03 3.539348144531250000e+02 6.945019960403442383e-01 2.000000000000000000e+00
5.893137207031250000e+02 2.839064636230468750e+02 6.536063842773437500e+02 3.607821960449218750e+02 6.627752184867858887e-01 2.000000000000000000e+00
8.134382324218750000e+02 2.695036621093750000e+02 8.899088134765625000e+02 3.460727844238281250e+02 6.205472350120544434e-01 2.000000000000000000e+00
1.090090576171875000e+03 3.143034973144531250e+02 1.159639526367187500e+03 3.854855041503906250e+02 6.032511591911315918e-01 2.000000000000000000e+00
8.810903930664062500e+02 2.701494445800781250e+02 9.656506958007812500e+02 3.468220214843750000e+02 6.025228500366210938e-01 2.000000000000000000e+00
7.715987563133239746e-01 2.337333679199218750e+02 3.290069580078125000e+01 2.842409667968750000e+02 5.875803828239440918e-01 2.000000000000000000e+00
9.103014373779296875e+01 2.648093566894531250e+02 2.101138000488281250e+02 3.404578857421875000e+02 5.859106779098510742e-01 2.000000000000000000e+00
7.397805786132812500e+02 2.773556213378906250e+02 8.029702758789062500e+02 3.535063476562500000e+02 5.686736702919006348e-01 2.000000000000000000e+00
5.245311279296875000e+02 2.842163391113281250e+02 5.865656738281250000e+02 3.536999206542968750e+02 4.791176319122314453e-01 2.000000000000000000e+00
4.018710632324218750e+02 3.017012939453125000e+02 4.695995483398437500e+02 3.551041870117187500e+02 3.987014591693878174e-01 3.000000000000000000e+00
7.389093017578125000e+02 2.802386779785156250e+02 8.047451171875000000e+02 3.554307861328125000e+02 3.908237814903259277e-01 7.000000000000000000e+00
6.730361328125000000e+02 2.828921508789062500e+02 7.363312988281250000e+02 3.522311706542968750e+02 3.782926797866821289e-01 7.000000000000000000e+00
6.695952148437500000e+02 2.789408874511718750e+02 7.354951171875000000e+02 3.515535278320312500e+02 3.151239156723022461e-01 2.000000000000000000e+00
4.458688354492187500e+02 2.954411010742187500e+02 4.941646728515625000e+02 3.487900390625000000e+02 2.813069224357604980e-01 3.000000000000000000e+00
8.691821289062500000e+01 2.291918334960937500e+02 2.028814544677734375e+02 3.063901977539062500e+02 2.740067243576049805e-01 2.000000000000000000e+00
2.005557556152343750e+02 1.777752227783203125e+02 3.023240051269531250e+02 2.170339355468750000e+02 2.611713409423828125e-01 2.000000000000000000e+00
1.111031646728515625e+02 2.122212219238281250e+02 2.033035125732421875e+02 2.557975158691406250e+02 2.570730149745941162e-01 2.000000000000000000e+00
