0.000000000000000000e+00 7.102567749023437500e+02 2.402744903564453125e+02 1.011328674316406250e+03 8.793281912803649902e-01 5.000000000000000000e+00
3.030961608886718750e+02 7.895255126953125000e+02 3.604299316406250000e+02 9.360056762695312500e+02 7.642841935157775879e-01 0.000000000000000000e+00
3.652452392578125000e+02 8.183426513671875000e+02 4.232117919921875000e+02 1.020986572265625000e+03 7.375916838645935059e-01 0.000000000000000000e+00
8.004679565429687500e+02 7.521344604492187500e+02 8.539808959960937500e+02 9.057890625000000000e+02 6.224196553230285645e-01 0.000000000000000000e+00
1.187466186523437500e+03 6.769858398437500000e+02 1.224513549804687500e+03 7.721585693359375000e+02 6.131497621536254883e-01 0.000000000000000000e+00
5.486755371093750000e+02 7.196453247070312500e+02 5.868393554687500000e+02 8.421366577148437500e+02 5.126891732215881348e-01 0.000000000000000000e+00
4.818253784179687500e+02 7.337717285156250000e+02 5.229017944335937500e+02 8.401193847656250000e+02 4.960649013519287109e-01 0.000000000000000000e+00
5.890927124023437500e+02 7.237089233398437500e+02 6.328073730468750000e+02 8.425816040039062500e+02 4.625089168548583984e-01 0.000000000000000000e+00
8.705629272460937500e+02 7.305421142578125000e+02 9.168483276367187500e+02 8.519357299804687500e+02 4.464797973632812500e-01 0.000000000000000000e+00
1.009624694824218750e+03 6.827543945312500000e+02 1.178741577148437500e+03 9.955856933593750000e+02 4.139100611209869385e-01 5.000000000000000000e+00
1.120210571289062500e+03 6.476555786132812500e+02 1.144650024414062500e+03 6.975254516601562500e+02 3.469382524490356445e-01 0.000000000000000000e+00
8.105881958007812500e+02 6.486328125000000000e+02 8.364293212890625000e+02 7.382373657226562500e+02 3.101878166198730469e-01 0.000000000000000000e+00
1.003778564453125000e+03 6.854166259765625000e+02 1.178250366210937500e+03 1.006631835937500000e+03 3.035855591297149658e-01 7.000000000000000000e+00
6.654429931640625000e+02 7.182734985351562500e+02 6.991578979492187500e+02 8.355028076171875000e+02 2.968364357948303223e-01 0.000000000000000000e+00
1.227251098632812500e+03 6.913454589843750000e+02 1.252983398437500000e+03 7.745280761718750000e+02 2.938895821571350098e-01 0.000000000000000000e+00
6.968185424804687500e+02 7.158855590820312500e+02 7.294091186523437500e+02 8.333038330078125000e+02 2.604419291019439697e-01 0.000000000000000000e+00
