4.159532546997070312e+00 8.511723632812500000e+02 7.774225616455078125e+01 1.057442504882812500e+03 8.236299157142639160e-01 0.000000000000000000e+00
4.072995605468750000e+02 9.644595336914062500e+02 5.208814086914062500e+02 1.080000000000000000e+03 7.721375226974487305e-01 0.000000000000000000e+00
1.730685058593750000e+03 8.912359008789062500e+02 1.798365234375000000e+03 1.066781250000000000e+03 7.690294384956359863e-01 0.000000000000000000e+00
1.445518554687500000e+03 8.304960937500000000e+02 1.524259033203125000e+03 9.950723876953125000e+02 7.646110653877258301e-01 0.000000000000000000e+00
3.003024291992187500e+02 6.972927246093750000e+02 3.367487487792968750e+02 7.971432495117187500e+02 7.199294567108154297e-01 0.000000000000000000e+00
4.746697998046875000e+02 7.398362426757812500e+02 5.162948608398437500e+02 8.626970825195312500e+02 7.055741548538208008e-01 0.000000000000000000e+00
1.380031738281250000e+03 8.412965698242187500e+02 1.433471557617187500e+03 9.902711791992187500e+02 6.658295989036560059e-01 0.000000000000000000e+00
3.412416992187500000e+02 7.687472534179687500e+02 3.851188659667968750e+02 9.005205688476562500e+02 6.655842065811157227e-01 0.000000000000000000e+00
3.957002563476562500e+02 7.268857421875000000e+02 4.349028625488281250e+02 8.553287353515625000e+02 6.520087718963623047e-01 0.000000000000000000e+00
1.642208618164062500e+03 8.820919799804687500e+02 1.709725097656250000e+03 1.061597534179687500e+03 6.518664360046386719e-01 0.000000000000000000e+00
6.680018920898437500e+02 1.024654541015625000e+03 7.536143188476562500e+02 1.079632446289062500e+03 5.939282774925231934e-01 0.000000000000000000e+00
2.925199279785156250e+02 8.105355834960937500e+02 3.281054992675781250e+02 9.027551879882812500e+02 5.265489220619201660e-01 0.000000000000000000e+00
1.519714233398437500e+03 7.323283081054687500e+02 1.573613159179687500e+03 8.574411621093750000e+02 4.900719821453094482e-01 0.000000000000000000e+00
9.521638183593750000e+02 5.813560180664062500e+02 9.997307739257812500e+02 6.472512207031250000e+02 4.636624753475189209e-01 2.000000000000000000e+00
1.495778808593750000e+03 9.243909912109375000e+02 1.531737792968750000e+03 9.666705932617187500e+02 4.473366439342498779e-01 2.600000000000000000e+01
5.608851242065429688e+01 8.277779541015625000e+02 1.008213729858398438e+02 9.526344604492187500e+02 4.390588104724884033e-01 0.000000000000000000e+00
1.477585449218750000e+03 7.303422241210937500e+02 1.520598999023437500e+03 8.383321533203125000e+02 3.946701586246490479e-01 0.000000000000000000e+00
1.104859375000000000e+03 6.807525634765625000e+02 1.143468017578125000e+03 8.028210449218750000e+02 3.920527100563049316e-01 0.000000000000000000e+00
1.362332519531250000e+03 9.235812377929687500e+02 1.389990722656250000e+03 9.727948608398437500e+02 3.707558810710906982e-01 2.600000000000000000e+01
1.193538574218750000e+03 7.222962646484375000e+02 1.242288574218750000e+03 8.245721435546875000e+02 3.583153784275054932e-01 0.000000000000000000e+00
4.310886230468750000e+02 7.405203247070312500e+02 5.129441528320312500e+02 8.599415283203125000e+02 3.476262092590332031e-01 0.000000000000000000e+00
1.404153808593750000e+03 7.386318969726562500e+02 1.440267700195312500e+03 8.411039428710937500e+02 3.303142189979553223e-01 0.000000000000000000e+00
8.131959838867187500e+02 6.146480712890625000e+02 8.406429443359375000e+02 6.875955200195312500e+02 3.007932603359222412e-01 0.000000000000000000e+00
1.366542358398437500e+03 7.006392822265625000e+02 1.406423095703125000e+03 8.397786254882812500e+02 2.967653274536132812e-01 0.000000000000000000e+00
1.279325561523437500e+03 6.314395141601562500e+02 1.427105957031250000e+03 6.993251342773437500e+02 2.832317352294921875e-01 2.000000000000000000e+00
