8.481250610351562500e+02 5.931305541992187500e+02 9.544323730468750000e+02 6.583952026367187500e+02 7.940443754196166992e-01 2.000000000000000000e+00
1.298526000976562500e+03 3.904754638671875000e+02 1.346934570312500000e+03 4.332740173339843750e+02 7.775589823722839355e-01 2.000000000000000000e+00
3.742109680175781250e+02 5.709830322265625000e+02 4.813185424804687500e+02 6.211854248046875000e+02 7.643206119537353516e-01 2.000000000000000000e+00
9.183185424804687500e+02 6.740543212890625000e+02 1.033005981445312500e+03 7.479830322265625000e+02 7.643199563026428223e-01 2.000000000000000000e+00
6.571054687500000000e+02 5.466668701171875000e+02 7.622063598632812500e+02 6.094370117187500000e+02 7.641757130622863770e-01 2.000000000000000000e+00
1.234903564453125000e+03 4.716437683105468750e+02 1.296012939453125000e+03 5.311047363281250000e+02 7.550964951515197754e-01 2.000000000000000000e+00
6.328592529296875000e+02 3.785896301269531250e+02 6.772264404296875000e+02 4.234583129882812500e+02 7.383739352226257324e-01 2.000000000000000000e+00
6.669173583984375000e+02 3.279751586914062500e+02 7.071146850585937500e+02 3.679963378906250000e+02 7.271623611450195312e-01 2.000000000000000000e+00
4.340678100585937500e+02 5.176099853515625000e+02 5.015640563964843750e+02 5.749981079101562500e+02 7.227895855903625488e-01 2.000000000000000000e+00
7.458436279296875000e+02 2.201080169677734375e+02 7.741087036132812500e+02 2.492172088623046875e+02 7.011126875877380371e-01 2.000000000000000000e+00
1.215701782226562500e+03 6.920366210937500000e+02 1.286525390625000000e+03 7.641304931640625000e+02 6.742333173751831055e-01 2.000000000000000000e+00
7.739569702148437500e+02 1.843331451416015625e+02 8.001785278320312500e+02 2.044624176025390625e+02 6.583385467529296875e-01 2.000000000000000000e+00
1.262674194335937500e+03 5.501917114257812500e+02 1.317513061523437500e+03 6.171355590820312500e+02 6.530398130416870117e-01 2.000000000000000000e+00
6.001066894531250000e+02 4.525363159179687500e+02 6.465120239257812500e+02 5.084712524414062500e+02 6.212745308876037598e-01 2.000000000000000000e+00
7.118293457031250000e+02 2.716751708984375000e+02 7.460061035156250000e+02 3.013774414062500000e+02 6.133998036384582520e-01 2.000000000000000000e+00
1.112816894531250000e+03 4.851127929687500000e+02 1.156054565429687500e+03 5.421356811523437500e+02 6.056145429611206055e-01 2.000000000000000000e+00
1.141439941406250000e+03 2.909163818359375000e+02 1.172920898437500000e+03 3.251718750000000000e+02 5.902755856513977051e-01 2.000000000000000000e+00
1.130107177734375000e+03 4.109257507324218750e+02 1.173701293945312500e+03 4.665978088378906250e+02 5.569031238555908203e-01 2.000000000000000000e+00
1.078908935546875000e+03 3.202310180664062500e+02 1.122071044921875000e+03 3.848481750488281250e+02 5.317080616950988770e-01 5.000000000000000000e+00
1.201589843750000000e+03 4.115843200683593750e+02 1.245092163085937500e+03 4.603089294433593750e+02 5.214259028434753418e-01 2.000000000000000000e+00
5.257886962890625000e+02 4.856699218750000000e+02 5.699524536132812500e+02 5.580021972656250000e+02 5.170244574546813965e-01 2.000000000000000000e+00
1.194158447265625000e+03 3.665238342285156250e+02 1.232365112304687500e+03 4.084474487304687500e+02 4.938009679317474365e-01 2.000000000000000000e+00
5.582916259765625000e+02 4.050869445800781250e+02 6.077055053710937500e+02 4.538739929199218750e+02 4.870436191558837891e-01 2.000000000000000000e+00
5.003659057617187500e+02 3.019286804199218750e+02 5.352481689453125000e+02 3.325932006835937500e+02 4.775411486625671387e-01 2.000000000000000000e+00
3.895557556152343750e+02 6.278722534179687500e+02 4.072731323242187500e+02 6.712684936523437500e+02 4.594221711158752441e-01 0.000000000000000000e+00
3.639978027343750000e+02 3.268814392089843750e+02 4.085134887695312500e+02 3.660248718261718750e+02 4.527072310447692871e-01 2.000000000000000000e+00
4.324248352050781250e+02 2.936298522949218750e+02 4.708266296386718750e+02 3.273341369628906250e+02 4.389444291591644287e-01 2.000000000000000000e+00
1.179916992187500000e+03 2.868753967285156250e+02 1.207862915039062500e+03 3.108067321777343750e+02 4.312078952789306641e-01 2.000000000000000000e+00
1.122665649414062500e+03 3.220815734863281250e+02 1.156974853515625000e+03 3.632131042480468750e+02 4.140026271343231201e-01 2.000000000000000000e+00
4.411934509277343750e+02 3.298614807128906250e+02 4.837849731445312500e+02 3.659803771972656250e+02 3.969476222991943359e-01 2.000000000000000000e+00
4.662235412597656250e+02 2.962005310058593750e+02 5.052222290039062500e+02 3.295343933105468750e+02 3.954940140247344971e-01 2.000000000000000000e+00
8.025696411132812500e+02 1.537661285400390625e+02 8.265686645507812500e+02 1.725939636230468750e+02 3.890664279460906982e-01 2.000000000000000000e+00
1.187263183593750000e+03 3.218111267089843750e+02 1.220552246093750000e+03 3.593800354003906250e+02 3.790806829929351807e-01 2.000000000000000000e+00
3.681784973144531250e+02 4.159134521484375000e+02 4.258263244628906250e+02 4.687405395507812500e+02 3.765377104282379150e-01 7.000000000000000000e+00
1.014190612792968750e+03 5.505414428710937500e+02 1.098674438476562500e+03 6.254854736328125000e+02 3.688845336437225342e-01 7.000000000000000000e+00
7.248023071289062500e+02 4.416715698242187500e+02 8.035428466796875000e+02 4.845166320800781250e+02 3.422941863536834717e-01 7.000000000000000000e+00
4.041521606445312500e+02 3.285210571289062500e+02 4.451962280273437500e+02 3.718654785156250000e+02 3.284641802310943604e-01 2.000000000000000000e+00
1.169272949218750000e+03 2.522500152587890625e+02 1.200146362304687500e+03 2.833599243164062500e+02 3.268468081951141357e-01 2.000000000000000000e+00
7.243642578125000000e+02 4.421505432128906250e+02 8.038092041015625000e+02 4.850375061035156250e+02 3.118261694908142090e-01 5.000000000000000000e+00
1.014865844726562500e+03 5.503167724609375000e+02 1.098446166992187500e+03 6.246833496093750000e+02 3.090418279170989990e-01 2.000000000000000000e+00
1.845160722732543945e-01 7.087796020507812500e+02 2.459272766113281250e+01 7.570477294921875000e+02 3.070745468139648438e-01 2.000000000000000000e+00
1.285620361328125000e+03 9.947848510742187500e+01 1.360000000000000000e+03 1.446716613769531250e+02 2.934203147888183594e-01 5.000000000000000000e+00
3.219458007812500000e+02 4.186225585937500000e+02 3.824562377929687500e+02 4.645778198242187500e+02 2.786273658275604248e-01 2.000000000000000000e+00
1.123165527343750000e+03 2.036701660156250000e+02 1.151194091796875000e+03 2.405684356689453125e+02 2.659950554370880127e-01 2.000000000000000000e+00
1.106602905273437500e+03 2.438780059814453125e+02 1.132491333007812500e+03 2.755786743164062500e+02 2.657201290130615234e-01 2.000000000000000000e+00
1.465621490478515625e+02 7.405984497070312500e+02 2.097956848144531250e+02 7.634396972656250000e+02 2.613649368286132812e-01 2.000000000000000000e+00
5.124337768554687500e+02 2.425061492919921875e+02 5.503463134765625000e+02 2.751358642578125000e+02 2.607180774211883545e-01 2.000000000000000000e+00
4.344346618652343750e+02 5.183840942382812500e+02 4.968145751953125000e+02 5.725974731445312500e+02 2.604225277900695801e-01 7.000000000000000000e+00
4.158468933105468750e+02 4.224936828613281250e+02 4.695332336425781250e+02 4.703499450683593750e+02 2.594175040721893311e-01 7.000000000000000000e+00
8.311125488281250000e+02 1.154493408203125000e+02 8.525245361328125000e+02 1.408997650146484375e+02 2.546570897102355957e-01 2.000000000000000000e+00
