4.632452392578125000e+02 3.067548522949218750e+02 4.919121398925781250e+02 3.318336181640625000e+02 7.123869657516479492e-01 2.000000000000000000e+00
1.452361907958984375e+02 3.104509277343750000e+02 1.843436279296875000e+02 3.366101074218750000e+02 7.047966122627258301e-01 2.000000000000000000e+00
4.302276306152343750e+02 2.979795227050781250e+02 4.527306518554687500e+02 3.204439086914062500e+02 6.716093420982360840e-01 2.000000000000000000e+00
1.950212402343750000e+02 2.752612304687500000e+02 2.246789245605468750e+02 2.969543762207031250e+02 5.938948988914489746e-01 2.000000000000000000e+00
4.324332275390625000e+02 2.274308319091796875e+02 4.495703430175781250e+02 2.440326385498046875e+02 5.663788318634033203e-01 2.000000000000000000e+00
3.343647460937500000e+02 2.585494079589843750e+02 3.522731323242187500e+02 2.770741882324218750e+02 5.513239502906799316e-01 2.000000000000000000e+00
5.004064941406250000e+02 2.664818420410156250e+02 5.212312622070312500e+02 2.843783874511718750e+02 4.850063621997833252e-01 2.000000000000000000e+00
1.668733520507812500e+02 2.787299804687500000e+02 2.014152526855468750e+02 3.029493408203125000e+02 4.531400203704833984e-01 2.000000000000000000e+00
5.768078613281250000e+02 3.681970825195312500e+02 5.903057861328125000e+02 3.890407104492187500e+02 4.250654280185699463e-01 0.000000000000000000e+00
7.154880981445312500e+02 3.698435974121093750e+02 7.284319458007812500e+02 3.933675231933593750e+02 3.948860168457031250e-01 0.000000000000000000e+00
4.601118469238281250e+02 2.634382934570312500e+02 4.774154968261718750e+02 2.851723937988281250e+02 3.628784716129302979e-01 2.000000000000000000e+00
5.535849609375000000e+02 3.835078430175781250e+02 5.665347290039062500e+02 4.081287536621093750e+02 2.924563884735107422e-01 0.000000000000000000e+00
4.542255554199218750e+02 2.206534881591796875e+02 4.677966003417968750e+02 2.321200103759765625e+02 2.902165949344635010e-01 2.000000000000000000e+00
3.466755981445312500e+02 4.234938354492187500e+02 3.560139465332031250e+02 4.492181396484375000e+02 2.810639441013336182e-01 9.000000000000000000e+00
3.796683044433593750e+02 1.774532012939453125e+02 3.963585510253906250e+02 1.892215270996093750e+02 2.581653892993927002e-01 2.000000000000000000e+00
