5.309777221679687500e+02 5.789804077148437500e+02 6.659555053710937500e+02 6.521096191406250000e+02 8.793673515319824219e-01 2.000000000000000000e+00
4.824413452148437500e+02 4.022486267089843750e+02 5.925772705078125000e+02 4.490803527832031250e+02 8.367548584938049316e-01 2.000000000000000000e+00
7.035674438476562500e+02 3.803944396972656250e+02 7.576420288085937500e+02 4.393744201660156250e+02 7.872102856636047363e-01 2.000000000000000000e+00
1.091135498046875000e+03 2.642258911132812500e+02 1.143324829101562500e+03 2.990409851074218750e+02 7.517924904823303223e-01 2.000000000000000000e+00
9.913032226562500000e+02 1.814376373291015625e+02 1.025994995117187500e+03 2.061567077636718750e+02 7.212516069412231445e-01 2.000000000000000000e+00
6.047925415039062500e+02 3.858776855468750000e+02 6.492970581054687500e+02 4.450495910644531250e+02 6.806878447532653809e-01 2.000000000000000000e+00
7.395905151367187500e+02 3.160882568359375000e+02 7.752539062500000000e+02 3.645756530761718750e+02 6.702148318290710449e-01 2.000000000000000000e+00
7.478389282226562500e+02 3.768963317871093750e+02 8.194271850585937500e+02 4.410992431640625000e+02 6.608852148056030273e-01 2.000000000000000000e+00
2.852915649414062500e+02 6.574414672851562500e+02 4.359592895507812500e+02 7.373833007812500000e+02 6.461072564125061035e-01 2.000000000000000000e+00
6.177999877929687500e+02 2.386077728271484375e+02 6.862217407226562500e+02 2.691731262207031250e+02 6.127490401268005371e-01 2.000000000000000000e+00
2.584631042480468750e+02 5.257323608398437500e+02 3.873865051269531250e+02 6.074913330078125000e+02 5.954459905624389648e-01 2.000000000000000000e+00
9.311871528625488281e-01 5.577098388671875000e+02 2.305005950927734375e+02 7.568278198242187500e+02 5.792029500007629395e-01 7.000000000000000000e+00
2.939885559082031250e+02 5.650123291015625000e+02 4.333208007812500000e+02 6.304794311523437500e+02 5.455440282821655273e-01 2.000000000000000000e+00
3.861088256835937500e+02 3.861045837402343750e+02 4.246089477539062500e+02 4.306455993652343750e+02 5.055634975433349609e-01 2.000000000000000000e+00
6.540772705078125000e+02 3.914902038574218750e+02 7.021792602539062500e+02 4.404505920410156250e+02 4.950928688049316406e-01 2.000000000000000000e+00
2.854886474609375000e+02 5.856129150390625000e+02 4.356039123535156250e+02 6.934426879882812500e+02 4.908015429973602295e-01 2.000000000000000000e+00
6.496196289062500000e+02 3.301365051269531250e+02 7.323373413085937500e+02 3.857860412597656250e+02 4.485638439655303955e-01 2.000000000000000000e+00
6.401234130859375000e+02 2.616011657714843750e+02 6.910418701171875000e+02 2.973619079589843750e+02 4.187924563884735107e-01 2.000000000000000000e+00
1.138323486328125000e+03 1.166209487915039062e+02 1.239234497070312500e+03 1.594660797119140625e+02 3.966632783412933350e-01 7.000000000000000000e+00
4.317874450683593750e+02 3.757948608398437500e+02 4.778700866699218750e+02 4.281710205078125000e+02 3.856185078620910645e-01 7.000000000000000000e+00
9.606796875000000000e+02 1.278611297607421875e+02 1.002794738769531250e+03 1.460807952880859375e+02 3.774409890174865723e-01 2.000000000000000000e+00
9.694513549804687500e+02 9.370498657226562500e+01 1.017207275390625000e+03 1.152241363525390625e+02 3.486683070659637451e-01 2.000000000000000000e+00
4.308962707519531250e+02 3.753669433593750000e+02 4.763137512207031250e+02 4.275836486816406250e+02 3.400666713714599609e-01 2.000000000000000000e+00
2.070778045654296875e+02 7.196195678710937500e+02 3.797568969726562500e+02 7.650000000000000000e+02 3.124176263809204102e-01 2.000000000000000000e+00
1.179850830078125000e+03 5.357598876953125000e+02 1.215094482421875000e+03 5.846860351562500000e+02 2.991576492786407471e-01 3.000000000000000000e+00
8.840263061523437500e+02 1.196001510620117188e+02 8.942363891601562500e+02 1.354908905029296875e+02 2.950565814971923828e-01 0.000000000000000000e+00
4.500097656250000000e+01 2.954625549316406250e+02 2.642898559570312500e+02 4.569355773925781250e+02 2.937155663967132568e-01 7.000000000000000000e+00
1.179644165039062500e+03 5.334012451171875000e+02 1.212461791992187500e+03 5.797207641601562500e+02 2.896869480609893799e-01 0.000000000000000000e+00
3.864959411621093750e+02 3.831584472656250000e+02 4.738681640625000000e+02 4.285136718750000000e+02 2.870258092880249023e-01 2.000000000000000000e+00
3.530975723266601562e+01 1.762570953369140625e+02 7.817947387695312500e+01 2.295229492187500000e+02 2.827014029026031494e-01 7.000000000000000000e+00
9.750905036926269531e-01 1.297882843017578125e+02 3.283575439453125000e+01 1.823681030273437500e+02 2.791662216186523438e-01 7.000000000000000000e+00
7.674661865234375000e+02 1.776808013916015625e+02 7.831171875000000000e+02 2.000926818847656250e+02 2.655991911888122559e-01 9.000000000000000000e+00
