8.806639404296875000e+02 4.283742370605468750e+02 9.062239990234375000e+02 4.853445739746093750e+02 8.118005394935607910e-01 0.000000000000000000e+00
2.142165946960449219e+01 3.056717529296875000e+02 3.743426132202148438e+01 3.453422851562500000e+02 7.376459836959838867e-01 0.000000000000000000e+00
8.685452880859375000e+02 4.929666442871093750e+02 8.960067138671875000e+02 5.399410400390625000e+02 7.230638265609741211e-01 0.000000000000000000e+00
3.479899597167968750e+02 3.828341979980468750e+02 3.717401123046875000e+02 4.529373168945312500e+02 7.135409712791442871e-01 0.000000000000000000e+00
5.193170166015625000e+02 4.039514770507812500e+02 5.410296630859375000e+02 4.670654602050781250e+02 6.498941183090209961e-01 0.000000000000000000e+00
3.264983215332031250e+02 3.916916503906250000e+02 3.493776855468750000e+02 4.566236877441406250e+02 6.335269212722778320e-01 0.000000000000000000e+00
5.154180908203125000e+02 5.066335449218750000e+02 5.462086181640625000e+02 5.400000000000000000e+02 5.591717362403869629e-01 0.000000000000000000e+00
3.840115356445312500e+02 3.438594665527343750e+02 4.006052856445312500e+02 3.935749816894531250e+02 5.567736625671386719e-01 0.000000000000000000e+00
4.427892150878906250e+02 4.117908630371093750e+02 4.640667114257812500e+02 4.814425354003906250e+02 5.047592520713806152e-01 0.000000000000000000e+00
4.462791442871093750e+02 3.428528137207031250e+02 4.654804077148437500e+02 3.990214233398437500e+02 5.014191865921020508e-01 0.000000000000000000e+00
1.246646118164062500e+02 2.813001708984375000e+02 1.391782836914062500e+02 3.201751708984375000e+02 4.613082408905029297e-01 0.000000000000000000e+00
2.343403472900390625e+02 2.802652587890625000e+02 2.480880432128906250e+02 3.192192077636718750e+02 4.426807165145874023e-01 0.000000000000000000e+00
4.922026062011718750e+02 4.043926696777343750e+02 5.108813781738281250e+02 4.682068481445312500e+02 4.400302767753601074e-01 0.000000000000000000e+00
9.498565063476562500e+02 4.858937988281250000e+02 9.600000000000000000e+02 5.389332885742187500e+02 4.270706474781036377e-01 0.000000000000000000e+00
5.922227096557617188e+01 2.958819580078125000e+02 7.308412170410156250e+01 3.323215332031250000e+02 4.197097122669219971e-01 0.000000000000000000e+00
5.979268798828125000e+02 4.038564147949218750e+02 6.269271850585937500e+02 4.616188659667968750e+02 4.155187904834747314e-01 0.000000000000000000e+00
4.672354431152343750e+02 4.079477539062500000e+02 4.885333557128906250e+02 4.761072998046875000e+02 3.832974731922149658e-01 0.000000000000000000e+00
5.445443115234375000e+02 5.138309326171875000e+02 5.690008544921875000e+02 5.400000000000000000e+02 3.688650727272033691e-01 0.000000000000000000e+00
4.232323913574218750e+02 3.920089721679687500e+02 4.422913818359375000e+02 4.480164489746093750e+02 3.396439254283905029e-01 0.000000000000000000e+00
