8.610830688476562500e+02 7.814331817626953125e+01 9.445397949218750000e+02 1.251950912475585938e+02 8.528529405593872070e-01 2.000000000000000000e+00
9.543676757812500000e+02 2.100178985595703125e+02 1.017514160156250000e+03 2.869670410156250000e+02 8.266382813453674316e-01 2.000000000000000000e+00
8.930183715820312500e+02 1.527754211425781250e+02 9.690435180664062500e+02 1.955809020996093750e+02 8.121080994606018066e-01 2.000000000000000000e+00
6.684741210937500000e+02 1.294410247802734375e+02 7.310870361328125000e+02 2.050063323974609375e+02 7.958762049674987793e-01 2.000000000000000000e+00
8.978677368164062500e+02 4.277988586425781250e+02 9.845338745117187500e+02 4.766374206542968750e+02 7.419559955596923828e-01 2.000000000000000000e+00
2.368873596191406250e+01 2.985301208496093750e+02 5.619422149658203125e+01 3.440417480468750000e+02 6.386996507644653320e-01 0.000000000000000000e+00
1.120752197265625000e+03 3.022779541015625000e+02 1.180071655273437500e+03 3.893139038085937500e+02 6.338759660720825195e-01 2.000000000000000000e+00
5.278797607421875000e+02 3.583122491836547852e+00 5.668496704101562500e+02 4.070578384399414062e+01 5.572599768638610840e-01 2.000000000000000000e+00
9.605010375976562500e+02 5.406435012817382812e+01 1.057685791015625000e+03 1.208882293701171875e+02 5.454394221305847168e-01 2.000000000000000000e+00
3.099190330505371094e+01 1.336265869140625000e+02 8.884706878662109375e+01 1.940411682128906250e+02 5.263060927391052246e-01 2.000000000000000000e+00
4.038266906738281250e+02 6.106694946289062500e+02 4.370184631347656250e+02 6.617412109375000000e+02 4.994245767593383789e-01 0.000000000000000000e+00
3.847240905761718750e+02 2.023787536621093750e+02 4.082727050781250000e+02 2.628833312988281250e+02 4.350143671035766602e-01 0.000000000000000000e+00
6.067610473632812500e+02 1.900500183105468750e+02 6.305427856445312500e+02 2.385117645263671875e+02 4.110561609268188477e-01 0.000000000000000000e+00
6.739365844726562500e+02 2.410959472656250000e+02 6.912211914062500000e+02 2.918078918457031250e+02 4.071225821971893311e-01 0.000000000000000000e+00
1.258207885742187500e+03 2.883585510253906250e+02 1.310960449218750000e+03 3.633544006347656250e+02 3.963993191719055176e-01 2.000000000000000000e+00
7.521265745162963867e-02 3.902626953125000000e+02 2.089709854125976562e+01 4.274676208496093750e+02 3.460055589675903320e-01 3.000000000000000000e+00
5.956815719604492188e+01 9.113715362548828125e+01 7.533150482177734375e+01 1.160215911865234375e+02 3.443931043148040771e-01 0.000000000000000000e+00
8.323045043945312500e+02 1.424492492675781250e+02 8.608873291015625000e+02 1.957206115722656250e+02 3.433900177478790283e-01 0.000000000000000000e+00
9.715497436523437500e+02 1.125434303283691406e+01 1.033152954101562500e+03 5.630366516113281250e+01 3.317900598049163818e-01 2.000000000000000000e+00
5.739224243164062500e+02 2.295070037841796875e+02 5.960861816406250000e+02 2.703559875488281250e+02 3.274560868740081787e-01 0.000000000000000000e+00
7.406568603515625000e+02 5.744989013671875000e+02 7.906930541992187500e+02 6.212274780273437500e+02 3.010991513729095459e-01 0.000000000000000000e+00
7.129321899414062500e+02 2.124457740783691406e+01 7.265790405273437500e+02 5.662855529785156250e+01 2.901633381843566895e-01 0.000000000000000000e+00
5.796262817382812500e+02 1.841772460937500000e+02 6.021647338867187500e+02 2.232502288818359375e+02 2.837866544723510742e-01 0.000000000000000000e+00
6.158989868164062500e+02 1.568197021484375000e+02 6.329509887695312500e+02 1.950978240966796875e+02 2.719248235225677490e-01 0.000000000000000000e+00
1.115275634765625000e+03 2.774070739746093750e+02 1.164648925781250000e+03 3.064052124023437500e+02 2.530987858772277832e-01 2.000000000000000000e+00
