6.525918579101562500e+02 2.584227294921875000e+02 6.732402954101562500e+02 3.206050720214843750e+02 6.508362889289855957e-01 0.000000000000000000e+00
6.540366210937500000e+02 3.535809936523437500e+02 6.716982421875000000e+02 4.193550720214843750e+02 5.641716718673706055e-01 0.000000000000000000e+00
4.234877319335937500e+02 3.713146972656250000e+02 5.099306945800781250e+02 4.422976074218750000e+02 5.557850003242492676e-01 7.000000000000000000e+00
7.622507324218750000e+02 2.303904571533203125e+02 8.671055908203125000e+02 3.092231140136718750e+02 4.468599557876586914e-01 7.000000000000000000e+00
3.531270751953125000e+02 1.987743988037109375e+02 4.140713500976562500e+02 2.283707427978515625e+02 4.320349991321563721e-01 2.000000000000000000e+00
1.061916015625000000e+03 2.140008239746093750e+02 1.078421752929687500e+03 2.590949096679687500e+02 3.949390947818756104e-01 0.000000000000000000e+00
7.145407104492187500e+02 1.934447631835937500e+02 7.628746337890625000e+02 2.317835083007812500e+02 3.803908824920654297e-01 7.000000000000000000e+00
9.913707275390625000e+02 2.792156066894531250e+02 1.056546630859375000e+03 3.318166198730468750e+02 3.513941764831542969e-01 7.000000000000000000e+00
0.000000000000000000e+00 3.924988403320312500e+02 4.372829818725585938e+01 4.327181396484375000e+02 3.156524002552032471e-01 8.000000000000000000e+00
3.113774719238281250e+02 3.655460510253906250e+02 3.958857727050781250e+02 4.299695129394531250e+02 3.155398666858673096e-01 7.000000000000000000e+00
2.340755004882812500e+02 3.307041015625000000e+02 2.550822448730468750e+02 3.584189147949218750e+02 3.017964959144592285e-01 0.000000000000000000e+00
2.671543273925781250e+02 1.890134277343750000e+02 3.042787475585937500e+02 2.267265930175781250e+02 2.881212532520294189e-01 7.000000000000000000e+00
9.283428344726562500e+02 2.626141052246093750e+02 9.842605590820312500e+02 3.135422668457031250e+02 2.876871228218078613e-01 7.000000000000000000e+00
1.910155029296875000e+02 2.800007019042968750e+02 2.393063964843750000e+02 3.392482910156250000e+02 2.757383882999420166e-01 7.000000000000000000e+00
4.398959045410156250e+02 2.434079895019531250e+02 4.567298278808593750e+02 2.943476867675781250e+02 2.584314048290252686e-01 0.000000000000000000e+00
5.395114746093750000e+02 4.009450378417968750e+02 5.857020874023437500e+02 4.553373413085937500e+02 2.513949275016784668e-01 3.000000000000000000e+00
