8.869199218750000000e+02 4.967923889160156250e+02 9.636879882812500000e+02 5.792103271484375000e+02 7.963402271270751953e-01 2.000000000000000000e+00
4.976691894531250000e+02 5.494350585937500000e+02 5.574825439453125000e+02 6.114838867187500000e+02 7.876483798027038574e-01 2.000000000000000000e+00
5.296175537109375000e+02 7.972586669921875000e+02 6.404057617187500000e+02 8.582221679687500000e+02 7.872517704963684082e-01 2.000000000000000000e+00
1.130522094726562500e+03 3.641677856445312500e+02 1.192003417968750000e+03 4.158149414062500000e+02 7.764171361923217773e-01 2.000000000000000000e+00
8.338403930664062500e+02 5.368526000976562500e+02 8.867705688476562500e+02 5.968572998046875000e+02 7.606395483016967773e-01 2.000000000000000000e+00
5.150471191406250000e+02 8.486010742187500000e+02 6.083433837890625000e+02 9.357473754882812500e+02 7.549629211425781250e-01 2.000000000000000000e+00
9.051439208984375000e+02 7.100670776367187500e+02 1.003672241210937500e+03 7.975356445312500000e+02 7.476860880851745605e-01 2.000000000000000000e+00
9.714180908203125000e+02 6.550907592773437500e+02 1.086068969726562500e+03 7.425031738281250000e+02 7.448038458824157715e-01 2.000000000000000000e+00
5.260541381835937500e+02 6.199585571289062500e+02 6.248958129882812500e+02 6.882932739257812500e+02 7.296673059463500977e-01 2.000000000000000000e+00
3.698864135742187500e+02 8.775145263671875000e+02 5.105795288085937500e+02 9.949066772460937500e+02 7.266931533813476562e-01 2.000000000000000000e+00
5.292213745117187500e+02 7.435364379882812500e+02 6.447863769531250000e+02 8.001274414062500000e+02 6.368600726127624512e-01 2.000000000000000000e+00
1.112450361251831055e+00 3.091567754745483398e+00 2.071946258544921875e+02 2.039216156005859375e+02 6.039135456085205078e-01 8.000000000000000000e+00
5.284262695312500000e+02 6.987843017578125000e+02 6.305646362304687500e+02 7.487593994140625000e+02 5.848525166511535645e-01 2.000000000000000000e+00
1.238052856445312500e+03 3.031137390136718750e+02 1.290479736328125000e+03 3.375836791992187500e+02 5.269877314567565918e-01 2.000000000000000000e+00
1.962257385253906250e+02 9.885377197265625000e+02 2.186509857177734375e+02 1.039450195312500000e+03 5.141618847846984863e-01 0.000000000000000000e+00
6.875709228515625000e+02 5.522879638671875000e+02 7.300604248046875000e+02 6.172467651367187500e+02 4.787428379058837891e-01 2.000000000000000000e+00
1.049888183593750000e+03 5.825720825195312500e+02 1.157199340820312500e+03 6.759310913085937500e+02 4.259999990463256836e-01 2.000000000000000000e+00
1.185823242187500000e+03 4.807995910644531250e+02 1.277756713867187500e+03 5.313576660156250000e+02 3.370018303394317627e-01 2.000000000000000000e+00
8.499040527343750000e+02 7.602574462890625000e+02 9.847243652343750000e+02 8.712551879882812500e+02 3.091122508049011230e-01 2.000000000000000000e+00
1.027665283203125000e+03 6.194642944335937500e+02 1.137487548828125000e+03 6.843938598632812500e+02 2.797444462776184082e-01 2.000000000000000000e+00
