7.037983398437500000e+02 8.162430419921875000e+02 9.607115478515625000e+02 9.167409667968750000e+02 6.163575649261474609e-01 5.000000000000000000e+00
4.543091583251953125e+01 7.774421386718750000e+02 6.924700927734375000e+01 8.042314453125000000e+02 5.854071378707885742e-01 0.000000000000000000e+00
3.897555847167968750e+02 7.730482177734375000e+02 4.064321289062500000e+02 7.991981811523437500e+02 5.259449481964111328e-01 0.000000000000000000e+00
1.195250701904296875e+02 7.663574829101562500e+02 1.330363006591796875e+02 7.876201782226562500e+02 4.868927597999572754e-01 0.000000000000000000e+00
9.910941772460937500e+02 7.670356445312500000e+02 1.007948486328125000e+03 7.994199829101562500e+02 4.425204992294311523e-01 0.000000000000000000e+00
5.240937805175781250e+01 6.791876831054687500e+02 8.641615295410156250e+01 7.258099975585937500e+02 3.695739507675170898e-01 0.000000000000000000e+00
2.412439727783203125e+02 2.894443664550781250e+02 2.645586242675781250e+02 3.051566162109375000e+02 3.678821921348571777e-01 2.000000000000000000e+00
8.087393798828125000e+02 7.401187133789062500e+02 8.227885742187500000e+02 7.718122558593750000e+02 3.611430227756500244e-01 0.000000000000000000e+00
6.972690429687500000e+02 9.112291870117187500e+02 7.092537841796875000e+02 9.384128417968750000e+02 3.541377484798431396e-01 0.000000000000000000e+00
1.293497192382812500e+03 6.225270996093750000e+02 1.377972778320312500e+03 6.853563232421875000e+02 3.520367741584777832e-01 7.000000000000000000e+00
8.576147460937500000e+02 7.349322509765625000e+02 8.695559082031250000e+02 7.577333984375000000e+02 3.349758982658386230e-01 0.000000000000000000e+00
2.299403686523437500e+02 7.509661254882812500e+02 2.554700317382812500e+02 7.829907226562500000e+02 3.342137634754180908e-01 0.000000000000000000e+00
7.259622802734375000e+02 7.862577514648437500e+02 7.512883300781250000e+02 8.096868896484375000e+02 3.048561215400695801e-01 0.000000000000000000e+00
9.761278686523437500e+02 8.236470336914062500e+02 9.894821166992187500e+02 8.516629028320312500e+02 2.927692234516143799e-01 0.000000000000000000e+00
7.129474487304687500e+02 8.110774536132812500e+02 9.585822753906250000e+02 9.182889404296875000e+02 2.854542434215545654e-01 7.000000000000000000e+00
8.702637329101562500e+02 5.314019165039062500e+02 1.033275634765625000e+03 5.874234619140625000e+02 2.762253880500793457e-01 5.000000000000000000e+00
