2.967894287109375000e+02 4.870040283203125000e+02 4.085399169921875000e+02 6.931430053710937500e+02 8.533515334129333496e-01 2.000000000000000000e+00
6.405903320312500000e+02 3.320075683593750000e+02 7.157023315429687500e+02 4.920528259277343750e+02 8.531793355941772461e-01 6.700000000000000000e+01
5.822122802734375000e+02 5.853772163391113281e-01 6.445103149414062500e+02 9.658985900878906250e+01 8.441913723945617676e-01 6.700000000000000000e+01
5.403621215820312500e+02 3.562149353027343750e+02 6.189221191406250000e+02 5.172472534179687500e+02 8.439172506332397461e-01 6.700000000000000000e+01
4.982821044921875000e+02 7.494549560546875000e+02 5.958371582031250000e+02 9.534732055664062500e+02 8.090959191322326660e-01 6.700000000000000000e+01
6.213252563476562500e+02 5.564890136718750000e+02 7.055682983398437500e+02 7.430003662109375000e+02 7.964459061622619629e-01 6.700000000000000000e+01
6.423802490234375000e+02 1.600499877929687500e+02 7.102859497070312500e+02 3.177557067871093750e+02 7.551426291465759277e-01 6.700000000000000000e+01
8.851856079101562500e+02 4.151999816894531250e+02 9.753197021484375000e+02 6.136356201171875000e+02 6.644783020019531250e-01 6.700000000000000000e+01
9.285526733398437500e+02 1.067992401123046875e+02 1.082175903320312500e+03 1.826102142333984375e+02 6.094174385070800781e-01 2.000000000000000000e+00
7.886723022460937500e+02 3.337868652343750000e+02 8.751085815429687500e+02 5.030638427734375000e+02 4.396258890628814697e-01 6.700000000000000000e+01
7.151774291992187500e+02 1.397878723144531250e+02 7.949816894531250000e+02 2.922610168457031250e+02 3.206245601177215576e-01 6.700000000000000000e+01
7.898385009765625000e+02 3.336505737304687500e+02 8.758220214843750000e+02 4.967240600585937500e+02 3.001364171504974365e-01 2.000000000000000000e+00
4.110928649902343750e+02 9.056585693359375000e+01 4.880996093750000000e+02 2.285369720458984375e+02 2.831641137599945068e-01 6.700000000000000000e+01
