8.378332519531250000e+02 3.807117614746093750e+02 1.021356445312500000e+03 5.856835327148437500e+02 6.690599322319030762e-01 2.000000000000000000e+00
4.917017822265625000e+02 5.201085205078125000e+02 5.980239868164062500e+02 6.975468139648437500e+02 5.979892015457153320e-01 2.000000000000000000e+00
1.184251831054687500e+03 5.590615844726562500e+02 1.350731933593750000e+03 6.519315185546875000e+02 5.807026028633117676e-01 2.000000000000000000e+00
2.210280151367187500e+02 3.314261779785156250e+02 2.962953796386718750e+02 3.830426330566406250e+02 4.833326935768127441e-01 2.000000000000000000e+00
7.252615356445312500e+02 6.341604614257812500e+02 8.682692260742187500e+02 7.855497436523437500e+02 4.786014854907989502e-01 2.000000000000000000e+00
3.694333190917968750e+02 5.662223510742187500e+02 5.030467834472656250e+02 7.805495605468750000e+02 4.743166267871856689e-01 2.000000000000000000e+00
5.505673217773437500e+02 5.066529235839843750e+02 6.692031860351562500e+02 6.507845458984375000e+02 3.727670609951019287e-01 2.000000000000000000e+00
5.290071411132812500e+02 1.813694763183593750e+02 5.856397094726562500e+02 2.226176147460937500e+02 3.559056520462036133e-01 2.000000000000000000e+00
6.893883666992187500e+02 3.196003723144531250e+01 8.442095336914062500e+02 1.418864288330078125e+02 3.434562385082244873e-01 2.000000000000000000e+00
1.309647460937500000e+03 4.014313964843750000e+02 1.399189453125000000e+03 4.818378906250000000e+02 3.335501253604888916e-01 2.000000000000000000e+00
6.414046630859375000e+02 5.124110717773437500e+02 7.336548461914062500e+02 6.008442993164062500e+02 2.613545656204223633e-01 2.000000000000000000e+00
