2.930972900390625000e+02 6.628439331054687500e+02 4.416467590332031250e+02 7.829216918945312500e+02 6.327801942825317383e-01 7.000000000000000000e+00
5.176594238281250000e+02 2.367458038330078125e+02 5.672838745117187500e+02 2.726459655761718750e+02 5.673145055770874023e-01 2.000000000000000000e+00
1.330996826171875000e+03 5.818955078125000000e+02 1.365396850585937500e+03 6.089257202148437500e+02 5.256320238113403320e-01 2.000000000000000000e+00
4.483175659179687500e+01 4.059356384277343750e+02 1.165288772583007812e+02 4.457915954589843750e+02 4.799228906631469727e-01 7.000000000000000000e+00
1.118673095703125000e+02 5.760002441406250000e+02 1.654758148193359375e+02 6.109589843750000000e+02 4.764924049377441406e-01 2.000000000000000000e+00
8.276599121093750000e+01 6.605055541992187500e+02 2.928395996093750000e+02 7.850313720703125000e+02 3.860656023025512695e-01 7.000000000000000000e+00
4.639291763305664062e+01 3.883312377929687500e+02 4.044732666015625000e+02 5.785994873046875000e+02 3.842977285385131836e-01 5.000000000000000000e+00
1.451943054199218750e+02 3.366188049316406250e+02 1.823641815185546875e+02 3.549667053222656250e+02 3.841378092765808105e-01 2.000000000000000000e+00
5.223187804222106934e-01 4.595890808105468750e+02 2.399082565307617188e+01 6.287522583007812500e+02 3.622898757457733154e-01 5.000000000000000000e+00
8.651110839843750000e+01 6.315294799804687500e+02 1.198212814331054688e+02 6.665296020507812500e+02 3.600838184356689453e-01 2.000000000000000000e+00
1.030991577148437500e+03 7.183973388671875000e+02 1.059840820312500000e+03 7.355714111328125000e+02 3.433147668838500977e-01 2.000000000000000000e+00
2.304837493896484375e+02 2.875323486328125000e+02 3.185656127929687500e+02 3.346835021972656250e+02 2.917909920215606689e-01 7.000000000000000000e+00
4.483784790039062500e+02 3.943586425781250000e+02 4.811961364746093750e+02 4.231527099609375000e+02 2.670556604862213135e-01 2.000000000000000000e+00
1.018055053710937500e+03 6.202782821655273438e+01 1.067559448242187500e+03 1.052067184448242188e+02 2.668093740940093994e-01 2.000000000000000000e+00
7.482166137695312500e+02 5.875445365905761719e+00 7.851470947265625000e+02 2.424234580993652344e+01 2.648208141326904297e-01 2.000000000000000000e+00
