4.190017700195312500e+02 8.574931030273437500e+02 5.475650024414062500e+02 9.185092163085937500e+02 8.239341378211975098e-01 2.000000000000000000e+00
3.034118957519531250e+02 9.344473266601562500e+02 4.734211120605468750e+02 1.023169555664062500e+03 8.132678866386413574e-01 2.000000000000000000e+00
8.293554077148437500e+02 7.518098144531250000e+02 8.684074707031250000e+02 7.944338378906250000e+02 7.836887240409851074e-01 2.000000000000000000e+00
1.929387207031250000e+02 7.715290527343750000e+02 2.394468078613281250e+02 8.114517211914062500e+02 7.759793996810913086e-01 2.000000000000000000e+00
7.397396240234375000e+02 8.321403808593750000e+02 7.909595947265625000e+02 9.059696044921875000e+02 7.278755903244018555e-01 2.000000000000000000e+00
5.282552490234375000e+02 7.927214965820312500e+02 6.197373657226562500e+02 8.503223876953125000e+02 6.807923913002014160e-01 2.000000000000000000e+00
1.161804077148437500e+03 6.777676391601562500e+02 1.196690307617187500e+03 6.982315063476562500e+02 6.480879783630371094e-01 2.000000000000000000e+00
1.112634399414062500e+03 6.545016479492187500e+02 1.140092163085937500e+03 6.730116577148437500e+02 6.236635446548461914e-01 2.000000000000000000e+00
1.192447753906250000e+03 7.072581787109375000e+02 1.240180175781250000e+03 7.397523803710937500e+02 5.930128097534179688e-01 2.000000000000000000e+00
5.644799194335937500e+02 7.576672973632812500e+02 6.461902465820312500e+02 8.015447998046875000e+02 5.386276841163635254e-01 2.000000000000000000e+00
5.394273681640625000e+02 7.774960937500000000e+02 6.345327148437500000e+02 8.329063110351562500e+02 5.283824801445007324e-01 2.000000000000000000e+00
4.856396789550781250e+02 8.302089843750000000e+02 5.733214721679687500e+02 8.780438842773437500e+02 5.057749152183532715e-01 2.000000000000000000e+00
6.117386474609375000e+02 7.445442504882812500e+02 6.726433715820312500e+02 7.826889648437500000e+02 5.038709044456481934e-01 2.000000000000000000e+00
1.189997558593750000e+03 7.302813110351562500e+02 1.240993164062500000e+03 7.725775146484375000e+02 4.985978603363037109e-01 2.000000000000000000e+00
4.309326171875000000e+02 1.005258239746093750e+03 5.155352783203125000e+02 1.049641601562500000e+03 4.971833229064941406e-01 2.000000000000000000e+00
7.673295288085937500e+02 7.179978637695312500e+02 8.063668212890625000e+02 7.619285278320312500e+02 4.610247015953063965e-01 2.000000000000000000e+00
8.272376098632812500e+02 7.009309082031250000e+02 8.570305786132812500e+02 7.315591430664062500e+02 4.285736083984375000e-01 2.000000000000000000e+00
8.213143920898437500e+02 6.433870849609375000e+02 8.435828247070312500e+02 6.650335083007812500e+02 4.177003204822540283e-01 2.000000000000000000e+00
1.080143676757812500e+03 6.249204711914062500e+02 1.103226806640625000e+03 6.452570800781250000e+02 3.213025033473968506e-01 2.000000000000000000e+00
1.342570953369140625e+02 7.698046264648437500e+02 1.505807495117187500e+02 8.062260131835937500e+02 3.111508786678314209e-01 0.000000000000000000e+00
