3.976273498535156250e+02 6.293256835937500000e+02 4.961061706542968750e+02 7.032584838867187500e+02 7.561704516410827637e-01 2.000000000000000000e+00
4.941371154785156250e+02 5.818999023437500000e+02 5.976943359375000000e+02 6.500374145507812500e+02 7.075002789497375488e-01 2.000000000000000000e+00
2.544044036865234375e+02 7.070534667968750000e+02 3.824154968261718750e+02 7.904078979492187500e+02 6.950613856315612793e-01 2.000000000000000000e+00
5.440784301757812500e+02 6.340322875976562500e+02 6.532297973632812500e+02 7.091622314453125000e+02 6.797947883605957031e-01 2.000000000000000000e+00
8.360175781250000000e+02 3.693330078125000000e+02 9.069018554687500000e+02 4.176720581054687500e+02 5.976232290267944336e-01 2.000000000000000000e+00
1.247083740234375000e+02 7.796339721679687500e+02 2.801428222656250000e+02 8.837848510742187500e+02 5.794239044189453125e-01 2.000000000000000000e+00
1.019877807617187500e+03 2.967484130859375000e+02 1.092604858398437500e+03 3.575180358886718750e+02 5.413576960563659668e-01 2.000000000000000000e+00
1.143406738281250000e+03 2.357494964599609375e+02 1.192289428710937500e+03 2.740606384277343750e+02 5.020309090614318848e-01 2.000000000000000000e+00
6.010591983795166016e-01 8.822668457031250000e+02 1.003630752563476562e+02 9.671355590820312500e+02 4.835729002952575684e-01 2.000000000000000000e+00
5.911688232421875000e+02 5.124389648437500000e+02 6.703729248046875000e+02 5.715218505859375000e+02 4.107896983623504639e-01 2.000000000000000000e+00
5.122973632812500000e+02 6.101735839843750000e+02 6.228757934570312500e+02 6.980226440429687500e+02 3.488716185092926025e-01 2.000000000000000000e+00
5.065622925758361816e-01 6.217918701171875000e+02 3.204265213012695312e+01 6.592857055664062500e+02 3.184581100940704346e-01 2.000000000000000000e+00
