2.772096633911132812e+01 6.616434936523437500e+02 7.135609741210937500e+02 1.078000000000000000e+03 7.203350663185119629e-01 7.000000000000000000e+00
9.405357666015625000e+02 5.119537353515625000e+02 1.007856262207031250e+03 5.694547729492187500e+02 5.503359436988830566e-01 2.000000000000000000e+00
1.010059814453125000e+03 4.508226928710937500e+02 1.075416748046875000e+03 4.899192199707031250e+02 5.492493510246276855e-01 2.000000000000000000e+00
8.579106445312500000e+02 9.628369750976562500e+02 9.387918090820312500e+02 1.075338623046875000e+03 4.518385529518127441e-01 7.000000000000000000e+00
1.062364501953125000e+03 5.009016113281250000e+02 1.132744384765625000e+03 5.446496582031250000e+02 3.619463741779327393e-01 2.000000000000000000e+00
2.806644897460937500e+02 1.540644073486328125e+02 7.308014526367187500e+02 8.057681884765625000e+02 3.320556282997131348e-01 7.000000000000000000e+00
1.072152954101562500e+03 9.761359252929687500e+02 1.155155883789062500e+03 1.078000000000000000e+03 3.095807433128356934e-01 2.000000000000000000e+00
9.035784912109375000e+02 3.677485961914062500e+02 9.539586181640625000e+02 3.980135192871093750e+02 3.025490343570709229e-01 2.000000000000000000e+00
1.072824218750000000e+03 9.760648193359375000e+02 1.156369628906250000e+03 1.078000000000000000e+03 2.760755121707916260e-01 7.000000000000000000e+00
1.554821655273437500e+03 4.357234802246093750e+02 1.662350708007812500e+03 5.170151977539062500e+02 2.505221068859100342e-01 2.000000000000000000e+00
