1.323851318359375000e+03 7.737422180175781250e+01 1.387277343750000000e+03 1.072758636474609375e+02 5.457324981689453125e-01 2.000000000000000000e+00
1.611298095703125000e+03 5.778057250976562500e+02 1.697109252929687500e+03 6.323587646484375000e+02 4.964185059070587158e-01 2.000000000000000000e+00
1.166632934570312500e+03 4.543524475097656250e+02 1.288570678710937500e+03 5.281945800781250000e+02 4.803444445133209229e-01 2.000000000000000000e+00
9.024691772460937500e+02 7.606025390625000000e+02 1.033154785156250000e+03 8.251079711914062500e+02 4.778649508953094482e-01 2.000000000000000000e+00
1.540552246093750000e+03 6.399895629882812500e+02 1.639571899414062500e+03 7.078400878906250000e+02 4.487251043319702148e-01 7.000000000000000000e+00
9.031480712890625000e+02 7.593426513671875000e+02 1.035001586914062500e+03 8.245670776367187500e+02 4.434576630592346191e-01 7.000000000000000000e+00
1.583314453125000000e+03 3.864633178710937500e+02 1.698406372070312500e+03 4.407666015625000000e+02 3.786554038524627686e-01 2.000000000000000000e+00
1.375796875000000000e+03 4.368236389160156250e+02 1.458578857421875000e+03 4.806926574707031250e+02 3.781064450740814209e-01 2.000000000000000000e+00
1.802367797851562500e+03 3.568683471679687500e+02 1.898987792968750000e+03 4.039342956542968750e+02 3.059927225112915039e-01 2.000000000000000000e+00
1.048370239257812500e+03 7.395148315429687500e+02 1.144103881835937500e+03 8.023746337890625000e+02 3.044763505458831787e-01 7.000000000000000000e+00
1.688985839843750000e+03 3.631480407714843750e+02 1.813167724609375000e+03 4.233960266113281250e+02 2.985657453536987305e-01 2.000000000000000000e+00
1.498933471679687500e+03 4.134104309082031250e+02 1.559702514648437500e+03 4.537986755371093750e+02 2.970296442508697510e-01 2.000000000000000000e+00
