3.621934204101562500e+02 1.714768981933593750e+02 5.460034179687500000e+02 2.929944763183593750e+02 7.488230466842651367e-01 7.000000000000000000e+00
1.015394348144531250e+03 2.155913734436035156e+01 1.103399658203125000e+03 6.070153427124023438e+01 4.962587654590606689e-01 2.000000000000000000e+00
5.437230224609375000e+02 2.565298156738281250e+02 6.467596435546875000e+02 3.464630126953125000e+02 3.828991651535034180e-01 7.000000000000000000e+00
1.214209228515625000e+03 1.069219055175781250e+02 1.916000000000000000e+03 4.847326049804687500e+02 3.582010865211486816e-01 6.000000000000000000e+00
6.349929809570312500e+02 3.064796142578125000e+02 7.413292846679687500e+02 3.870313720703125000e+02 3.452473282814025879e-01 7.000000000000000000e+00
1.372076293945312500e+03 4.252149963378906250e+02 1.522862792968750000e+03 5.167463989257812500e+02 3.134143948554992676e-01 2.000000000000000000e+00
5.467561645507812500e+02 2.578448791503906250e+02 7.284459228515625000e+02 3.693493957519531250e+02 2.916400134563446045e-01 7.000000000000000000e+00
1.459233880043029785e+00 5.384151611328125000e+02 3.049678039550781250e+02 9.771702270507812500e+02 2.915394902229309082e-01 6.000000000000000000e+00
1.369219848632812500e+03 4.248783264160156250e+02 1.526636108398437500e+03 5.258204956054687500e+02 2.861769199371337891e-01 7.000000000000000000e+00
1.232057983398437500e+03 3.321653747558593750e+02 1.297185180664062500e+03 3.962417297363281250e+02 2.848345637321472168e-01 2.000000000000000000e+00
1.226588256835937500e+03 3.306041259765625000e+02 1.298700073242187500e+03 3.955943603515625000e+02 2.639933824539184570e-01 7.000000000000000000e+00
