1.185080200195312500e+03 7.381225585937500000e+02 1.400000000000000000e+03 9.617098999023437500e+02 8.294639587402343750e-01 2.000000000000000000e+00
7.750454101562500000e+02 9.376194000244140625e+01 8.583483886718750000e+02 1.659416503906250000e+02 7.899929285049438477e-01 2.000000000000000000e+00
5.107672729492187500e+02 2.567769165039062500e+02 5.902862548828125000e+02 3.748817443847656250e+02 7.854508161544799805e-01 2.000000000000000000e+00
5.322067871093750000e+02 3.856061401367187500e+02 6.213054809570312500e+02 5.237760620117187500e+02 7.576735615730285645e-01 2.000000000000000000e+00
6.879608154296875000e+02 1.245801849365234375e+02 7.597368164062500000e+02 1.908651428222656250e+02 7.297032475471496582e-01 2.000000000000000000e+00
7.853197631835937500e+02 3.635859680175781250e+02 9.100609741210937500e+02 5.030390930175781250e+02 7.213419675827026367e-01 2.000000000000000000e+00
8.183594970703125000e+02 2.392006835937500000e+02 9.087495727539062500e+02 3.392245788574218750e+02 6.854577064514160156e-01 2.000000000000000000e+00
8.574212036132812500e+02 2.103853607177734375e+02 9.553951416015625000e+02 2.946782531738281250e+02 6.500903964042663574e-01 2.000000000000000000e+00
3.588016662597656250e+02 2.232137298583984375e+02 4.237617797851562500e+02 3.081842346191406250e+02 6.481913328170776367e-01 2.000000000000000000e+00
9.235712890625000000e+02 3.097028198242187500e+02 1.023933776855468750e+03 4.066625061035156250e+02 6.365139484405517578e-01 2.000000000000000000e+00
5.828501586914062500e+02 2.089591827392578125e+02 6.612594604492187500e+02 3.098851928710937500e+02 6.018292903900146484e-01 2.000000000000000000e+00
7.192188720703125000e+02 4.099167175292968750e+02 8.301254272460937500e+02 5.630541381835937500e+02 5.599097013473510742e-01 2.000000000000000000e+00
7.234389038085937500e+02 1.370014476776123047e+01 8.078181762695312500e+02 7.191411590576171875e+01 5.166578292846679688e-01 2.000000000000000000e+00
5.525199584960937500e+02 5.200384521484375000e+02 6.619184570312500000e+02 6.881182861328125000e+02 5.070019960403442383e-01 2.000000000000000000e+00
7.900727539062500000e+02 0.000000000000000000e+00 8.748541259765625000e+02 6.585411834716796875e+01 4.693628251552581787e-01 2.000000000000000000e+00
9.592991943359375000e+02 5.002697448730468750e+02 1.107825927734375000e+03 6.336975708007812500e+02 4.294008612632751465e-01 2.000000000000000000e+00
1.798326416015625000e+02 4.378385925292968750e+02 2.185321807861328125e+02 4.916499023437500000e+02 4.189592301845550537e-01 0.000000000000000000e+00
3.547040710449218750e+02 6.492200469970703125e+01 3.763297424316406250e+02 1.097520828247070312e+02 3.659541606903076172e-01 0.000000000000000000e+00
3.586828918457031250e+02 1.193040237426757812e+02 4.157300109863281250e+02 2.146548156738281250e+02 3.440957069396972656e-01 7.000000000000000000e+00
3.573860168457031250e+02 1.214438476562500000e+02 4.157555847167968750e+02 2.190222167968750000e+02 2.845026254653930664e-01 2.000000000000000000e+00
