9.100386352539062500e+02 3.717639160156250000e+02 9.985292968750000000e+02 4.419138488769531250e+02 6.873878836631774902e-01 2.000000000000000000e+00
9.233236694335937500e+02 2.773932189941406250e+02 1.005512878417968750e+03 3.367638854980468750e+02 6.525765657424926758e-01 2.000000000000000000e+00
5.655089111328125000e+02 1.051013565063476562e+02 6.217512207031250000e+02 1.734288330078125000e+02 5.722036361694335938e-01 2.000000000000000000e+00
8.882951049804687500e+02 4.097371520996093750e+02 9.806499633789062500e+02 4.847528686523437500e+02 5.641229152679443359e-01 2.000000000000000000e+00
6.186350097656250000e+02 1.095798034667968750e+02 6.761430053710937500e+02 1.605507965087890625e+02 5.380814671516418457e-01 2.000000000000000000e+00
6.725811157226562500e+02 1.169700927734375000e+02 8.389512939453125000e+02 2.780888366699218750e+02 5.359313488006591797e-01 5.000000000000000000e+00
5.760403442382812500e+02 0.000000000000000000e+00 6.673520507812500000e+02 8.442259216308593750e+01 4.579598307609558105e-01 7.000000000000000000e+00
5.011651306152343750e+02 0.000000000000000000e+00 6.060139770507812500e+02 8.525501251220703125e+01 4.168448746204376221e-01 5.000000000000000000e+00
8.202692871093750000e+02 2.211620330810546875e+02 9.080762329101562500e+02 2.908337097167968750e+02 4.153938889503479004e-01 2.000000000000000000e+00
6.672661132812500000e+02 1.373790435791015625e+02 8.915926513671875000e+02 4.102685852050781250e+02 3.898007869720458984e-01 5.000000000000000000e+00
5.756245117187500000e+02 0.000000000000000000e+00 6.674196777343750000e+02 8.839485168457031250e+01 3.834331035614013672e-01 5.000000000000000000e+00
6.377161865234375000e+02 1.874868164062500000e+02 6.990415039062500000e+02 2.449689331054687500e+02 3.823329508304595947e-01 2.000000000000000000e+00
6.869987792968750000e+02 3.065311279296875000e+02 8.175874633789062500e+02 4.553617553710937500e+02 2.938003540039062500e-01 2.000000000000000000e+00
7.960160522460937500e+02 4.120908508300781250e+02 9.603202514648437500e+02 5.896871337890625000e+02 2.603934109210968018e-01 5.000000000000000000e+00
