4.576493530273437500e+02 5.384160156250000000e+02 5.110276794433593750e+02 5.782514648437500000e+02 5.355182886123657227e-01 2.000000000000000000e+00
5.108238830566406250e+02 4.726258544921875000e+02 5.646558837890625000e+02 5.142396850585937500e+02 4.849088490009307861e-01 2.000000000000000000e+00
3.010686340332031250e+02 4.054370727539062500e+02 3.516989135742187500e+02 4.477052612304687500e+02 4.610959887504577637e-01 2.000000000000000000e+00
1.721575927734375000e+02 5.616286621093750000e+02 2.224817810058593750e+02 5.986184082031250000e+02 4.314272403717041016e-01 2.000000000000000000e+00
9.604228210449218750e+01 6.924935913085937500e+02 1.557121124267578125e+02 7.341944580078125000e+02 3.698532581329345703e-01 2.000000000000000000e+00
3.127149658203125000e+02 5.564643554687500000e+02 3.768766479492187500e+02 6.025255737304687500e+02 3.691666424274444580e-01 9.000000000000000000e+00
2.568421630859375000e+02 6.273292846679687500e+02 3.087893371582031250e+02 6.624177246093750000e+02 3.472937345504760742e-01 2.000000000000000000e+00
1.060535400390625000e+03 1.203878097534179688e+02 1.099784790039062500e+03 1.668484649658203125e+02 3.057093620300292969e-01 9.000000000000000000e+00
4.016787414550781250e+02 3.269955139160156250e+02 4.554629516601562500e+02 3.592757568359375000e+02 2.706375420093536377e-01 2.000000000000000000e+00
3.082318420410156250e+02 5.530065307617187500e+02 3.758926086425781250e+02 6.020081787109375000e+02 2.626992464065551758e-01 2.000000000000000000e+00
