8.087739868164062500e+02 6.420242309570312500e+02 9.630043334960937500e+02 7.834740600585937500e+02 6.688619852066040039e-01 2.000000000000000000e+00
1.035942138671875000e+03 2.398108520507812500e+02 1.114059082031250000e+03 2.886053466796875000e+02 6.636136770248413086e-01 2.000000000000000000e+00
9.106177368164062500e+02 2.144547424316406250e+02 9.708916625976562500e+02 2.487873687744140625e+02 6.541260480880737305e-01 2.000000000000000000e+00
1.216382080078125000e+03 3.063347167968750000e+02 1.270331787109375000e+03 3.394471435546875000e+02 6.014525890350341797e-01 2.000000000000000000e+00
9.748975830078125000e+02 2.312092590332031250e+02 1.031728515625000000e+03 2.659620971679687500e+02 5.907254219055175781e-01 2.000000000000000000e+00
8.308427124023437500e+02 2.411263427734375000e+02 9.951052246093750000e+02 3.313477172851562500e+02 4.672605097293853760e-01 2.000000000000000000e+00
6.733341064453125000e+02 9.679545593261718750e+01 7.310308837890625000e+02 1.276708679199218750e+02 4.147210419178009033e-01 2.000000000000000000e+00
1.074459716796875000e+03 5.780545043945312500e+02 1.120396118164062500e+03 6.536129760742187500e+02 3.999159336090087891e-01 2.000000000000000000e+00
6.995452270507812500e+02 2.335670166015625000e+02 7.705723876953125000e+02 2.831744995117187500e+02 3.793497979640960693e-01 2.000000000000000000e+00
9.780161743164062500e+02 6.985153198242187500e+02 1.077733032226562500e+03 7.851278686523437500e+02 3.779800534248352051e-01 2.000000000000000000e+00
6.827146606445312500e+02 5.952384643554687500e+02 8.287811889648437500e+02 7.388995361328125000e+02 3.542361259460449219e-01 2.000000000000000000e+00
1.029685302734375000e+03 5.625678710937500000e+02 1.079822998046875000e+03 6.360575561523437500e+02 3.250658214092254639e-01 2.000000000000000000e+00
5.781095581054687500e+02 2.009320373535156250e+02 6.380181274414062500e+02 2.858747558593750000e+02 3.205721974372863770e-01 2.000000000000000000e+00
