1.267158966064453125e+02 4.985673828125000000e+02 1.699914855957031250e+02 5.236096191406250000e+02 6.160560846328735352e-01 2.000000000000000000e+00
5.378652954101562500e+02 4.605135498046875000e+02 5.777841796875000000e+02 4.841703491210937500e+02 5.375737547874450684e-01 2.000000000000000000e+00
2.638261718750000000e+02 5.263052368164062500e+02 3.019507446289062500e+02 5.496291503906250000e+02 5.293900370597839355e-01 2.000000000000000000e+00
5.763764648437500000e+02 5.604151000976562500e+02 6.173615112304687500e+02 5.876770019531250000e+02 5.016759634017944336e-01 2.000000000000000000e+00
8.588712768554687500e+02 3.875452880859375000e+02 8.964817504882812500e+02 4.145737304687500000e+02 4.572869539260864258e-01 2.000000000000000000e+00
7.672391967773437500e+02 3.869213256835937500e+02 8.093548583984375000e+02 4.141313781738281250e+02 4.355953633785247803e-01 9.000000000000000000e+00
3.230675964355468750e+02 4.680775451660156250e+02 3.651958618164062500e+02 4.934051513671875000e+02 4.281796514987945557e-01 2.000000000000000000e+00
7.281003417968750000e+02 5.803495483398437500e+02 7.633316040039062500e+02 6.050491333007812500e+02 4.210121035575866699e-01 2.000000000000000000e+00
3.914485778808593750e+02 4.852126159667968750e+02 4.342928161621093750e+02 5.093713073730468750e+02 3.763566017150878906e-01 2.000000000000000000e+00
2.052738189697265625e+02 4.855542907714843750e+02 2.468013153076171875e+02 5.073686218261718750e+02 3.631944656372070312e-01 2.000000000000000000e+00
4.441466674804687500e+02 4.473697509765625000e+02 4.893557128906250000e+02 4.761602478027343750e+02 3.343016207218170166e-01 2.000000000000000000e+00
3.357406921386718750e+02 6.737711181640625000e+02 3.785379943847656250e+02 6.982994384765625000e+02 3.191609084606170654e-01 2.000000000000000000e+00
2.510379180908203125e+02 6.395441894531250000e+02 2.978648986816406250e+02 6.648764038085937500e+02 2.966196238994598389e-01 9.000000000000000000e+00
7.075857543945312500e+01 6.871519775390625000e+02 1.108878707885742188e+02 7.164415893554687500e+02 2.926082015037536621e-01 2.000000000000000000e+00
5.347476806640625000e+02 2.756832580566406250e+02 5.655036621093750000e+02 3.129682617187500000e+02 2.721007764339447021e-01 9.000000000000000000e+00
6.456769409179687500e+02 3.944249267578125000e+02 6.867057495117187500e+02 4.165679321289062500e+02 2.582191526889801025e-01 9.000000000000000000e+00
