1.207506469726562500e+03 6.257423095703125000e+02 1.323739013671875000e+03 6.764405517578125000e+02 6.812797188758850098e-01 2.000000000000000000e+00
9.801153564453125000e+02 6.159396362304687500e+02 1.063954223632812500e+03 6.590384521484375000e+02 6.573120951652526855e-01 2.000000000000000000e+00
1.086441284179687500e+03 6.502741088867187500e+02 1.198213134765625000e+03 7.051123046875000000e+02 5.899006128311157227e-01 2.000000000000000000e+00
0.000000000000000000e+00 3.722491455078125000e+02 5.517197036743164062e+01 4.084432678222656250e+02 5.885159373283386230e-01 2.000000000000000000e+00
1.459179199218750000e+03 6.493503417968750000e+02 1.572967895507812500e+03 7.019943847656250000e+02 5.856391787528991699e-01 2.000000000000000000e+00
8.216635131835937500e+02 6.946579589843750000e+02 9.282857055664062500e+02 7.555070800781250000e+02 5.608163475990295410e-01 2.000000000000000000e+00
4.968012390136718750e+02 5.834797363281250000e+02 5.705315551757812500e+02 6.298582153320312500e+02 5.304541587829589844e-01 8.000000000000000000e+00
1.344670532226562500e+03 6.320659179687500000e+02 1.450009277343750000e+03 6.800446166992187500e+02 5.292883515357971191e-01 2.000000000000000000e+00
2.228650331497192383e+00 5.794232177734375000e+02 9.277838134765625000e+01 6.245355224609375000e+02 5.178651213645935059e-01 2.000000000000000000e+00
8.523924560546875000e+02 6.109069213867187500e+02 9.427531738281250000e+02 6.575974731445312500e+02 5.107036232948303223e-01 2.000000000000000000e+00
1.074171386718750000e+03 4.080826721191406250e+02 1.146101928710937500e+03 4.490671081542968750e+02 4.566477537155151367e-01 2.000000000000000000e+00
1.114741088867187500e+03 2.334508972167968750e+02 1.178147094726562500e+03 2.753815917968750000e+02 4.437374472618103027e-01 2.000000000000000000e+00
3.707833557128906250e+02 5.895223388671875000e+02 4.579140014648437500e+02 6.263160400390625000e+02 3.533094525337219238e-01 8.000000000000000000e+00
1.085142456054687500e+03 3.571925048828125000e+02 1.155315795898437500e+03 3.944425964355468750e+02 3.511582612991333008e-01 2.000000000000000000e+00
1.590110839843750000e+03 6.468612060546875000e+02 1.690939453125000000e+03 6.919597778320312500e+02 3.509091138839721680e-01 2.000000000000000000e+00
9.448825073242187500e+02 6.279169311523437500e+02 9.915427246093750000e+02 6.665952758789062500e+02 3.303248286247253418e-01 2.000000000000000000e+00
1.089705078125000000e+03 3.000639343261718750e+02 1.161613403320312500e+03 3.520189514160156250e+02 3.037885725498199463e-01 2.000000000000000000e+00
7.379404907226562500e+02 1.238982467651367188e+02 7.903701782226562500e+02 1.584162750244140625e+02 2.923162281513214111e-01 2.000000000000000000e+00
