6.899205322265625000e+02 7.243226318359375000e+02 7.671152343750000000e+02 7.929671020507812500e+02 7.819179892539978027e-01 2.000000000000000000e+00
7.984146728515625000e+02 9.453480834960937500e+02 8.847549438476562500e+02 1.033270996093750000e+03 7.524367570877075195e-01 2.000000000000000000e+00
7.271614379882812500e+02 8.552556762695312500e+02 8.123241577148437500e+02 9.575923461914062500e+02 7.512428164482116699e-01 2.000000000000000000e+00
6.265686035156250000e+02 8.931456909179687500e+02 6.848647460937500000e+02 9.873657226562500000e+02 6.912068724632263184e-01 2.000000000000000000e+00
6.113137817382812500e+02 5.137136840820312500e+02 6.796151123046875000e+02 5.458533325195312500e+02 6.578289866447448730e-01 2.000000000000000000e+00
7.854717407226562500e+02 7.840932617187500000e+02 8.692382202148437500e+02 8.521480712890625000e+02 5.969097614288330078e-01 2.000000000000000000e+00
6.735278320312500000e+02 6.085672607421875000e+02 7.111981201171875000e+02 6.459622192382812500e+02 5.012828111648559570e-01 2.000000000000000000e+00
4.991354980468750000e+02 4.245666198730468750e+02 5.543276977539062500e+02 4.672063293457031250e+02 4.734620749950408936e-01 2.000000000000000000e+00
8.701142578125000000e+02 8.516081542968750000e+02 9.616304931640625000e+02 9.284835815429687500e+02 4.467807114124298096e-01 2.000000000000000000e+00
5.387173461914062500e+02 5.529613037109375000e+02 5.730038452148437500e+02 5.955286865234375000e+02 4.279344975948333740e-01 2.000000000000000000e+00
4.994440002441406250e+02 3.908274230957031250e+02 5.577590332031250000e+02 4.178633117675781250e+02 4.067128300666809082e-01 2.000000000000000000e+00
8.706270751953125000e+02 8.527254028320312500e+02 9.615543823242187500e+02 9.260696411132812500e+02 3.501987159252166748e-01 1.300000000000000000e+01
6.135926513671875000e+02 8.040964355468750000e+02 6.538208618164062500e+02 8.881721801757812500e+02 2.752084434032440186e-01 2.000000000000000000e+00
5.646079101562500000e+02 6.401708374023437500e+02 6.108735961914062500e+02 7.136978759765625000e+02 2.598968446254730225e-01 2.000000000000000000e+00
