7.824070453643798828e-01 4.092554931640625000e+02 5.703591537475585938e+01 4.652869873046875000e+02 7.537060976028442383e-01 2.000000000000000000e+00
8.438249206542968750e+01 6.354760131835937500e+02 2.069079284667968750e+02 7.132778930664062500e+02 7.424772381782531738e-01 2.000000000000000000e+00
1.083310058593750000e+03 2.133544158935546875e+02 1.139695312500000000e+03 2.826545410156250000e+02 6.357654333114624023e-01 2.000000000000000000e+00
1.210136718750000000e+03 7.748680419921875000e+02 1.333581176757812500e+03 8.629896240234375000e+02 6.332109570503234863e-01 2.000000000000000000e+00
0.000000000000000000e+00 8.680788874626159668e-01 5.968077468872070312e+01 6.020361328125000000e+01 5.580735206604003906e-01 2.000000000000000000e+00
1.298669433593750000e+02 2.190246582031250000e+02 2.158334808349609375e+02 2.780533752441406250e+02 4.925834834575653076e-01 2.000000000000000000e+00
5.494319438934326172e+00 1.841827087402343750e+02 8.522005462646484375e+01 2.360548553466796875e+02 4.758932292461395264e-01 2.000000000000000000e+00
1.581083862304687500e+03 1.012641357421875000e+03 1.667461181640625000e+03 1.075527832031250000e+03 4.276055693626403809e-01 2.000000000000000000e+00
5.106517639160156250e+02 7.269071044921875000e+02 5.518591308593750000e+02 7.868659057617187500e+02 3.905583322048187256e-01 0.000000000000000000e+00
1.541218994140625000e+03 0.000000000000000000e+00 1.676414672851562500e+03 7.792696380615234375e+01 3.351884186267852783e-01 2.000000000000000000e+00
1.033765014648437500e+03 1.151859893798828125e+02 1.050827392578125000e+03 1.491075592041015625e+02 3.106536567211151123e-01 0.000000000000000000e+00
3.969283142089843750e+02 3.025218200683593750e+02 4.656745910644531250e+02 3.524110412597656250e+02 2.677870988845825195e-01 2.000000000000000000e+00
1.107633178710937500e+03 3.682803344726562500e+02 1.177089599609375000e+03 4.411311950683593750e+02 2.657490372657775879e-01 2.000000000000000000e+00
3.537697753906250000e+02 2.880403442382812500e+02 4.643825683593750000e+02 3.480787658691406250e+02 2.585859000682830811e-01 2.000000000000000000e+00
3.509836120605468750e+02 2.803838500976562500e+02 4.156768493652343750e+02 3.376828918457031250e+02 2.582698762416839600e-01 2.000000000000000000e+00
2.081998291015625000e+02 2.377479248046875000e+02 2.860574951171875000e+02 2.937220458984375000e+02 2.532901465892791748e-01 2.000000000000000000e+00
1.753782592773437500e+03 6.207299804687500000e+02 1.914116333007812500e+03 7.339592895507812500e+02 2.524451911449432373e-01 2.000000000000000000e+00
