9.784475097656250000e+02 9.698590087890625000e+01 1.017520080566406250e+03 1.108442382812500000e+02 5.917006134986877441e-01 2.000000000000000000e+00
8.582192382812500000e+02 3.156484985351562500e+02 8.795798339843750000e+02 3.381225891113281250e+02 5.477913022041320801e-01 2.000000000000000000e+00
8.854270629882812500e+02 3.351275634765625000e+02 9.078878173828125000e+02 3.639810180664062500e+02 5.122770071029663086e-01 2.000000000000000000e+00
8.192548217773437500e+02 2.323039245605468750e+02 8.397149658203125000e+02 2.601723022460937500e+02 4.701176285743713379e-01 2.000000000000000000e+00
1.011201416015625000e+03 1.165375900268554688e+02 1.049593017578125000e+03 1.364754943847656250e+02 4.675872325897216797e-01 2.000000000000000000e+00
7.610562744140625000e+02 3.430665893554687500e+02 7.859783325195312500e+02 3.725589904785156250e+02 4.668618738651275635e-01 2.000000000000000000e+00
8.818171997070312500e+02 1.163371505737304688e+02 9.140020141601562500e+02 1.336085357666015625e+02 4.452284872531890869e-01 2.000000000000000000e+00
1.066105834960937500e+03 1.521150665283203125e+02 1.215763793945312500e+03 3.610115051269531250e+02 3.524536192417144775e-01 7.000000000000000000e+00
9.366893310546875000e+02 1.915234375000000000e+01 9.837914428710937500e+02 5.318626403808593750e+01 3.453226387500762939e-01 2.000000000000000000e+00
5.210703735351562500e+02 5.738403320312500000e+01 5.609002685546875000e+02 7.646894836425781250e+01 3.412387371063232422e-01 2.000000000000000000e+00
1.130189819335937500e+03 1.287802429199218750e+02 1.168938354492187500e+03 1.469456787109375000e+02 3.050071001052856445e-01 2.000000000000000000e+00
8.486202392578125000e+02 7.447917938232421875e+01 8.875818481445312500e+02 9.385806274414062500e+01 3.037040531635284424e-01 2.000000000000000000e+00
8.610704956054687500e+02 3.210986633300781250e+02 8.862076416015625000e+02 3.444620056152343750e+02 3.030115664005279541e-01 2.000000000000000000e+00
0.000000000000000000e+00 6.186806640625000000e+02 5.000025177001953125e+01 6.859358520507812500e+02 2.918208539485931396e-01 2.000000000000000000e+00
8.739965820312500000e+02 5.109661865234375000e+02 9.048317260742187500e+02 5.556625976562500000e+02 2.704254388809204102e-01 2.000000000000000000e+00
1.084067260742187500e+03 9.331175994873046875e+01 1.119522827148437500e+03 1.078707504272460938e+02 2.695766985416412354e-01 2.000000000000000000e+00
8.956857299804687500e+02 2.890613098144531250e+02 9.133637084960937500e+02 3.134474487304687500e+02 2.629134953022003174e-01 2.000000000000000000e+00
