0.000000000000000000e+00 8.154063720703125000e+02 3.206182479858398438e+01 8.474228515625000000e+02 6.534385681152343750e-01 2.000000000000000000e+00
1.583922119140625000e+02 8.062402954101562500e+02 2.101574096679687500e+02 8.386183471679687500e+02 6.123500466346740723e-01 2.000000000000000000e+00
4.995646667480468750e+01 8.124962158203125000e+02 9.963562774658203125e+01 8.458511962890625000e+02 5.904156565666198730e-01 2.000000000000000000e+00
3.327723388671875000e+02 8.201853027343750000e+02 3.851354675292968750e+02 8.539313354492187500e+02 5.400114059448242188e-01 2.000000000000000000e+00
1.248420104980468750e+02 8.084481811523437500e+02 1.620641937255859375e+02 8.367771606445312500e+02 4.501575529575347900e-01 2.000000000000000000e+00
2.233165130615234375e+02 8.691080322265625000e+02 3.024261474609375000e+02 9.238040771484375000e+02 4.057492315769195557e-01 2.000000000000000000e+00
2.706117248535156250e+02 8.396732177734375000e+02 3.278107604980468750e+02 8.684610595703125000e+02 3.756684064865112305e-01 2.000000000000000000e+00
5.454550781250000000e+02 9.277676391601562500e+02 1.184265869140625000e+03 1.047713623046875000e+03 3.727625906467437744e-01 8.000000000000000000e+00
3.282663726806640625e+01 8.172935791015625000e+02 7.167655944824218750e+01 8.474976196289062500e+02 3.670898377895355225e-01 2.000000000000000000e+00
2.352457733154296875e+02 8.621826171875000000e+02 3.096618652343750000e+02 8.999351196289062500e+02 3.580641448497772217e-01 2.000000000000000000e+00
2.744957580566406250e+02 8.780711669921875000e+02 3.130879821777343750e+02 9.084380493164062500e+02 3.113268911838531494e-01 2.000000000000000000e+00
2.185237274169921875e+02 8.904480590820312500e+02 3.017433776855468750e+02 9.546303100585937500e+02 3.046549558639526367e-01 2.000000000000000000e+00
1.060306884765625000e+03 8.392775268554687500e+02 1.106364501953125000e+03 9.327570190429687500e+02 2.972180843353271484e-01 0.000000000000000000e+00
