2.802707519531250000e+02 4.721750488281250000e+02 3.305410156250000000e+02 5.316600341796875000e+02 7.386576533317565918e-01 2.000000000000000000e+00
1.727591094970703125e+02 4.954993896484375000e+02 2.235801696777343750e+02 5.524291381835937500e+02 7.384565472602844238e-01 2.000000000000000000e+00
2.108162078857421875e+02 2.920736694335937500e+02 3.154900512695312500e+02 4.223313293457031250e+02 5.170780420303344727e-01 7.000000000000000000e+00
3.878624267578125000e+02 1.274885864257812500e+02 4.155375976562500000e+02 1.492153930664062500e+02 5.115232467651367188e-01 2.000000000000000000e+00
2.102760162353515625e+02 2.917863464355468750e+02 3.153612365722656250e+02 4.213098754882812500e+02 4.814223051071166992e-01 5.000000000000000000e+00
4.267497863769531250e+02 1.183167190551757812e+02 4.458520202636718750e+02 1.392604217529296875e+02 4.633740782737731934e-01 2.000000000000000000e+00
0.000000000000000000e+00 7.112139892578125000e+02 8.944210052490234375e+01 7.847130126953125000e+02 4.473415911197662354e-01 2.000000000000000000e+00
3.628081665039062500e+02 4.594989624023437500e+02 4.299769897460937500e+02 6.119657592773437500e+02 3.463728725910186768e-01 7.000000000000000000e+00
3.611375732421875000e+02 4.609745788574218750e+02 4.290093383789062500e+02 6.109357910156250000e+02 3.315198421478271484e-01 5.000000000000000000e+00
6.248291625976562500e+02 1.872843627929687500e+02 6.457029418945312500e+02 2.119151000976562500e+02 2.949737906455993652e-01 2.000000000000000000e+00
6.511608886718750000e+02 5.259717407226562500e+02 6.991489257812500000e+02 5.944786987304687500e+02 2.597477734088897705e-01 2.000000000000000000e+00
