1.279965698242187500e+03 8.197623291015625000e+02 1.374657348632812500e+03 8.892822265625000000e+02 6.423866152763366699e-01 2.000000000000000000e+00
1.187611328125000000e+03 7.562392578125000000e+02 1.272186279296875000e+03 8.190303344726562500e+02 6.267199516296386719e-01 2.000000000000000000e+00
3.226614379882812500e+02 2.461769409179687500e+02 3.618844604492187500e+02 2.775467224121093750e+02 4.879146218299865723e-01 2.000000000000000000e+00
1.025485107421875000e+03 6.423389282226562500e+02 1.118462524414062500e+03 7.119812011718750000e+02 4.514665305614471436e-01 7.000000000000000000e+00
1.401171386718750000e+03 8.981840209960937500e+02 1.504339355468750000e+03 9.742889404296875000e+02 4.513845443725585938e-01 2.000000000000000000e+00
8.475302734375000000e+02 9.639322509765625000e+02 8.669472656250000000e+02 1.023898010253906250e+03 4.245120882987976074e-01 0.000000000000000000e+00
1.025647827148437500e+03 6.428854980468750000e+02 1.118095214843750000e+03 7.115110473632812500e+02 3.914872407913208008e-01 2.000000000000000000e+00
1.799145751953125000e+03 5.987607421875000000e+02 1.890020629882812500e+03 6.481024169921875000e+02 3.877039849758148193e-01 2.000000000000000000e+00
1.398493530273437500e+03 8.970457153320312500e+02 1.501720458984375000e+03 9.775065917968750000e+02 3.838021755218505859e-01 7.000000000000000000e+00
1.130176391601562500e+03 9.111060333251953125e+01 1.177619262695312500e+03 1.222206344604492188e+02 3.816631138324737549e-01 2.000000000000000000e+00
1.535483276367187500e+03 9.699311523437500000e+02 1.699844238281250000e+03 1.078000000000000000e+03 3.601475656032562256e-01 7.000000000000000000e+00
4.473601989746093750e+02 2.550768585205078125e+02 4.883439941406250000e+02 2.881967773437500000e+02 3.294071853160858154e-01 2.000000000000000000e+00
9.635722656250000000e+02 6.047435913085937500e+02 1.020822998046875000e+03 6.516711425781250000e+02 3.256650269031524658e-01 2.000000000000000000e+00
1.254842285156250000e+03 2.097846984863281250e+02 1.647985351562500000e+03 4.367105407714843750e+02 3.184033334255218506e-01 5.000000000000000000e+00
1.516672119140625000e+03 9.767913208007812500e+02 1.565277343750000000e+03 1.022705688476562500e+03 2.782399058341979980e-01 2.000000000000000000e+00
9.599915771484375000e+02 9.066750488281250000e+02 1.202008300781250000e+03 1.059142456054687500e+03 2.602664828300476074e-01 5.000000000000000000e+00
8.854302368164062500e+02 8.136821899414062500e+02 9.748012695312500000e+02 9.020599365234375000e+02 2.592363953590393066e-01 5.800000000000000000e+01
