3.975613098144531250e+02 4.534491882324218750e+02 4.518565368652343750e+02 4.848005065917968750e+02 7.818018794059753418e-01 2.000000000000000000e+00
5.370301513671875000e+02 5.417261352539062500e+02 5.941838989257812500e+02 5.779664306640625000e+02 7.796748280525207520e-01 2.000000000000000000e+00
4.141663208007812500e+02 5.498963623046875000e+02 4.764991760253906250e+02 5.858803710937500000e+02 7.517238259315490723e-01 2.000000000000000000e+00
7.222772216796875000e+02 6.460234985351562500e+02 7.927531738281250000e+02 6.871729125976562500e+02 7.488962411880493164e-01 2.000000000000000000e+00
7.598635864257812500e+02 5.626715698242187500e+02 8.265748291015625000e+02 6.000069580078125000e+02 7.067978382110595703e-01 2.000000000000000000e+00
3.315299606323242188e+01 3.438679809570312500e+02 7.673508453369140625e+01 3.716825561523437500e+02 7.062100172042846680e-01 2.000000000000000000e+00
1.697053222656250000e+02 4.617835693359375000e+02 2.287149200439453125e+02 4.999061889648437500e+02 7.048085927963256836e-01 2.000000000000000000e+00
1.262416839599609375e+02 9.200415802001953125e+01 3.305418395996093750e+02 2.126126861572265625e+02 6.921052932739257812e-01 5.000000000000000000e+00
1.006325454711914062e+02 4.033451538085937500e+02 1.506734924316406250e+02 4.380375976562500000e+02 6.687102317810058594e-01 2.000000000000000000e+00
3.496629943847656250e+02 4.881301269531250000e+02 4.140202941894531250e+02 5.249194946289062500e+02 6.563390493392944336e-01 2.000000000000000000e+00
8.232178955078125000e+02 6.366639404296875000e+02 9.445676879882812500e+02 6.993372192382812500e+02 5.812476277351379395e-01 7.000000000000000000e+00
1.083185672760009766e+00 9.947757568359375000e+02 7.636000823974609375e+01 1.049545532226562500e+03 5.026367306709289551e-01 2.000000000000000000e+00
5.857694091796875000e+02 8.765964355468750000e+02 1.320152832031250000e+03 1.047753906250000000e+03 4.032329618930816650e-01 5.000000000000000000e+00
3.139014282226562500e+02 8.974946289062500000e+02 4.383783874511718750e+02 1.001728271484375000e+03 3.774471282958984375e-01 7.000000000000000000e+00
9.319228515625000000e+02 2.945275573730468750e+02 9.612103271484375000e+02 3.233284912109375000e+02 3.029334247112274170e-01 2.000000000000000000e+00
4.991097412109375000e+02 1.931688079833984375e+02 5.370200805664062500e+02 2.353205413818359375e+02 2.708129584789276123e-01 2.000000000000000000e+00
