8.614107055664062500e+02 4.363754272460937500e+02 1.051130981445312500e+03 5.935726318359375000e+02 7.442486882209777832e-01 7.000000000000000000e+00
1.080592895507812500e+03 5.850981445312500000e+02 1.180925048828125000e+03 6.382858886718750000e+02 7.395362854003906250e-01 2.000000000000000000e+00
5.661359252929687500e+02 1.684783782958984375e+02 6.368018798828125000e+02 2.108258056640625000e+02 6.719006299972534180e-01 2.000000000000000000e+00
6.737325439453125000e+02 1.568954315185546875e+02 7.663858642578125000e+02 2.143504333496093750e+02 6.697295308113098145e-01 2.000000000000000000e+00
8.081681518554687500e+02 2.191959991455078125e+02 8.736222534179687500e+02 2.737453002929687500e+02 6.494376659393310547e-01 2.000000000000000000e+00
1.073328857421875000e+03 4.283637390136718750e+02 1.130866455078125000e+03 4.814619750976562500e+02 6.155175566673278809e-01 2.000000000000000000e+00
1.262977416992187500e+03 4.101023254394531250e+02 1.743691650390625000e+03 9.003869628906250000e+02 5.940120816230773926e-01 7.000000000000000000e+00
1.330435913085937500e+03 9.309985961914062500e+02 1.494361083984375000e+03 1.069452758789062500e+03 5.160481333732604980e-01 2.000000000000000000e+00
1.032561767578125000e+03 6.276272583007812500e+02 1.131406860351562500e+03 7.230264282226562500e+02 5.027362108230590820e-01 2.000000000000000000e+00
8.024169921875000000e+02 1.091505889892578125e+02 8.684140014648437500e+02 1.577119903564453125e+02 4.878264665603637695e-01 2.000000000000000000e+00
2.079303131103515625e+02 5.536892089843750000e+02 3.183487548828125000e+02 6.208799438476562500e+02 4.842159152030944824e-01 2.000000000000000000e+00
1.195966796875000000e+03 8.786661987304687500e+02 1.307226562500000000e+03 9.841998901367187500e+02 4.453181922435760498e-01 7.000000000000000000e+00
1.714820678710937500e+03 7.888322143554687500e+02 1.837460693359375000e+03 8.943275146484375000e+02 4.424584805965423584e-01 2.000000000000000000e+00
2.825413818359375000e+02 3.512253417968750000e+02 5.005649108886718750e+02 5.697045288085937500e+02 3.838554322719573975e-01 7.000000000000000000e+00
1.751500732421875000e+03 2.596426086425781250e+02 1.807384643554687500e+03 2.980393066406250000e+02 3.792080879211425781e-01 2.000000000000000000e+00
0.000000000000000000e+00 6.750235595703125000e+02 2.144785919189453125e+02 8.742144775390625000e+02 3.670192360877990723e-01 2.000000000000000000e+00
5.742395629882812500e+02 1.769397277832031250e+02 6.498615722656250000e+02 2.278523559570312500e+02 3.658603727817535400e-01 2.000000000000000000e+00
1.032866821289062500e+03 5.939722900390625000e+02 1.159088989257812500e+03 6.802218627929687500e+02 3.650163114070892334e-01 2.000000000000000000e+00
8.533123168945312500e+02 0.000000000000000000e+00 1.458329711914062500e+03 4.403350219726562500e+02 3.483231365680694580e-01 7.000000000000000000e+00
5.919225463867187500e+02 2.002302551269531250e+02 6.566815795898437500e+02 2.548687591552734375e+02 3.100653588771820068e-01 2.000000000000000000e+00
2.772762451171875000e+02 2.082100982666015625e+02 3.701289672851562500e+02 2.633439941406250000e+02 2.952874004840850830e-01 2.000000000000000000e+00
2.575937211513519287e-01 7.103893432617187500e+02 4.165081787109375000e+01 8.091134643554687500e+02 2.907822430133819580e-01 2.000000000000000000e+00
0.000000000000000000e+00 7.212255859375000000e+02 1.340418548583984375e+02 8.642798461914062500e+02 2.865378558635711670e-01 2.000000000000000000e+00
0.000000000000000000e+00 4.164404296875000000e+02 7.301016235351562500e+01 4.647624206542968750e+02 2.652752399444580078e-01 2.000000000000000000e+00
1.656509033203125000e+03 1.995517578125000000e+02 1.774491455078125000e+03 2.670825195312500000e+02 2.619171738624572754e-01 7.000000000000000000e+00
1.032007324218750000e+03 6.280881347656250000e+02 1.133699462890625000e+03 7.245434570312500000e+02 2.609694302082061768e-01 7.000000000000000000e+00
