1.177915405273437500e+03 5.340296020507812500e+02 1.290344116210937500e+03 6.048038940429687500e+02 8.347549438476562500e-01 2.000000000000000000e+00
5.450812377929687500e+02 8.049556884765625000e+02 6.839196777343750000e+02 8.927989501953125000e+02 8.189721703529357910e-01 2.000000000000000000e+00
1.346869140625000000e+03 4.688966369628906250e+02 1.447115478515625000e+03 5.312764282226562500e+02 7.597022652626037598e-01 2.000000000000000000e+00
1.065793579101562500e+03 5.767233276367187500e+02 1.171176391601562500e+03 6.561037597656250000e+02 7.584956288337707520e-01 2.000000000000000000e+00
6.743954467773437500e+02 7.544010009765625000e+02 8.084099731445312500e+02 8.309047851562500000e+02 7.301735877990722656e-01 2.000000000000000000e+00
1.495710571289062500e+03 4.161440429687500000e+02 1.584384399414062500e+03 4.735207519531250000e+02 6.743890643119812012e-01 2.000000000000000000e+00
1.738019531250000000e+03 3.115653686523437500e+02 1.814834106445312500e+03 3.647371215820312500e+02 6.236401200294494629e-01 2.000000000000000000e+00
1.628838134765625000e+03 3.408439331054687500e+02 1.717100341796875000e+03 4.015160827636718750e+02 5.788167715072631836e-01 2.000000000000000000e+00
1.781810180664062500e+03 3.316664428710937500e+02 1.864532714843750000e+03 3.817138061523437500e+02 5.532400608062744141e-01 2.000000000000000000e+00
1.816912841796875000e+03 2.803453369140625000e+02 1.883907836914062500e+03 3.225060424804687500e+02 5.328305959701538086e-01 2.000000000000000000e+00
4.243143920898437500e+02 7.532777709960937500e+02 5.588264160156250000e+02 8.420440063476562500e+02 4.844400286674499512e-01 2.000000000000000000e+00
4.081918945312500000e+02 2.208767089843750000e+02 8.146215209960937500e+02 5.271420288085937500e+02 3.939453363418579102e-01 5.000000000000000000e+00
1.886777343750000000e+03 2.591801147460937500e+02 1.916000000000000000e+03 2.984085693359375000e+02 3.667959868907928467e-01 2.000000000000000000e+00
1.381415710449218750e+02 9.316785278320312500e+02 2.115739288330078125e+02 9.762926025390625000e+02 3.450939357280731201e-01 2.000000000000000000e+00
1.625305297851562500e+03 6.692855834960937500e+02 1.711554687500000000e+03 7.119774169921875000e+02 3.178270757198333740e-01 2.000000000000000000e+00
