9.091075439453125000e+02 3.858939514160156250e+02 9.500825805664062500e+02 4.488799743652343750e+02 5.560640692710876465e-01 2.000000000000000000e+00
9.535131835937500000e+02 5.585298461914062500e+02 9.917983398437500000e+02 5.957921142578125000e+02 5.492643117904663086e-01 2.000000000000000000e+00
8.169555664062500000e+02 2.333369445800781250e+02 8.545259399414062500e+02 2.612032775878906250e+02 4.734665751457214355e-01 2.000000000000000000e+00
8.695572509765625000e+02 2.273681030273437500e+02 9.012702636718750000e+02 2.507513427734375000e+02 4.431088864803314209e-01 2.000000000000000000e+00
8.349359130859375000e+02 2.769324035644531250e+02 8.906773681640625000e+02 3.161782226562500000e+02 3.672508299350738525e-01 2.000000000000000000e+00
9.041475219726562500e+02 2.391609039306640625e+02 9.255332031250000000e+02 2.814564208984375000e+02 3.654353618621826172e-01 2.000000000000000000e+00
9.951649169921875000e+02 5.080845947265625000e+02 1.034310424804687500e+03 5.421627807617187500e+02 3.234130442142486572e-01 2.000000000000000000e+00
8.535528564453125000e+02 3.698124389648437500e+02 8.914082031250000000e+02 3.967466430664062500e+02 3.024171292781829834e-01 2.000000000000000000e+00
8.802672729492187500e+02 4.719399719238281250e+02 9.250098266601562500e+02 5.064682617187500000e+02 2.827259004116058350e-01 2.000000000000000000e+00
9.612075195312500000e+02 3.237665100097656250e+02 9.895297851562500000e+02 3.495306701660156250e+02 2.735328376293182373e-01 2.000000000000000000e+00
