6.860473022460937500e+02 6.436231689453125000e+02 7.863663940429687500e+02 7.102304077148437500e+02 7.246663570404052734e-01 2.000000000000000000e+00
8.627301635742187500e+02 4.188796386718750000e+02 9.396519165039062500e+02 4.694179992675781250e+02 6.751002073287963867e-01 2.000000000000000000e+00
6.854815063476562500e+02 4.776541748046875000e+02 7.766197509765625000e+02 5.304893798828125000e+02 5.424191355705261230e-01 2.000000000000000000e+00
1.192645507812500000e+03 1.469658813476562500e+02 1.261965332031250000e+03 1.979581604003906250e+02 4.979080855846405029e-01 2.000000000000000000e+00
1.189470214843750000e+03 5.306881713867187500e+02 1.400000000000000000e+03 7.622944335937500000e+02 4.750272929668426514e-01 2.000000000000000000e+00
7.708864135742187500e+02 4.481707458496093750e+02 8.560729980468750000e+02 5.004284667968750000e+02 4.705251157283782959e-01 2.000000000000000000e+00
1.128196411132812500e+03 1.146864471435546875e+02 1.175828247070312500e+03 1.391389770507812500e+02 4.090967178344726562e-01 2.000000000000000000e+00
7.502077484130859375e+01 4.668981933593750000e+02 1.861611633300781250e+02 5.372802124023437500e+02 3.828226923942565918e-01 2.000000000000000000e+00
5.212592163085937500e+02 5.142560424804687500e+02 6.789080810546875000e+02 5.977173461914062500e+02 3.789834082126617432e-01 2.000000000000000000e+00
7.096990356445312500e+02 4.910987548828125000e+02 8.761367187500000000e+02 5.962545776367187500e+02 3.479055762290954590e-01 2.000000000000000000e+00
3.483995056152343750e+02 5.802727050781250000e+02 4.162053222656250000e+02 6.465726318359375000e+02 3.333273530006408691e-01 2.000000000000000000e+00
6.152989501953125000e+02 5.112863464355468750e+02 6.888662719726562500e+02 5.659229736328125000e+02 3.151658773422241211e-01 2.000000000000000000e+00
1.012549316406250000e+03 3.684069824218750000e+02 1.174828613281250000e+03 4.764000549316406250e+02 2.821818590164184570e-01 7.000000000000000000e+00
6.939234619140625000e+02 4.311057128906250000e+02 9.756546630859375000e+02 5.970790405273437500e+02 2.803984284400939941e-01 2.000000000000000000e+00
7.410558471679687500e+02 3.917564086914062500e+02 7.914437866210937500e+02 4.282189025878906250e+02 2.756431102752685547e-01 2.000000000000000000e+00
9.394424438476562500e+02 7.272093505859375000e+02 1.024022094726562500e+03 7.877025756835937500e+02 2.649680078029632568e-01 2.000000000000000000e+00
8.131551361083984375e+01 2.770861511230468750e+02 2.080868072509765625e+02 3.618175964355468750e+02 2.512058615684509277e-01 2.000000000000000000e+00
