1.224288330078125000e+03 6.925882568359375000e+02 1.239625732421875000e+03 7.221079101562500000e+02 5.766680836677551270e-01 0.000000000000000000e+00
1.249488037109375000e+03 6.896291503906250000e+02 1.265856567382812500e+03 7.189236450195312500e+02 5.659461021423339844e-01 0.000000000000000000e+00
1.126947631835937500e+03 4.810874633789062500e+02 1.138599487304687500e+03 5.057303771972656250e+02 4.677489995956420898e-01 0.000000000000000000e+00
2.530807256698608398e-01 3.727614135742187500e+02 1.181053237915039062e+02 4.571235351562500000e+02 4.003349244594573975e-01 7.000000000000000000e+00
1.002667785644531250e+03 3.417885131835937500e+02 1.015911071777343750e+03 3.642088012695312500e+02 3.782643675804138184e-01 0.000000000000000000e+00
1.117002807617187500e+03 6.395609130859375000e+02 1.130641357421875000e+03 6.621862182617187500e+02 3.679834604263305664e-01 0.000000000000000000e+00
1.348258666992187500e+03 6.602196655273437500e+02 1.363204467773437500e+03 6.824213867187500000e+02 3.627040386199951172e-01 0.000000000000000000e+00
1.214906494140625000e+03 5.012899475097656250e+02 1.235483398437500000e+03 5.261420898437500000e+02 3.605313301086425781e-01 0.000000000000000000e+00
1.151727294921875000e+03 5.999164428710937500e+02 1.173223144531250000e+03 6.345603637695312500e+02 3.337421119213104248e-01 0.000000000000000000e+00
6.183455810546875000e+02 3.871557922363281250e+02 6.647030029296875000e+02 4.104023132324218750e+02 3.228203952312469482e-01 2.000000000000000000e+00
1.141797119140625000e+03 3.930721130371093750e+02 1.158259521484375000e+03 4.233015136718750000e+02 3.204548954963684082e-01 0.000000000000000000e+00
1.165681396484375000e+03 4.677359008789062500e+02 1.188264892578125000e+03 4.949483337402343750e+02 3.038792312145233154e-01 0.000000000000000000e+00
1.118554443359375000e+03 5.908460693359375000e+02 1.144345947265625000e+03 6.203414306640625000e+02 2.845863699913024902e-01 0.000000000000000000e+00
1.142603027343750000e+03 5.940208129882812500e+02 1.168145996093750000e+03 6.278020629882812500e+02 2.766469120979309082e-01 0.000000000000000000e+00
1.162752685546875000e+03 5.991138305664062500e+02 1.182138183593750000e+03 6.297790527343750000e+02 2.744682729244232178e-01 0.000000000000000000e+00
