2.995443725585937500e+02 5.095979614257812500e+02 4.324860534667968750e+02 6.492189331054687500e+02 9.098292589187622070e-01 2.000000000000000000e+00
1.977055206298828125e+02 4.876679992675781250e+02 3.198105163574218750e+02 6.129798583984375000e+02 8.913258910179138184e-01 2.000000000000000000e+00
5.838392734527587891e+00 4.088877868652343750e+02 1.527683563232421875e+02 5.054107055664062500e+02 8.612098097801208496e-01 2.000000000000000000e+00
7.629387664794921875e+01 3.569285888671875000e+02 2.385402679443359375e+02 4.297450256347656250e+02 8.500284552574157715e-01 2.000000000000000000e+00
3.817643737792968750e+02 3.582582702636718750e+02 4.828038024902343750e+02 4.710361328125000000e+02 8.477573990821838379e-01 2.000000000000000000e+00
6.836450195312500000e+02 3.785502319335937500e+02 7.583217773437500000e+02 4.840267944335937500e+02 8.365999460220336914e-01 2.000000000000000000e+00
7.598663330078125000e+02 5.675316772460937500e+02 8.640685424804687500e+02 7.249716186523437500e+02 7.722597718238830566e-01 2.000000000000000000e+00
8.568188476562500000e+01 3.030720825195312500e+02 2.395764007568359375e+02 3.707204284667968750e+02 7.410677671432495117e-01 2.000000000000000000e+00
2.490711212158203125e-01 4.730789184570312500e+02 7.958580780029296875e+01 5.651538085937500000e+02 7.358091473579406738e-01 2.000000000000000000e+00
4.341018676757812500e+02 2.625576782226562500e+02 5.147133178710937500e+02 3.521334838867187500e+02 7.349303364753723145e-01 2.000000000000000000e+00
7.828314819335937500e+02 4.498022766113281250e+02 8.770461425781250000e+02 5.734670410156250000e+02 7.207559347152709961e-01 2.000000000000000000e+00
1.356219177246093750e+02 2.684641113281250000e+02 2.766455383300781250e+02 3.311007995605468750e+02 7.029805183410644531e-01 2.000000000000000000e+00
4.746797790527343750e+02 2.030949249267578125e+02 5.312410888671875000e+02 2.746846923828125000e+02 6.912223100662231445e-01 2.000000000000000000e+00
8.552225952148437500e+02 6.617984008789062500e+02 9.480237426757812500e+02 8.310769042968750000e+02 6.615076065063476562e-01 2.000000000000000000e+00
2.043770751953125000e+02 4.389436645507812500e+02 2.424728088378906250e+02 4.937589416503906250e+02 5.958839058876037598e-01 0.000000000000000000e+00
1.261864624023437500e+03 5.435055160522460938e+01 1.375228515625000000e+03 1.746291351318359375e+02 5.840018391609191895e-01 6.200000000000000000e+01
4.975485534667968750e+02 1.404582366943359375e+02 5.507105712890625000e+02 2.040481414794921875e+02 5.747714042663574219e-01 2.000000000000000000e+00
2.912198486328125000e+02 4.347561950683593750e+02 3.190048522949218750e+02 4.873287658691406250e+02 5.714424848556518555e-01 0.000000000000000000e+00
9.260088500976562500e+02 8.771898193359375000e+02 1.048934326171875000e+03 1.001938476562500000e+03 4.749134778976440430e-01 2.000000000000000000e+00
1.057862304687500000e+03 7.701074829101562500e+02 1.150510498046875000e+03 8.439219970703125000e+02 3.292376399040222168e-01 2.000000000000000000e+00
