8.640846557617187500e+02 9.539673461914062500e+02 9.447600708007812500e+02 1.049286743164062500e+03 6.592404842376708984e-01 2.000000000000000000e+00
8.497471313476562500e+02 8.277678833007812500e+02 9.228131713867187500e+02 9.464251708984375000e+02 6.222328543663024902e-01 2.000000000000000000e+00
6.523995361328125000e+02 9.135012817382812500e+02 7.423740844726562500e+02 1.049116699218750000e+03 5.544341802597045898e-01 5.000000000000000000e+00
7.677593994140625000e+02 7.444274902343750000e+02 8.348571166992187500e+02 8.566260986328125000e+02 5.261194705963134766e-01 2.000000000000000000e+00
7.734295654296875000e+02 3.855106201171875000e+02 8.067841186523437500e+02 4.156948242187500000e+02 5.148379802703857422e-01 2.000000000000000000e+00
8.208840332031250000e+02 9.142261962890625000e+02 8.401849975585937500e+02 9.610181884765625000e+02 5.105081200599670410e-01 0.000000000000000000e+00
7.791859741210937500e+02 4.272713317871093750e+02 8.145706176757812500e+02 4.664384460449218750e+02 4.841280281543731689e-01 2.000000000000000000e+00
8.656314086914062500e+02 9.549026489257812500e+02 9.437094726562500000e+02 1.048526611328125000e+03 3.980887532234191895e-01 5.000000000000000000e+00
8.014929199218750000e+02 6.065803222656250000e+02 8.463629760742187500e+02 6.491193237304687500e+02 3.797421753406524658e-01 2.000000000000000000e+00
6.532963867187500000e+02 9.129174804687500000e+02 7.422746582031250000e+02 1.047556518554687500e+03 3.786488175392150879e-01 7.000000000000000000e+00
6.334282226562500000e+02 7.815917968750000000e+02 6.897484741210937500e+02 8.599882202148437500e+02 3.380920290946960449e-01 3.000000000000000000e+00
8.603461914062500000e+02 8.419290771484375000e+02 9.392529296875000000e+02 1.036180175781250000e+03 3.101479709148406982e-01 2.000000000000000000e+00
