1.399857330322265625e+02 5.811983642578125000e+02 1.921223754882812500e+02 6.190305786132812500e+02 6.907404661178588867e-01 2.000000000000000000e+00
9.104613647460937500e+02 6.258608398437500000e+02 9.538784790039062500e+02 6.579916381835937500e+02 6.074979305267333984e-01 2.000000000000000000e+00
6.708320312500000000e+02 5.474958496093750000e+02 7.187020263671875000e+02 5.745561523437500000e+02 5.216085314750671387e-01 2.000000000000000000e+00
2.685096130371093750e+02 5.025438232421875000e+02 3.313146057128906250e+02 5.433828125000000000e+02 4.873589575290679932e-01 2.000000000000000000e+00
8.816238403320312500e+02 5.743518066406250000e+02 9.229503173828125000e+02 6.039714355468750000e+02 4.656777679920196533e-01 2.000000000000000000e+00
7.734270629882812500e+02 7.184771728515625000e+02 8.291706542968750000e+02 7.580137329101562500e+02 4.269519746303558350e-01 2.000000000000000000e+00
5.942049407958984375e+01 3.032948913574218750e+02 1.030247116088867188e+02 3.262645874023437500e+02 4.141014516353607178e-01 2.000000000000000000e+00
2.243576354980468750e+02 3.677990417480468750e+02 2.613592834472656250e+02 3.947743530273437500e+02 4.129474461078643799e-01 2.000000000000000000e+00
1.487426605224609375e+02 4.628521423339843750e+02 1.922768249511718750e+02 4.956177062988281250e+02 4.057011306285858154e-01 2.000000000000000000e+00
1.032783584594726562e+02 2.877600097656250000e+02 1.499767608642578125e+02 3.147740478515625000e+02 3.920192122459411621e-01 2.000000000000000000e+00
2.960994839668273926e-02 4.111561279296875000e+02 2.980744171142578125e+01 4.370603332519531250e+02 3.809648156166076660e-01 2.000000000000000000e+00
1.617612609863281250e+02 3.384403076171875000e+02 2.015905151367187500e+02 3.663426208496093750e+02 3.783732354640960693e-01 2.000000000000000000e+00
6.788894042968750000e+02 5.126226196289062500e+02 7.226282348632812500e+02 5.386388549804687500e+02 3.368698656558990479e-01 2.000000000000000000e+00
4.906331787109375000e+02 5.237188720703125000e+02 5.429017333984375000e+02 5.491597900390625000e+02 3.173513114452362061e-01 9.000000000000000000e+00
4.614101350307464600e-01 3.139094238281250000e+02 2.548495483398437500e+01 3.405493469238281250e+02 2.948590815067291260e-01 2.000000000000000000e+00
6.191715698242187500e+02 7.196698608398437500e+02 6.894661254882812500e+02 7.637778320312500000e+02 2.536968886852264404e-01 2.000000000000000000e+00
5.223609619140625000e+02 5.785457763671875000e+02 6.394566650390625000e+02 6.686450195312500000e+02 2.524730265140533447e-01 2.000000000000000000e+00
2.202903442382812500e+02 4.026777954101562500e+02 2.632330627441406250e+02 4.408848266601562500e+02 2.501446604728698730e-01 2.000000000000000000e+00
