6.550097656250000000e+02 2.185547027587890625e+02 6.746687011718750000e+02 2.438990783691406250e+02 5.627936124801635742e-01 2.000000000000000000e+00
6.935613403320312500e+02 2.189410705566406250e+02 7.184919433593750000e+02 2.467374420166015625e+02 5.597875714302062988e-01 2.000000000000000000e+00
9.845653686523437500e+02 3.232244873046875000e+02 1.080261718750000000e+03 4.667236328125000000e+02 5.570354461669921875e-01 7.000000000000000000e+00
1.059720825195312500e+03 5.712676391601562500e+02 1.162382812500000000e+03 7.700401000976562500e+02 5.526520609855651855e-01 5.000000000000000000e+00
5.218220825195312500e+02 5.467413330078125000e+02 6.011077270507812500e+02 7.503385009765625000e+02 4.639666080474853516e-01 6.000000000000000000e+00
1.061595214843750000e+03 5.727723999023437500e+02 1.161956420898437500e+03 7.733019409179687500e+02 4.492013454437255859e-01 7.000000000000000000e+00
6.090500488281250000e+02 2.000172729492187500e+02 6.366228027343750000e+02 2.392380371093750000e+02 4.476900100708007812e-01 2.000000000000000000e+00
6.363129615783691406e-01 2.969650268554687500e+02 1.324705352783203125e+02 4.552842712402343750e+02 3.675715625286102295e-01 6.000000000000000000e+00
1.023559112548828125e+02 1.040857238769531250e+02 4.245680236816406250e+02 3.171034851074218750e+02 3.363265991210937500e-01 6.000000000000000000e+00
9.825744018554687500e+02 3.228573913574218750e+02 1.079816284179687500e+03 4.673762512207031250e+02 3.302866518497467041e-01 5.000000000000000000e+00
6.223295898437500000e+02 5.875460205078125000e+02 6.639691162109375000e+02 6.517600708007812500e+02 2.757644951343536377e-01 2.000000000000000000e+00
6.221169433593750000e+02 5.893663940429687500e+02 6.624692993164062500e+02 6.540455932617187500e+02 2.691461741924285889e-01 7.000000000000000000e+00
9.062987670898437500e+02 2.339824066162109375e+02 9.628060913085937500e+02 3.418903198242187500e+02 2.600077688694000244e-01 5.000000000000000000e+00
