9.537697753906250000e+02 1.964468841552734375e+02 1.024265136718750000e+03 2.289708251953125000e+02 5.203574299812316895e-01 2.000000000000000000e+00
4.683681030273437500e+02 5.178144531250000000e+02 6.234829101562500000e+02 6.420972900390625000e+02 5.063899755477905273e-01 2.000000000000000000e+00
6.635211181640625000e+02 1.702714080810546875e+02 7.187896728515625000e+02 2.060285949707031250e+02 4.412699341773986816e-01 2.000000000000000000e+00
1.094713012695312500e+03 2.052614898681640625e+02 1.260308471679687500e+03 2.866604003906250000e+02 4.076608419418334961e-01 2.000000000000000000e+00
4.349708251953125000e+02 6.543560791015625000e+02 5.995476074218750000e+02 7.792354736328125000e+02 3.999240994453430176e-01 7.000000000000000000e+00
1.091063461303710938e+02 6.309501342773437500e+02 3.191637573242187500e+02 7.850101318359375000e+02 3.837197721004486084e-01 7.000000000000000000e+00
9.128790893554687500e+02 1.309359283447265625e+02 9.834980468750000000e+02 1.694565429687500000e+02 3.678710460662841797e-01 7.000000000000000000e+00
5.218088989257812500e+02 3.636490173339843750e+02 6.418284301757812500e+02 5.099951477050781250e+02 3.624450564384460449e-01 7.000000000000000000e+00
8.000752563476562500e+02 1.878438415527343750e+02 8.618470458984375000e+02 2.193953247070312500e+02 3.388720750808715820e-01 2.000000000000000000e+00
2.105639953613281250e+02 4.127351074218750000e+02 3.923933105468750000e+02 5.706549072265625000e+02 3.108378648757934570e-01 7.000000000000000000e+00
1.098493286132812500e+03 1.814658508300781250e+02 1.170013916015625000e+03 2.230980834960937500e+02 2.986209988594055176e-01 2.000000000000000000e+00
1.097718139648437500e+03 2.061330871582031250e+02 1.220183471679687500e+03 2.553520355224609375e+02 2.580297887325286865e-01 2.000000000000000000e+00
