7.944735717773437500e+02 5.435619506835937500e+02 8.793899536132812500e+02 5.999837036132812500e+02 8.626614809036254883e-01 2.000000000000000000e+00
9.271299438476562500e+02 6.988130493164062500e+02 1.037999877929687500e+03 7.587185668945312500e+02 8.334284424781799316e-01 2.000000000000000000e+00
9.331162719726562500e+02 5.165511474609375000e+02 1.037958251953125000e+03 5.738648071289062500e+02 8.087564706802368164e-01 2.000000000000000000e+00
1.101047363281250000e+03 4.966626892089843750e+02 1.213034057617187500e+03 5.524953613281250000e+02 7.571077346801757812e-01 2.000000000000000000e+00
6.346636352539062500e+02 5.028287048339843750e+02 7.375903320312500000e+02 5.585446166992187500e+02 7.531638741493225098e-01 2.000000000000000000e+00
6.338406982421875000e+02 5.612005615234375000e+02 7.433627929687500000e+02 6.207513427734375000e+02 7.000671625137329102e-01 2.000000000000000000e+00
2.654664230346679688e+01 2.821885375976562500e+02 8.321742248535156250e+01 3.456280212402343750e+02 6.435084939002990723e-01 2.000000000000000000e+00
2.756880493164062500e+02 1.244230728149414062e+02 3.237554321289062500e+02 1.689067382812500000e+02 5.833399891853332520e-01 2.000000000000000000e+00
9.513784027099609375e+01 2.506410217285156250e+02 1.463774414062500000e+02 3.102904968261718750e+02 5.538737773895263672e-01 2.000000000000000000e+00
4.836923828125000000e+02 3.312738342285156250e+02 4.994507446289062500e+02 3.658142700195312500e+02 4.659556448459625244e-01 0.000000000000000000e+00
2.235027770996093750e+02 7.084476470947265625e+01 2.605643920898437500e+02 1.156666488647460938e+02 3.651623129844665527e-01 2.000000000000000000e+00
