1.367474365234375000e+02 8.916490478515625000e+02 2.599146423339843750e+02 1.016061218261718750e+03 8.060317039489746094e-01 2.000000000000000000e+00
9.951120376586914062e+00 8.218083496093750000e+02 1.511600036621093750e+02 9.454882202148437500e+02 7.959157824516296387e-01 2.000000000000000000e+00
2.667885742187500000e+02 8.625078735351562500e+02 3.670727539062500000e+02 9.706583862304687500e+02 6.021842360496520996e-01 2.000000000000000000e+00
4.025555419921875000e+02 7.032846069335937500e+02 4.771680603027343750e+02 7.690883789062500000e+02 5.687342882156372070e-01 2.000000000000000000e+00
5.542900390625000000e+02 4.238994445800781250e+02 5.897334594726562500e+02 4.517237854003906250e+02 5.198343992233276367e-01 2.000000000000000000e+00
5.952777709960937500e+02 3.784627380371093750e+02 6.209281616210937500e+02 3.971867980957031250e+02 4.364861547946929932e-01 2.000000000000000000e+00
6.714530029296875000e+02 4.254516601562500000e+02 7.044756469726562500e+02 4.534394836425781250e+02 3.960814177989959717e-01 2.000000000000000000e+00
5.555372924804687500e+02 4.967883300781250000e+02 6.031419677734375000e+02 5.380518188476562500e+02 3.885646462440490723e-01 2.000000000000000000e+00
5.752460327148437500e+02 3.731527099609375000e+02 5.930109252929687500e+02 3.912271423339843750e+02 3.654807209968566895e-01 2.000000000000000000e+00
6.263009643554687500e+02 4.764603576660156250e+02 6.610515747070312500e+02 5.016324462890625000e+02 3.377516865730285645e-01 2.000000000000000000e+00
3.959397277832031250e+02 5.469233398437500000e+02 4.432620544433593750e+02 5.944010620117187500e+02 3.364529609680175781e-01 2.000000000000000000e+00
4.483172607421875000e+02 7.751267700195312500e+02 5.128387451171875000e+02 8.388479614257812500e+02 3.281396329402923584e-01 7.000000000000000000e+00
6.241856689453125000e+02 3.326871948242187500e+02 6.622371215820312500e+02 3.666678771972656250e+02 3.153872489929199219e-01 7.000000000000000000e+00
6.750430908203125000e+02 3.304624328613281250e+02 7.020989990234375000e+02 3.471552734375000000e+02 3.021988570690155029e-01 2.000000000000000000e+00
3.146874389648437500e+02 7.314068603515625000e+02 3.911103515625000000e+02 8.098319091796875000e+02 2.809813320636749268e-01 2.000000000000000000e+00
2.926375122070312500e+02 5.803452758789062500e+02 3.646962280273437500e+02 6.346661376953125000e+02 2.715600132942199707e-01 2.000000000000000000e+00
3.167391052246093750e+02 7.325258178710937500e+02 3.928993225097656250e+02 8.095526733398437500e+02 2.682723104953765869e-01 7.000000000000000000e+00
3.956192321777343750e+02 5.464550781250000000e+02 4.439592590332031250e+02 5.958862915039062500e+02 2.665092945098876953e-01 7.000000000000000000e+00
3.505180358886718750e+02 4.901715698242187500e+02 3.587272949218750000e+02 5.093786010742187500e+02 2.564887702465057373e-01 9.000000000000000000e+00
