4.857200317382812500e+02 5.180078125000000000e+02 6.096542968750000000e+02 6.905816040039062500e+02 8.641347885131835938e-01 2.000000000000000000e+00
3.759396972656250000e+02 5.247138671875000000e+02 4.768985595703125000e+02 6.868776245117187500e+02 8.620676994323730469e-01 2.000000000000000000e+00
9.107337646484375000e+02 4.423990478515625000e+02 1.069833862304687500e+03 6.049782104492187500e+02 8.333431482315063477e-01 2.000000000000000000e+00
6.384188842773437500e+01 4.116953430175781250e+02 2.582649230957031250e+02 4.884435424804687500e+02 7.967115044593811035e-01 2.000000000000000000e+00
6.217279434204101562e+01 5.154049682617187500e+02 2.500089263916015625e+02 6.241268920898437500e+02 7.909241318702697754e-01 2.000000000000000000e+00
1.540073585510253906e+01 3.296947631835937500e+02 2.027682189941406250e+02 4.198941650390625000e+02 7.131707072257995605e-01 2.000000000000000000e+00
4.301099548339843750e+02 3.028815002441406250e+02 5.475337524414062500e+02 4.596348876953125000e+02 7.116316556930541992e-01 2.000000000000000000e+00
2.276670932769775391e-01 7.139179077148437500e+02 1.165891113281250000e+02 8.352942504882812500e+02 6.483729481697082520e-01 2.000000000000000000e+00
8.607875366210937500e+02 2.770291748046875000e+02 1.010165161132812500e+03 4.413035583496093750e+02 6.299364566802978516e-01 2.000000000000000000e+00
4.373872756958007812e+01 6.164285278320312500e+02 2.192472076416015625e+02 7.276317138671875000e+02 6.241016983985900879e-01 2.000000000000000000e+00
3.178039193153381348e-01 8.796350708007812500e+02 3.815958404541015625e+01 9.578978881835937500e+02 5.515248775482177734e-01 2.000000000000000000e+00
1.838899803161621094e+01 2.603249206542968750e+02 1.961415100097656250e+02 3.364063415527343750e+02 5.072005987167358398e-01 2.000000000000000000e+00
3.180492591857910156e+01 3.598450927734375000e+02 2.352485046386718750e+02 4.821234436035156250e+02 3.455725312232971191e-01 2.000000000000000000e+00
1.169237426757812500e+03 5.426567993164062500e+02 1.328087036132812500e+03 6.436831665039062500e+02 3.008442223072052002e-01 2.000000000000000000e+00
1.040745727539062500e+03 3.745460815429687500e+02 1.202155761718750000e+03 5.115673828125000000e+02 2.809923291206359863e-01 2.000000000000000000e+00
3.993633422851562500e+02 1.754131469726562500e+02 4.766110534667968750e+02 2.775455627441406250e+02 2.583519220352172852e-01 2.000000000000000000e+00
1.037702270507812500e+03 3.578478088378906250e+02 1.124074340820312500e+03 4.088880310058593750e+02 2.558239996433258057e-01 2.000000000000000000e+00
