1.537591186523437500e+03 4.795735168457031250e+02 1.609877563476562500e+03 5.293072509765625000e+02 7.457575798034667969e-01 2.000000000000000000e+00
3.527682495117187500e+02 2.681463623046875000e+02 4.226660156250000000e+02 3.085426635742187500e+02 7.406146526336669922e-01 2.000000000000000000e+00
2.473795776367187500e+02 3.480194091796875000e+02 7.643897705078125000e+02 1.068361328125000000e+03 7.357499003410339355e-01 6.000000000000000000e+00
4.876755676269531250e+02 2.489959564208984375e+02 5.555209960937500000e+02 2.830640258789062500e+02 6.240638494491577148e-01 2.000000000000000000e+00
1.374108276367187500e+03 3.037910156250000000e+02 1.411643432617187500e+03 3.381255187988281250e+02 5.864762663841247559e-01 2.000000000000000000e+00
1.368940429687500000e+03 3.569432373046875000e+02 1.426659667968750000e+03 3.901799621582031250e+02 5.801355838775634766e-01 2.000000000000000000e+00
1.146982055664062500e+03 8.747032470703125000e+02 1.282134643554687500e+03 9.735944213867187500e+02 5.566334724426269531e-01 2.000000000000000000e+00
7.889598999023437500e+02 9.735644531250000000e+01 1.336057861328125000e+03 8.399333496093750000e+02 4.995981752872467041e-01 7.000000000000000000e+00
2.825366210937500000e+02 3.107407226562500000e+02 3.280022277832031250e+02 3.519098205566406250e+02 4.797438085079193115e-01 2.000000000000000000e+00
1.814068603515625000e+02 4.176205444335937500e+02 2.173269042968750000e+02 5.075597534179687500e+02 4.619082808494567871e-01 0.000000000000000000e+00
5.890487060546875000e+02 7.561147689819335938e+00 7.787232666015625000e+02 2.853079223632812500e+02 4.489998817443847656e-01 7.000000000000000000e+00
1.462538085937500000e+03 8.756232910156250000e+02 1.660774047851562500e+03 1.053282348632812500e+03 4.263238012790679932e-01 5.000000000000000000e+00
6.864806518554687500e+02 3.676371765136718750e+02 7.610014038085937500e+02 4.299507141113281250e+02 4.039688408374786377e-01 7.000000000000000000e+00
3.755124816894531250e+02 2.231914215087890625e+02 4.355280761718750000e+02 2.528472137451171875e+02 3.780574798583984375e-01 2.000000000000000000e+00
3.254031982421875000e+02 3.088376159667968750e+02 3.950696105957031250e+02 3.479091796875000000e+02 3.626845479011535645e-01 2.000000000000000000e+00
1.459711181640625000e+03 8.719669799804687500e+02 1.661277587890625000e+03 1.056255493164062500e+03 3.621154725551605225e-01 7.000000000000000000e+00
3.947940063476562500e+02 1.029118270874023438e+02 4.893645629882812500e+02 2.063399047851562500e+02 3.617247343063354492e-01 7.000000000000000000e+00
1.422541748046875000e+03 4.046644592285156250e+02 1.470583129882812500e+03 4.521667480468750000e+02 2.897308766841888428e-01 2.000000000000000000e+00
2.240722045898437500e+02 6.526185302734375000e+02 2.794152832031250000e+02 7.995783081054687500e+02 2.873684465885162354e-01 0.000000000000000000e+00
1.148872802734375000e+03 8.770784912109375000e+02 1.284157104492187500e+03 9.829661254882812500e+02 2.835176587104797363e-01 7.000000000000000000e+00
1.462047241210937500e+03 8.758715209960937500e+02 1.556974975585937500e+03 9.535363159179687500e+02 2.800521850585937500e-01 2.000000000000000000e+00
2.378934631347656250e+02 5.067744064331054688e+01 3.176029357910156250e+02 8.660495758056640625e+01 2.721726000308990479e-01 7.000000000000000000e+00
5.107007446289062500e+02 2.053364410400390625e+02 5.604028320312500000e+02 2.418320770263671875e+02 2.717044055461883545e-01 2.000000000000000000e+00
