6.514675292968750000e+02 1.364230041503906250e+02 6.793276977539062500e+02 1.644009552001953125e+02 5.950636267662048340e-01 2.000000000000000000e+00
6.485198974609375000e+02 1.787446899414062500e+02 6.739594726562500000e+02 2.090071716308593750e+02 5.217008590698242188e-01 2.000000000000000000e+00
6.126488037109375000e+02 7.062228393554687500e+01 6.350455932617187500e+02 9.401120758056640625e+01 4.694591760635375977e-01 2.000000000000000000e+00
6.791760253906250000e+02 1.991775207519531250e+02 7.483826904296875000e+02 3.042260131835937500e+02 4.327131211757659912e-01 5.000000000000000000e+00
5.529496459960937500e+02 5.594015502929687500e+01 5.807096557617187500e+02 9.236396789550781250e+01 3.834727704524993896e-01 2.000000000000000000e+00
4.140919189453125000e+02 3.302246093750000000e+02 4.856346130371093750e+02 3.719576110839843750e+02 3.773180246353149414e-01 2.000000000000000000e+00
1.340922851562500000e+03 5.168460083007812500e+02 1.360604492187500000e+03 5.457449340820312500e+02 3.391488492488861084e-01 0.000000000000000000e+00
1.314397949218750000e+03 4.949463500976562500e+02 1.329902343750000000e+03 5.253285522460937500e+02 3.362093865871429443e-01 0.000000000000000000e+00
5.775827026367187500e+02 1.641962738037109375e+02 6.079268188476562500e+02 2.032661285400390625e+02 3.036865293979644775e-01 2.000000000000000000e+00
1.270186401367187500e+03 5.084096984863281250e+02 1.287956298828125000e+03 5.494608764648437500e+02 2.662819027900695801e-01 0.000000000000000000e+00
2.968150939941406250e+02 5.218218383789062500e+02 3.074880371093750000e+02 5.440590820312500000e+02 2.579833567142486572e-01 9.000000000000000000e+00
