2.763594665527343750e+02 7.153886108398437500e+02 3.383197021484375000e+02 7.635150756835937500e+02 6.031748652458190918e-01 2.000000000000000000e+00
3.545526733398437500e+02 7.646842041015625000e+02 4.160455932617187500e+02 8.161198120117187500e+02 5.846379399299621582e-01 2.000000000000000000e+00
1.590594482421875000e+02 6.091904907226562500e+02 2.092044525146484375e+02 6.427374877929687500e+02 5.464811325073242188e-01 2.000000000000000000e+00
8.678259277343750000e+02 8.800870971679687500e+02 9.311254882812500000e+02 9.641791381835937500e+02 5.432653427124023438e-01 2.000000000000000000e+00
3.828708801269531250e+02 6.880081176757812500e+02 4.428827209472656250e+02 7.320656127929687500e+02 5.099704265594482422e-01 2.000000000000000000e+00
2.811392822265625000e+02 4.867497863769531250e+02 3.343966369628906250e+02 5.138899536132812500e+02 4.552870988845825195e-01 2.000000000000000000e+00
7.765770874023437500e+02 5.607753906250000000e+02 8.094207153320312500e+02 5.989364624023437500e+02 4.527754485607147217e-01 2.000000000000000000e+00
3.411929931640625000e+02 7.094102172851562500e+02 4.003781127929687500e+02 7.535757446289062500e+02 4.524437487125396729e-01 2.000000000000000000e+00
1.995095672607421875e+02 6.746940307617187500e+02 2.542888946533203125e+02 7.135230712890625000e+02 4.165821671485900879e-01 2.000000000000000000e+00
8.313760986328125000e+02 5.301767578125000000e+02 8.603908081054687500e+02 5.571878051757812500e+02 3.418632447719573975e-01 2.000000000000000000e+00
2.045225982666015625e+02 6.127034912109375000e+02 2.744875183105468750e+02 6.835153808593750000e+02 3.291898667812347412e-01 2.000000000000000000e+00
1.385549774169921875e+02 6.412630004882812500e+02 1.872625274658203125e+02 6.729844360351562500e+02 3.224816024303436279e-01 2.000000000000000000e+00
7.242417602539062500e+02 5.759483642578125000e+02 7.363414916992187500e+02 6.003454589843750000e+02 3.113046288490295410e-01 0.000000000000000000e+00
8.098568115234375000e+02 5.681994628906250000e+02 8.406556396484375000e+02 6.043474121093750000e+02 3.040365576744079590e-01 2.000000000000000000e+00
7.242953491210937500e+02 5.779465332031250000e+02 7.370964355468750000e+02 5.994603881835937500e+02 2.712048888206481934e-01 9.000000000000000000e+00
2.049074859619140625e+02 6.118869628906250000e+02 2.765583190917968750e+02 6.820910034179687500e+02 2.662020623683929443e-01 7.000000000000000000e+00
1.135798095703125000e+03 8.529683837890625000e+02 1.162911865234375000e+03 8.955959472656250000e+02 2.609004974365234375e-01 0.000000000000000000e+00
8.498088836669921875e+01 5.683936767578125000e+02 1.334394989013671875e+02 5.982008666992187500e+02 2.549871504306793213e-01 2.000000000000000000e+00
6.628515014648437500e+02 1.400117645263671875e+02 7.389055786132812500e+02 1.935366516113281250e+02 2.531051933765411377e-01 7.000000000000000000e+00
