1.132389160156250000e+03 5.219916992187500000e+02 1.203837280273437500e+03 5.766387939453125000e+02 6.948941349983215332e-01 2.000000000000000000e+00
8.938666381835937500e+02 5.375865478515625000e+02 9.595911865234375000e+02 5.738213500976562500e+02 6.030200123786926270e-01 2.000000000000000000e+00
1.220648681640625000e+03 7.050368041992187500e+02 1.288198486328125000e+03 7.639008178710937500e+02 5.400902032852172852e-01 2.000000000000000000e+00
7.817887573242187500e+02 4.099754638671875000e+02 8.420068969726562500e+02 4.412194519042968750e+02 5.192470550537109375e-01 2.000000000000000000e+00
9.219597778320312500e+02 5.791312255859375000e+02 9.940772705078125000e+02 6.232872924804687500e+02 5.016997456550598145e-01 2.000000000000000000e+00
1.520862915039062500e+03 4.234778442382812500e+02 1.912667114257812500e+03 1.071414428710937500e+03 4.771015346050262451e-01 5.000000000000000000e+00
1.365657470703125000e+03 4.197427368164062500e+02 1.434225219726562500e+03 4.726723937988281250e+02 4.681506752967834473e-01 2.000000000000000000e+00
8.865135498046875000e+02 8.911845703125000000e+02 9.798862304687500000e+02 9.494812011718750000e+02 4.296125769615173340e-01 2.000000000000000000e+00
7.489522094726562500e+02 6.918839263916015625e+01 1.175403564453125000e+03 5.677681274414062500e+02 3.939942419528961182e-01 5.000000000000000000e+00
1.391377685546875000e+03 7.705500488281250000e+02 1.486485107421875000e+03 8.165027465820312500e+02 3.731898069381713867e-01 7.000000000000000000e+00
1.597125244140625000e+03 3.804448547363281250e+02 1.683334106445312500e+03 4.204933776855468750e+02 3.640811741352081299e-01 2.000000000000000000e+00
1.391470092773437500e+03 7.717290649414062500e+02 1.485378906250000000e+03 8.175220336914062500e+02 3.626099824905395508e-01 2.000000000000000000e+00
7.479714965820312500e+02 6.747580718994140625e+01 1.176616455078125000e+03 5.691505126953125000e+02 2.917414903640747070e-01 6.000000000000000000e+00
8.273788452148437500e+02 3.366289901733398438e+01 9.437014770507812500e+02 1.077515411376953125e+02 2.806849777698516846e-01 7.000000000000000000e+00
1.222778198242187500e+03 4.597039794921875000e+02 1.283244384765625000e+03 5.047852783203125000e+02 2.780975699424743652e-01 2.000000000000000000e+00
1.005148559570312500e+03 7.060155029296875000e+02 1.086215820312500000e+03 7.651354370117187500e+02 2.779250741004943848e-01 2.000000000000000000e+00
