2.938207092285156250e+02 5.225357666015625000e+02 7.223310546875000000e+02 7.855523681640625000e+02 6.070874929428100586e-01 5.000000000000000000e+00
2.866522827148437500e+02 5.219588623046875000e+02 7.220817260742187500e+02 7.870661010742187500e+02 5.300987362861633301e-01 7.000000000000000000e+00
4.965484008789062500e+02 3.668232421875000000e+02 6.293770751953125000e+02 4.608276672363281250e+02 5.018638968467712402e-01 7.000000000000000000e+00
1.134850219726562500e+03 4.680062561035156250e+02 1.195333129882812500e+03 5.020634460449218750e+02 4.424714446067810059e-01 2.000000000000000000e+00
9.746900024414062500e+02 3.792300720214843750e+02 1.041322265625000000e+03 4.091162719726562500e+02 4.337211251258850098e-01 2.000000000000000000e+00
4.993347167968750000e+02 3.670838317871093750e+02 6.333319091796875000e+02 4.597819519042968750e+02 4.263187050819396973e-01 2.000000000000000000e+00
1.297501953125000000e+03 5.264393920898437500e+02 1.369048339843750000e+03 5.697378540039062500e+02 4.242128133773803711e-01 2.000000000000000000e+00
1.171973754882812500e+03 4.430763549804687500e+02 1.225726928710937500e+03 4.742997131347656250e+02 4.227332770824432373e-01 2.000000000000000000e+00
8.535631713867187500e+02 6.723185424804687500e+02 1.101421508789062500e+03 7.848107910156250000e+02 3.943994045257568359e-01 2.000000000000000000e+00
8.245546264648437500e+02 3.275139465332031250e+02 9.175037841796875000e+02 3.826931152343750000e+02 3.577641248703002930e-01 2.000000000000000000e+00
5.578103027343750000e+02 3.672158203125000000e+02 6.425574951171875000e+02 4.160985717773437500e+02 3.468448221683502197e-01 2.000000000000000000e+00
1.262036499023437500e+03 4.865428771972656250e+02 1.315279907226562500e+03 5.181346435546875000e+02 2.989490032196044922e-01 2.000000000000000000e+00
1.264923095703125000e+03 4.879960327148437500e+02 1.356808471679687500e+03 5.421937866210937500e+02 2.706565260887145996e-01 2.000000000000000000e+00
1.065638793945312500e+03 4.032075195312500000e+02 1.126327758789062500e+03 4.332403259277343750e+02 2.626263201236724854e-01 2.000000000000000000e+00
7.802373657226562500e+02 4.221535644531250000e+02 9.528322143554687500e+02 5.190708618164062500e+02 2.614406943321228027e-01 7.000000000000000000e+00
3.324071044921875000e+02 5.147032928466796875e+01 3.619592590332031250e+02 8.250992584228515625e+01 2.501004338264465332e-01 2.000000000000000000e+00
