1.231785766601562500e+03 4.480594787597656250e+02 1.355118652343750000e+03 5.161744995117187500e+02 8.517656922340393066e-01 2.000000000000000000e+00
9.109161987304687500e+02 5.569198608398437500e+01 9.490569458007812500e+02 9.844401550292968750e+01 8.267276287078857422e-01 2.000000000000000000e+00
1.258792968750000000e+03 5.051080627441406250e+02 1.394384643554687500e+03 5.832994384765625000e+02 8.046697974205017090e-01 2.000000000000000000e+00
1.006753479003906250e+03 4.093298034667968750e+02 1.257367431640625000e+03 7.824957275390625000e+02 6.684409976005554199e-01 7.000000000000000000e+00
3.838833923339843750e+02 2.092258148193359375e+02 4.608292846679687500e+02 2.598095092773437500e+02 6.636800169944763184e-01 2.000000000000000000e+00
1.007580200195312500e+03 4.071217346191406250e+02 1.256941528320312500e+03 7.761058959960937500e+02 5.132871866226196289e-01 5.000000000000000000e+00
1.168502563476562500e+03 2.854704284667968750e+02 1.370822875976562500e+03 4.126302795410156250e+02 4.542624056339263916e-01 7.000000000000000000e+00
1.613955841064453125e+02 2.950224304199218750e+02 1.783755798339843750e+02 3.275010986328125000e+02 3.896917104721069336e-01 0.000000000000000000e+00
1.352500915527343750e-01 5.521491088867187500e+02 1.228619766235351562e+02 6.541217651367187500e+02 3.244227766990661621e-01 2.000000000000000000e+00
2.096894836425781250e+02 6.743516845703125000e+02 3.100181274414062500e+02 7.250832519531250000e+02 3.227459788322448730e-01 2.000000000000000000e+00
6.482279205322265625e+01 5.234306640625000000e+02 9.687937927246093750e+01 5.876329345703125000e+02 3.077296912670135498e-01 0.000000000000000000e+00
1.077503662109375000e+03 2.135286102294921875e+02 1.203453125000000000e+03 3.152437744140625000e+02 2.811141610145568848e-01 2.000000000000000000e+00
2.112839355468750000e+02 3.591399536132812500e+02 2.315938110351562500e+02 3.934642333984375000e+02 2.800435721874237061e-01 0.000000000000000000e+00
1.085250973701477051e+00 5.661380004882812500e+02 1.224698715209960938e+02 6.529879150390625000e+02 2.661586701869964600e-01 3.000000000000000000e+00
1.069188476562500000e+03 6.269482421875000000e+01 1.394753417968750000e+03 1.917065887451171875e+02 2.568948566913604736e-01 7.000000000000000000e+00
