8.408825073242187500e+02 8.886094360351562500e+02 9.485546264648437500e+02 9.709343261718750000e+02 7.356052398681640625e-01 2.000000000000000000e+00
8.015890502929687500e+02 6.816275024414062500e+02 8.786458129882812500e+02 7.288994750976562500e+02 6.839133501052856445e-01 2.000000000000000000e+00
1.224402221679687500e+03 5.565088500976562500e+02 1.274245727539062500e+03 5.988933715820312500e+02 6.772079467773437500e-01 2.000000000000000000e+00
1.462055297851562500e+03 9.173344726562500000e+02 1.667117309570312500e+03 1.041391479492187500e+03 6.210430860519409180e-01 7.000000000000000000e+00
1.137142333984375000e+03 6.337907714843750000e+02 1.177636474609375000e+03 6.664281005859375000e+02 5.887547731399536133e-01 2.000000000000000000e+00
1.080710083007812500e+03 6.092785644531250000e+02 1.128948608398437500e+03 6.428100585937500000e+02 5.819133520126342773e-01 2.000000000000000000e+00
7.269891967773437500e+02 7.927999877929687500e+02 8.039672241210937500e+02 8.400637207031250000e+02 5.340270400047302246e-01 2.000000000000000000e+00
9.453558349609375000e+02 7.255622558593750000e+02 1.086067626953125000e+03 8.197498168945312500e+02 5.169268250465393066e-01 5.000000000000000000e+00
2.067489166259765625e+02 8.606258544921875000e+02 3.083009643554687500e+02 9.187406616210937500e+02 4.498830139636993408e-01 2.000000000000000000e+00
1.302398925781250000e+03 6.077515258789062500e+02 1.345314575195312500e+03 6.491211547851562500e+02 4.437727034091949463e-01 2.000000000000000000e+00
1.103787841796875000e+03 5.382210083007812500e+02 1.209515869140625000e+03 6.026485595703125000e+02 4.261750280857086182e-01 7.000000000000000000e+00
1.024111328125000000e+03 6.313569335937500000e+02 1.070497924804687500e+03 6.601625976562500000e+02 4.175417125225067139e-01 2.000000000000000000e+00
3.624974060058593750e+01 3.150064392089843750e+02 1.275875091552734375e+02 3.821524353027343750e+02 3.193077743053436279e-01 5.000000000000000000e+00
5.222249145507812500e+02 8.604191894531250000e+02 6.142224121093750000e+02 9.172625732421875000e+02 2.926832437515258789e-01 2.000000000000000000e+00
5.212833251953125000e+02 8.566143188476562500e+02 6.183806152343750000e+02 9.073154907226562500e+02 2.823761403560638428e-01 7.000000000000000000e+00
9.115092773437500000e+02 4.672665100097656250e+02 9.554618530273437500e+02 4.941276855468750000e+02 2.693390250205993652e-01 2.000000000000000000e+00
9.491013183593750000e+02 7.222339477539062500e+02 1.080281250000000000e+03 8.246766967773437500e+02 2.662266194820404053e-01 7.000000000000000000e+00
1.322406250000000000e+03 5.090659179687500000e+02 1.706674804687500000e+03 8.852738647460937500e+02 2.511138319969177246e-01 7.000000000000000000e+00
