1.740432983398437500e+03 4.279195861816406250e+02 1.841694213867187500e+03 4.779947509765625000e+02 8.380076885223388672e-01 2.000000000000000000e+00
4.992222595214843750e+02 5.364179687500000000e+02 6.036981811523437500e+02 5.876903076171875000e+02 7.440775036811828613e-01 2.000000000000000000e+00
3.791633911132812500e+02 5.521278076171875000e+02 4.804410095214843750e+02 6.041133422851562500e+02 7.135324478149414062e-01 2.000000000000000000e+00
8.522611083984375000e+02 4.751458435058593750e+02 9.467524414062500000e+02 5.246655273437500000e+02 6.563183665275573730e-01 2.000000000000000000e+00
1.084748992919921875e+02 5.961386108398437500e+02 2.252174530029296875e+02 6.517814331054687500e+02 6.381910443305969238e-01 2.000000000000000000e+00
8.282723388671875000e+02 5.870002365112304688e+01 8.941632080078125000e+02 1.005353164672851562e+02 6.079425811767578125e-01 2.000000000000000000e+00
4.002418518066406250e+02 7.321888427734375000e+02 5.307003784179687500e+02 7.931609497070312500e+02 5.481410026550292969e-01 2.000000000000000000e+00
1.072268066406250000e+03 4.398712463378906250e+02 1.165581909179687500e+03 4.871071472167968750e+02 5.417041182518005371e-01 2.000000000000000000e+00
6.505869750976562500e+02 5.125568237304687500e+02 7.561027832031250000e+02 5.593950195312500000e+02 4.374531209468841553e-01 2.000000000000000000e+00
8.336502685546875000e+02 1.797740325927734375e+02 8.984561157226562500e+02 2.435519714355468750e+02 4.284656941890716553e-01 2.000000000000000000e+00
3.414780273437500000e+02 1.223230514526367188e+02 4.309966125488281250e+02 1.795879974365234375e+02 3.936100900173187256e-01 2.000000000000000000e+00
8.267008666992187500e+02 1.135981082916259766e+01 8.827728271484375000e+02 4.795592880249023438e+01 3.834609985351562500e-01 2.000000000000000000e+00
7.543604736328125000e+02 4.819926452636718750e+02 8.305910034179687500e+02 5.321614379882812500e+02 3.828468918800354004e-01 2.000000000000000000e+00
1.057343017578125000e+03 6.489631347656250000e+02 1.138336669921875000e+03 7.041098632812500000e+02 3.794243633747100830e-01 7.000000000000000000e+00
2.542208862304687500e+02 2.511649475097656250e+02 3.654338684082031250e+02 3.091967468261718750e+02 3.512426316738128662e-01 2.000000000000000000e+00
0.000000000000000000e+00 6.099612426757812500e+02 4.584749984741210938e+01 6.496890258789062500e+02 3.130104541778564453e-01 2.000000000000000000e+00
6.138947753906250000e+02 8.429963378906250000e+02 6.703883056640625000e+02 8.771657104492187500e+02 2.994286119937896729e-01 2.000000000000000000e+00
1.503442260742187500e+03 3.799630737304687500e+02 1.579839965820312500e+03 4.093605957031250000e+02 2.932812869548797607e-01 2.000000000000000000e+00
1.548359130859375000e+03 1.319205169677734375e+02 1.591232788085937500e+03 1.744602203369140625e+02 2.791109383106231689e-01 2.000000000000000000e+00
1.181462646484375000e+03 4.269991760253906250e+02 1.271167236328125000e+03 4.662853698730468750e+02 2.602920532226562500e-01 2.000000000000000000e+00
4.008715515136718750e+02 7.388490600585937500e+02 4.680587158203125000e+02 7.958107299804687500e+02 2.543047666549682617e-01 2.000000000000000000e+00
