1.070263671875000000e+03 1.284393768310546875e+02 1.099418823242187500e+03 1.494251098632812500e+02 4.852189421653747559e-01 2.000000000000000000e+00
8.923688354492187500e+02 3.793906250000000000e+02 9.340375976562500000e+02 4.096983947753906250e+02 4.806181192398071289e-01 2.000000000000000000e+00
1.129494506835937500e+03 8.662524414062500000e+02 1.191814941406250000e+03 9.673887329101562500e+02 4.753107130527496338e-01 2.000000000000000000e+00
1.097418823242187500e+03 1.833725128173828125e+02 1.129426147460937500e+03 2.143827362060546875e+02 4.342319667339324951e-01 2.000000000000000000e+00
8.747725830078125000e+02 3.070649719238281250e+02 9.288676757812500000e+02 3.617339782714843750e+02 4.125463962554931641e-01 7.000000000000000000e+00
9.622246704101562500e+02 1.305086822509765625e+02 9.980336303710937500e+02 1.658514251708984375e+02 3.459218442440032959e-01 2.000000000000000000e+00
1.228414672851562500e+03 7.722390136718750000e+02 1.294876342773437500e+03 8.773424072265625000e+02 2.946445345878601074e-01 7.000000000000000000e+00
9.005966796875000000e+02 5.560468750000000000e+02 9.558889770507812500e+02 5.965577392578125000e+02 2.830343544483184814e-01 2.000000000000000000e+00
9.091831054687500000e+02 4.664118652343750000e+02 9.443850708007812500e+02 5.017795715332031250e+02 2.797532677650451660e-01 2.000000000000000000e+00
9.628211669921875000e+02 1.257441253662109375e+02 9.993707275390625000e+02 1.657641906738281250e+02 2.737794816493988037e-01 7.000000000000000000e+00
8.618923950195312500e+02 1.478503265380859375e+02 9.270938110351562500e+02 2.097698211669921875e+02 2.530481219291687012e-01 7.000000000000000000e+00
