1.344238769531250000e+03 6.642185668945312500e+02 1.462505126953125000e+03 7.336776733398437500e+02 8.573126792907714844e-01 2.000000000000000000e+00
1.229735595703125000e+03 7.655396728515625000e+02 1.364697265625000000e+03 9.095144653320312500e+02 8.011791110038757324e-01 2.000000000000000000e+00
1.291284057617187500e+03 5.718997802734375000e+02 1.392510498046875000e+03 6.703105468750000000e+02 7.456131577491760254e-01 2.000000000000000000e+00
1.288951049804687500e+03 7.312571411132812500e+02 1.448858520507812500e+03 8.432260131835937500e+02 7.410008311271667480e-01 2.000000000000000000e+00
1.438993530273437500e+03 5.673546752929687500e+02 1.577302612304687500e+03 6.968338012695312500e+02 7.041800022125244141e-01 2.000000000000000000e+00
1.572183105468750000e+03 2.833200988769531250e+02 1.662953369140625000e+03 3.541515197753906250e+02 6.597144007682800293e-01 2.000000000000000000e+00
1.484972900390625000e+03 3.192511596679687500e+02 1.598506958007812500e+03 4.041074218750000000e+02 6.119246482849121094e-01 2.000000000000000000e+00
1.627179443359375000e+03 2.050480041503906250e+02 1.730131713867187500e+03 2.921835021972656250e+02 5.985333323478698730e-01 2.000000000000000000e+00
1.737502075195312500e+03 1.346748809814453125e+02 1.823888061523437500e+03 2.075980987548828125e+02 5.560765266418457031e-01 2.000000000000000000e+00
1.079585327148437500e+03 8.379725952148437500e+02 1.172763916015625000e+03 9.556779174804687500e+02 5.451158285140991211e-01 2.000000000000000000e+00
1.684557373046875000e+03 1.621024932861328125e+02 1.788108886718750000e+03 2.325091552734375000e+02 4.700177907943725586e-01 2.000000000000000000e+00
1.323522460937500000e+03 4.457283325195312500e+02 1.429201293945312500e+03 5.703046875000000000e+02 4.601921141147613525e-01 2.000000000000000000e+00
1.646858520507812500e+03 1.667032623291015625e+02 1.760941528320312500e+03 2.593047180175781250e+02 4.160259068012237549e-01 2.000000000000000000e+00
1.622138916015625000e+03 2.304304199218750000e+02 1.699313842773437500e+03 3.041792602539062500e+02 3.968847990036010742e-01 2.000000000000000000e+00
1.622728759765625000e+03 4.678101196289062500e+02 1.739186767578125000e+03 5.772626342773437500e+02 3.761318624019622803e-01 2.000000000000000000e+00
8.279368896484375000e+02 6.662379760742187500e+02 8.554949340820312500e+02 7.204565429687500000e+02 3.071496784687042236e-01 0.000000000000000000e+00
1.622559692382812500e+03 4.572686462402343750e+02 1.750485107421875000e+03 5.804758911132812500e+02 2.986507117748260498e-01 7.000000000000000000e+00
1.261618530273437500e+03 7.549227294921875000e+02 1.401060791015625000e+03 8.731603393554687500e+02 2.950679957866668701e-01 2.000000000000000000e+00
1.634393066406250000e+03 1.653070678710937500e+02 1.916000000000000000e+03 6.138307495117187500e+02 2.908081114292144775e-01 7.000000000000000000e+00
1.810799072265625000e+03 4.005222702026367188e+01 1.916000000000000000e+03 1.241416778564453125e+02 2.789988815784454346e-01 2.000000000000000000e+00
5.148348999023437500e+02 7.755343627929687500e+02 5.452014770507812500e+02 8.297191772460937500e+02 2.780918776988983154e-01 0.000000000000000000e+00
