8.055983276367187500e+02 3.693892822265625000e+02 8.410361328125000000e+02 4.054839172363281250e+02 7.065464258193969727e-01 2.000000000000000000e+00
7.691989746093750000e+02 4.092409973144531250e+02 8.136902465820312500e+02 4.534135131835937500e+02 5.796873569488525391e-01 2.000000000000000000e+00
7.343746337890625000e+02 2.682095336914062500e+02 7.634426879882812500e+02 2.973076171875000000e+02 5.291955471038818359e-01 2.000000000000000000e+00
9.060537109375000000e+02 4.184684448242187500e+02 9.625510253906250000e+02 4.606625366210937500e+02 5.260153412818908691e-01 2.000000000000000000e+00
5.116161499023437500e+02 1.037964248657226562e+02 5.334359741210937500e+02 1.280312652587890625e+02 4.659242033958435059e-01 2.000000000000000000e+00
9.829929199218750000e+02 5.560930175781250000e+02 1.010397277832031250e+03 5.890839233398437500e+02 4.318991303443908691e-01 9.000000000000000000e+00
6.429861450195312500e+02 2.541174926757812500e+02 6.720274047851562500e+02 2.793905029296875000e+02 4.147435128688812256e-01 2.000000000000000000e+00
1.193100830078125000e+03 2.562762145996093750e+02 1.243546020507812500e+03 3.212178955078125000e+02 3.904709219932556152e-01 0.000000000000000000e+00
5.176697387695312500e+02 5.080133438110351562e+00 5.487135009765625000e+02 3.052993202209472656e+01 3.751226365566253662e-01 2.000000000000000000e+00
5.519530639648437500e+02 8.537243652343750000e+01 5.725566406250000000e+02 1.051070709228515625e+02 2.742919623851776123e-01 2.000000000000000000e+00
