9.249385375976562500e+02 3.913678588867187500e+02 9.594072875976562500e+02 4.064810180664062500e+02 5.890420675277709961e-01 2.000000000000000000e+00
5.869865722656250000e+02 5.743630371093750000e+02 6.191956176757812500e+02 5.928188476562500000e+02 5.425594449043273926e-01 2.000000000000000000e+00
6.599447021484375000e+02 4.095382995605468750e+02 6.946281127929687500e+02 4.263797607421875000e+02 4.609642624855041504e-01 2.000000000000000000e+00
2.186395721435546875e+02 5.125657958984375000e+02 2.523059539794921875e+02 5.279477539062500000e+02 4.350602924823760986e-01 2.000000000000000000e+00
7.245588378906250000e+02 5.456755981445312500e+02 7.611696777343750000e+02 5.662556152343750000e+02 4.099459350109100342e-01 2.000000000000000000e+00
9.272971801757812500e+02 5.189236450195312500e+02 9.657051391601562500e+02 5.400626831054687500e+02 4.066776931285858154e-01 2.000000000000000000e+00
7.284371337890625000e+02 4.029371948242187500e+02 7.608944091796875000e+02 4.235871887207031250e+02 3.820264041423797607e-01 2.000000000000000000e+00
1.007205810546875000e+03 3.853994140625000000e+02 1.045242553710937500e+03 4.069025573730468750e+02 3.816483616828918457e-01 2.000000000000000000e+00
3.006426696777343750e+02 4.790042724609375000e+02 3.300743103027343750e+02 4.920840148925781250e+02 3.238462507724761963e-01 2.000000000000000000e+00
9.434857788085937500e+02 4.194645080566406250e+02 9.784793701171875000e+02 4.359965209960937500e+02 2.954607009887695312e-01 2.000000000000000000e+00
1.085896850585937500e+03 1.234802856445312500e+02 1.126509399414062500e+03 1.800879364013671875e+02 2.700560688972473145e-01 9.000000000000000000e+00
1.507266845703125000e+02 6.927075195312500000e+02 1.877696838378906250e+02 7.254594116210937500e+02 2.615205645561218262e-01 9.000000000000000000e+00
