7.998170166015625000e+02 4.023188476562500000e+02 8.649237060546875000e+02 4.590367736816406250e+02 6.807947158813476562e-01 2.000000000000000000e+00
6.491957397460937500e+02 5.196597290039062500e+02 7.335572509765625000e+02 5.865811767578125000e+02 6.604973673820495605e-01 2.000000000000000000e+00
7.084079589843750000e+02 4.235874328613281250e+02 7.678500366210937500e+02 4.802587585449218750e+02 5.583459734916687012e-01 2.000000000000000000e+00
1.181440307617187500e+03 1.854817199707031250e+02 1.226966308593750000e+03 2.331904144287109375e+02 5.124912858009338379e-01 2.000000000000000000e+00
8.058707275390625000e+02 2.943193969726562500e+02 8.644116821289062500e+02 3.485814514160156250e+02 5.069838762283325195e-01 2.000000000000000000e+00
8.975460815429687500e+02 2.551030273437500000e+02 9.560597534179687500e+02 3.122353820800781250e+02 4.623872041702270508e-01 2.000000000000000000e+00
1.919624176025390625e+02 6.007877731323242188e+01 2.541189422607421875e+02 1.054018096923828125e+02 4.563405513763427734e-01 2.000000000000000000e+00
1.635235290527343750e+02 1.524170379638671875e+02 3.071514587402343750e+02 2.561084594726562500e+02 4.560156464576721191e-01 5.000000000000000000e+00
1.368323242187500000e+03 1.075602412223815918e+00 1.400000000000000000e+03 4.084850692749023438e+01 3.405905067920684814e-01 2.000000000000000000e+00
1.072708984375000000e+03 5.394432449340820312e+01 1.122422241210937500e+03 1.024320831298828125e+02 3.207684457302093506e-01 2.000000000000000000e+00
6.209515380859375000e+02 4.443402099609375000e+02 6.797476806640625000e+02 4.963552856445312500e+02 3.109261393547058105e-01 2.000000000000000000e+00
9.470631713867187500e+02 2.675927734375000000e+02 1.004102661132812500e+03 3.245735168457031250e+02 3.099037706851959229e-01 2.000000000000000000e+00
1.079172241210937500e+03 2.882556152343750000e+02 1.130723144531250000e+03 3.431120910644531250e+02 2.867378294467926025e-01 9.000000000000000000e+00
3.162181091308593750e+02 3.589283142089843750e+02 4.642895812988281250e+02 4.741260070800781250e+02 2.579361200332641602e-01 2.000000000000000000e+00
