0.000000000000000000e+00 1.837486267089843750e+02 3.405740051269531250e+02 8.058885498046875000e+02 5.215810537338256836e-01 6.000000000000000000e+00
4.240267028808593750e+02 8.143162231445312500e+02 4.742276306152343750e+02 9.014255371093750000e+02 4.903348386287689209e-01 2.000000000000000000e+00
4.591221923828125000e+02 0.000000000000000000e+00 4.969944763183593750e+02 2.519205856323242188e+01 4.712783694267272949e-01 2.000000000000000000e+00
4.243673400878906250e+02 1.403169631958007812e+00 4.681965942382812500e+02 3.946535491943359375e+01 4.601905047893524170e-01 2.000000000000000000e+00
1.166575927734375000e+03 3.912915344238281250e+02 1.238375732421875000e+03 4.483286132812500000e+02 4.306986629962921143e-01 7.000000000000000000e+00
4.218609924316406250e+02 5.191778564453125000e+02 5.029621887207031250e+02 6.440657348632812500e+02 4.273718893527984619e-01 5.000000000000000000e+00
6.973821411132812500e+02 4.118580932617187500e+02 7.241373291015625000e+02 4.627063293457031250e+02 3.971760272979736328e-01 2.000000000000000000e+00
1.221126342773437500e+03 1.031877517700195312e+00 1.273750244140625000e+03 3.045994186401367188e+01 3.864369988441467285e-01 2.000000000000000000e+00
7.107508544921875000e+02 3.430984802246093750e+02 7.401575317382812500e+02 3.903256530761718750e+02 3.808081150054931641e-01 2.000000000000000000e+00
7.477127685546875000e+02 3.620872802734375000e+02 7.753418579101562500e+02 4.116216125488281250e+02 3.348574042320251465e-01 2.000000000000000000e+00
1.134722412109375000e+03 4.635171813964843750e+02 1.192018432617187500e+03 5.049366760253906250e+02 3.323188126087188721e-01 7.000000000000000000e+00
6.918416748046875000e+02 7.870682983398437500e+02 7.319338989257812500e+02 8.514554443359375000e+02 3.294849991798400879e-01 2.000000000000000000e+00
6.406649780273437500e+02 8.249407348632812500e+02 6.785089721679687500e+02 8.952969360351562500e+02 3.182142972946166992e-01 2.000000000000000000e+00
1.085130493164062500e+03 5.373036861419677734e-01 1.131461914062500000e+03 2.091916656494140625e+01 3.014074862003326416e-01 8.000000000000000000e+00
1.330650390625000000e+03 8.675067901611328125e+00 1.377565917968750000e+03 2.898522949218750000e+01 2.949236333370208740e-01 2.000000000000000000e+00
