8.968539428710937500e+02 8.310550537109375000e+02 1.034356933593750000e+03 1.046717529296875000e+03 8.698573708534240723e-01 6.700000000000000000e+01
9.180390167236328125e+01 6.195842285156250000e+02 2.690350036621093750e+02 8.365452270507812500e+02 8.624700903892517090e-01 2.000000000000000000e+00
8.854161834716796875e+01 4.744970703125000000e+02 2.369263763427734375e+02 6.368161621093750000e+02 8.224331736564636230e-01 2.000000000000000000e+00
7.778273315429687500e+02 1.322235565185546875e+02 8.281916503906250000e+02 2.038405151367187500e+02 8.021937608718872070e-01 2.000000000000000000e+00
0.000000000000000000e+00 6.729052734375000000e+02 1.173213729858398438e+02 9.026840820312500000e+02 7.944399714469909668e-01 2.000000000000000000e+00
7.091331787109375000e+02 1.304128112792968750e+02 7.677684326171875000e+02 2.060644683837890625e+02 7.805625200271606445e-01 2.000000000000000000e+00
2.115120086669921875e+02 3.674623718261718750e+02 3.186425476074218750e+02 4.888432617187500000e+02 7.780375480651855469e-01 2.000000000000000000e+00
6.417742919921875000e+02 6.959361572265625000e+02 7.490695190429687500e+02 9.100788574218750000e+02 7.190644741058349609e-01 6.700000000000000000e+01
6.663463745117187500e+02 4.539983520507812500e+02 7.571294555664062500e+02 6.077868041992187500e+02 7.181178331375122070e-01 2.000000000000000000e+00
2.400532836914062500e+02 2.574638671875000000e+02 4.054129333496093750e+02 3.975774841308593750e+02 6.178494691848754883e-01 2.000000000000000000e+00
3.300793151855468750e+02 1.506364898681640625e+02 4.119066162109375000e+02 2.450500030517578125e+02 6.105154156684875488e-01 2.000000000000000000e+00
9.519973754882812500e+02 2.119167327880859375e+02 1.046348876953125000e+03 3.330116882324218750e+02 5.263042449951171875e-01 2.000000000000000000e+00
7.006881713867187500e+02 1.140894317626953125e+01 7.572507934570312500e+02 1.164437713623046875e+02 5.249608159065246582e-01 2.000000000000000000e+00
6.885296630859375000e+02 3.219577026367187500e+02 7.489319458007812500e+02 4.294851989746093750e+02 5.025032162666320801e-01 2.000000000000000000e+00
3.768432006835937500e+02 7.954326629638671875e+01 4.470103759765625000e+02 1.584461517333984375e+02 4.760075807571411133e-01 2.000000000000000000e+00
9.515706787109375000e+02 2.144753570556640625e+02 1.050451293945312500e+03 3.295439147949218750e+02 3.743646144866943359e-01 7.000000000000000000e+00
1.231156372070312500e+03 6.940554199218750000e+02 1.345361938476562500e+03 8.063446044921875000e+02 3.733897805213928223e-01 2.000000000000000000e+00
4.613441467285156250e+02 7.722041625976562500e+02 5.945258789062500000e+02 1.050000000000000000e+03 3.564209640026092529e-01 2.000000000000000000e+00
1.038718872070312500e+03 7.911647949218750000e+02 1.139282226562500000e+03 8.733514404296875000e+02 3.413285911083221436e-01 0.000000000000000000e+00
4.598021240234375000e+02 7.753002319335937500e+02 5.934673461914062500e+02 1.050000000000000000e+03 2.936491370201110840e-01 6.700000000000000000e+01
3.849082641601562500e+02 3.427870788574218750e+02 5.029643859863281250e+02 5.281324462890625000e+02 2.731547355651855469e-01 2.000000000000000000e+00
1.223812255859375000e+03 5.532238159179687500e+02 1.312591796875000000e+03 6.187886352539062500e+02 2.588821649551391602e-01 2.000000000000000000e+00
