5.089423522949218750e+02 2.412783813476562500e+02 5.356700439453125000e+02 2.676096191406250000e+02 5.108071565628051758e-01 2.000000000000000000e+00
5.351258544921875000e+02 4.143032836914062500e+02 5.737471923828125000e+02 4.366238098144531250e+02 4.556266069412231445e-01 2.000000000000000000e+00
8.727401123046875000e+02 3.943758850097656250e+02 8.984540405273437500e+02 4.209777526855468750e+02 4.555706381797790527e-01 2.000000000000000000e+00
6.891395874023437500e+02 2.302442474365234375e+02 7.221649169921875000e+02 2.489459228515625000e+02 4.483595490455627441e-01 2.000000000000000000e+00
3.310406188964843750e+02 3.648372192382812500e+02 5.528587036132812500e+02 5.658339843750000000e+02 3.828699290752410889e-01 7.000000000000000000e+00
1.156012695312500000e+03 3.452319030761718750e+02 1.180183593750000000e+03 3.660198364257812500e+02 3.468358516693115234e-01 2.000000000000000000e+00
8.890335083007812500e+02 2.496164703369140625e+02 9.189315185546875000e+02 2.684899902343750000e+02 3.090783357620239258e-01 2.000000000000000000e+00
2.499518127441406250e+02 7.351091308593750000e+02 2.867701110839843750e+02 7.841615600585937500e+02 3.021688461303710938e-01 0.000000000000000000e+00
1.338592376708984375e+02 7.658044433593750000e+02 1.649516754150390625e+02 7.880000000000000000e+02 2.815472483634948730e-01 0.000000000000000000e+00
7.631458740234375000e+02 2.299842071533203125e+02 8.394146728515625000e+02 2.699868469238281250e+02 2.782631516456604004e-01 7.000000000000000000e+00
1.276204757690429688e+02 3.036811218261718750e+02 2.550562744140625000e+02 4.158012390136718750e+02 2.567600011825561523e-01 2.000000000000000000e+00
