6.806829223632812500e+02 4.917965698242187500e+02 7.512302246093750000e+02 5.282484741210937500e+02 7.830830216407775879e-01 2.000000000000000000e+00
4.822180786132812500e+02 5.039500732421875000e+02 5.682197875976562500e+02 5.370137329101562500e+02 7.582677602767944336e-01 2.000000000000000000e+00
1.791887054443359375e+02 4.990569458007812500e+02 2.665971679687500000e+02 5.512709350585937500e+02 7.495084404945373535e-01 2.000000000000000000e+00
1.281043945312500000e+03 6.087262573242187500e+02 1.399638427734375000e+03 6.568819580078125000e+02 7.481809258460998535e-01 2.000000000000000000e+00
3.592196655273437500e+02 4.897140197753906250e+02 4.343508300781250000e+02 5.226060791015625000e+02 6.935154199600219727e-01 2.000000000000000000e+00
8.549487915039062500e+02 8.857615966796875000e+02 8.804579467773437500e+02 9.467593994140625000e+02 6.795729398727416992e-01 0.000000000000000000e+00
7.969531860351562500e+02 9.087012939453125000e+02 8.269682006835937500e+02 9.771641235351562500e+02 6.787827610969543457e-01 0.000000000000000000e+00
6.533289794921875000e+02 4.641701965332031250e+02 7.186467285156250000e+02 4.954482116699218750e+02 5.691408514976501465e-01 2.000000000000000000e+00
2.670331420898437500e+02 4.803189086914062500e+02 3.295699462890625000e+02 5.096889343261718750e+02 5.658278465270996094e-01 2.000000000000000000e+00
8.576558837890625000e+02 4.133417358398437500e+02 9.654933471679687500e+02 4.833116149902343750e+02 5.645583868026733398e-01 7.000000000000000000e+00
8.034091186523437500e+02 4.210966796875000000e+02 8.638945922851562500e+02 4.561132507324218750e+02 5.506420731544494629e-01 2.000000000000000000e+00
2.708923950195312500e+02 4.922662658691406250e+02 3.467073364257812500e+02 5.340735473632812500e+02 5.371080040931701660e-01 2.000000000000000000e+00
2.178714447021484375e+02 8.712065429687500000e+02 5.419491577148437500e+02 1.050000000000000000e+03 5.013127923011779785e-01 5.000000000000000000e+00
8.595143432617187500e+02 4.147557067871093750e+02 9.672030639648437500e+02 4.816958923339843750e+02 4.929699599742889404e-01 5.000000000000000000e+00
6.696813964843750000e+02 4.781423950195312500e+02 7.481654663085937500e+02 5.108577575683593750e+02 4.848319590091705322e-01 2.000000000000000000e+00
7.507592773437500000e+02 9.015858764648437500e+02 7.794315185546875000e+02 9.722347412109375000e+02 4.798317253589630127e-01 0.000000000000000000e+00
9.803312988281250000e+02 4.142279357910156250e+02 1.025987792968750000e+03 4.428420104980468750e+02 4.477649629116058350e-01 2.000000000000000000e+00
7.163184356689453125e+01 6.041223754882812500e+02 9.012213897705078125e+01 6.431682739257812500e+02 4.466252624988555908e-01 0.000000000000000000e+00
9.513660278320312500e+02 8.549666137695312500e+02 9.891251220703125000e+02 9.060456542968750000e+02 4.385440647602081299e-01 0.000000000000000000e+00
3.568833923339843750e+02 4.502527160644531250e+02 4.000171508789062500e+02 4.723027648925781250e+02 3.880093395709991455e-01 2.000000000000000000e+00
2.755737304687500000e-01 7.430578613281250000e+02 5.631354522705078125e+01 7.868149414062500000e+02 3.799016177654266357e-01 2.000000000000000000e+00
9.666599121093750000e+02 3.406987609863281250e+02 1.000904724121093750e+03 3.750992736816406250e+02 3.136911690235137939e-01 2.000000000000000000e+00
2.272498474121093750e+02 8.740835571289062500e+02 5.331846923828125000e+02 1.047212402343750000e+03 3.117785155773162842e-01 7.000000000000000000e+00
1.001877441406250000e+03 4.094196472167968750e+02 1.032287231445312500e+03 4.336043090820312500e+02 3.050764203071594238e-01 2.000000000000000000e+00
7.054767456054687500e+02 8.750037231445312500e+02 7.516465454101562500e+02 9.447194824218750000e+02 2.958587706089019775e-01 0.000000000000000000e+00
9.800539550781250000e+02 4.197651367187500000e+02 1.007059875488281250e+03 4.474696655273437500e+02 2.862494289875030518e-01 2.000000000000000000e+00
1.044877075195312500e+03 4.520196533203125000e+02 1.062172485351562500e+03 4.756548461914062500e+02 2.783678472042083740e-01 0.000000000000000000e+00
1.125362060546875000e+03 5.306742553710937500e+02 1.154788330078125000e+03 5.734701538085937500e+02 2.681748867034912109e-01 0.000000000000000000e+00
8.737293090820312500e+02 5.741702270507812500e+02 9.014656372070312500e+02 6.085640869140625000e+02 2.655142843723297119e-01 3.000000000000000000e+00
1.012042297363281250e+03 3.654173278808593750e+02 1.048939331054687500e+03 3.874029541015625000e+02 2.535235285758972168e-01 2.000000000000000000e+00
5.677923202514648438e+01 6.819373168945312500e+02 9.548624420166015625e+01 7.256282958984375000e+02 2.519730627536773682e-01 3.000000000000000000e+00
