8.753089599609375000e+02 6.501542358398437500e+02 1.044944824218750000e+03 8.390416259765625000e+02 7.621436119079589844e-01 2.000000000000000000e+00
5.093618774414062500e+02 1.427044372558593750e+02 5.811195678710937500e+02 2.111602783203125000e+02 7.071691155433654785e-01 2.000000000000000000e+00
8.390062255859375000e+02 5.581911010742187500e+02 9.443465576171875000e+02 6.518148193359375000e+02 6.696645021438598633e-01 2.000000000000000000e+00
7.365927734375000000e+02 4.070485229492187500e+02 8.464611206054687500e+02 5.274995117187500000e+02 6.479218602180480957e-01 2.000000000000000000e+00
8.357076416015625000e+02 3.520549621582031250e+02 9.812781372070312500e+02 5.173154296875000000e+02 5.758243203163146973e-01 2.000000000000000000e+00
3.481055297851562500e+02 6.288646316528320312e+01 4.118628540039062500e+02 1.298543853759765625e+02 5.204244852066040039e-01 2.000000000000000000e+00
4.882112731933593750e+02 6.731374740600585938e+00 5.666351318359375000e+02 8.370508575439453125e+01 4.686024188995361328e-01 2.000000000000000000e+00
4.043749389648437500e+02 9.856886596679687500e+02 5.097223510742187500e+02 1.050000000000000000e+03 3.646405339241027832e-01 6.700000000000000000e+01
8.816936035156250000e+02 6.491163330078125000e+02 9.781751098632812500e+02 7.170880737304687500e+02 3.383514285087585449e-01 2.000000000000000000e+00
6.473364257812500000e+02 2.337146911621093750e+02 7.587167968750000000e+02 3.059560546875000000e+02 3.364881277084350586e-01 2.000000000000000000e+00
5.766440429687500000e+02 0.000000000000000000e+00 6.378180541992187500e+02 4.712152862548828125e+01 3.225705623626708984e-01 2.000000000000000000e+00
3.206009521484375000e+02 4.471317749023437500e+02 3.914683227539062500e+02 5.009949951171875000e+02 3.220817148685455322e-01 2.000000000000000000e+00
5.943358764648437500e+02 1.256883926391601562e+02 6.882598266601562500e+02 2.398999786376953125e+02 2.927246391773223877e-01 7.000000000000000000e+00
5.918706665039062500e+02 1.214484176635742188e+02 6.915390625000000000e+02 2.523107147216796875e+02 2.762055993080139160e-01 2.000000000000000000e+00
