1.296078979492187500e+03 3.840558166503906250e+02 1.333265869140625000e+03 4.071723022460937500e+02 5.294138193130493164e-01 2.000000000000000000e+00
1.319046386718750000e+03 5.493522949218750000e+02 1.355634399414062500e+03 5.660908813476562500e+02 5.224889516830444336e-01 2.000000000000000000e+00
8.452152709960937500e+02 3.581341857910156250e+02 8.738984375000000000e+02 3.716696777343750000e+02 4.503499865531921387e-01 2.000000000000000000e+00
1.227841796875000000e+03 3.763565673828125000e+02 1.261891723632812500e+03 3.963828125000000000e+02 4.335121214389801025e-01 2.000000000000000000e+00
1.056145385742187500e+03 5.046567687988281250e+02 1.096433471679687500e+03 5.234368896484375000e+02 3.856893181800842285e-01 2.000000000000000000e+00
1.348805175781250000e+03 4.102042236328125000e+02 1.375705444335937500e+03 4.288800659179687500e+02 3.085032701492309570e-01 2.000000000000000000e+00
9.644343261718750000e+02 3.391969604492187500e+02 9.969583129882812500e+02 3.555290832519531250e+02 2.898811697959899902e-01 2.000000000000000000e+00
8.186810913085937500e+02 4.216149291992187500e+02 8.536347656250000000e+02 4.367655334472656250e+02 2.771116197109222412e-01 2.000000000000000000e+00
6.815830078125000000e+02 3.509876403808593750e+02 7.074609375000000000e+02 3.654107360839843750e+02 2.724595367908477783e-01 2.000000000000000000e+00
7.865965576171875000e+02 3.353017883300781250e+02 8.122753906250000000e+02 3.483926086425781250e+02 2.619569003582000732e-01 2.000000000000000000e+00
