8.506807250976562500e+02 6.271746215820312500e+02 8.803275146484375000e+02 6.699055175781250000e+02 6.650881171226501465e-01 2.000000000000000000e+00
7.340023193359375000e+02 4.474003601074218750e+02 7.556090698242187500e+02 4.752158203125000000e+02 6.511362195014953613e-01 2.000000000000000000e+00
9.174275512695312500e+02 6.421671752929687500e+02 9.537350463867187500e+02 6.898602294921875000e+02 6.147261857986450195e-01 2.000000000000000000e+00
4.269404296875000000e+02 3.370609436035156250e+02 4.752359313964843750e+02 3.751879272460937500e+02 5.904039144515991211e-01 2.000000000000000000e+00
7.666345214843750000e+02 6.364875488281250000e+02 7.988340454101562500e+02 6.848430786132812500e+02 5.495880842208862305e-01 2.000000000000000000e+00
8.425247802734375000e+02 4.933546447753906250e+02 8.691763916015625000e+02 5.280589599609375000e+02 5.309544205665588379e-01 2.000000000000000000e+00
4.548075256347656250e+02 2.879906311035156250e+02 4.941780700683593750e+02 3.129622497558593750e+02 4.203170239925384521e-01 2.000000000000000000e+00
7.724013671875000000e+02 4.849533081054687500e+02 7.999559326171875000e+02 5.217490234375000000e+02 4.022460281848907471e-01 2.000000000000000000e+00
4.152944030761718750e+02 2.622254333496093750e+02 4.774031066894531250e+02 3.038590087890625000e+02 4.015442132949829102e-01 2.000000000000000000e+00
1.241984252929687500e+03 5.067244262695312500e+02 1.398027832031250000e+03 7.853538818359375000e+02 3.988593518733978271e-01 7.000000000000000000e+00
7.695982055664062500e+02 3.520768432617187500e+02 7.927133789062500000e+02 3.798645324707031250e+02 3.956867456436157227e-01 2.000000000000000000e+00
2.948927612304687500e+02 4.552941589355468750e+02 3.233815917968750000e+02 5.017967529296875000e+02 3.919017016887664795e-01 2.000000000000000000e+00
3.348722839355468750e+02 4.264794616699218750e+02 3.628574218750000000e+02 4.614211120605468750e+02 3.566371500492095947e-01 2.000000000000000000e+00
7.010009765625000000e+02 5.990863647460937500e+02 7.267590942382812500e+02 6.375713500976562500e+02 3.416932225227355957e-01 2.000000000000000000e+00
7.289196777343750000e+02 2.297150573730468750e+02 7.695765380859375000e+02 2.829065856933593750e+02 2.768376469612121582e-01 6.000000000000000000e+00
7.551672363281250000e+02 4.185241088867187500e+02 7.753953247070312500e+02 4.437052612304687500e+02 2.604361176490783691e-01 2.000000000000000000e+00
