9.511330566406250000e+02 9.683276977539062500e+02 9.967872314453125000e+02 1.000997314453125000e+03 6.219434142112731934e-01 2.000000000000000000e+00
1.032880249023437500e+03 9.302043457031250000e+02 1.056925415039062500e+03 9.559829101562500000e+02 4.599852561950683594e-01 2.000000000000000000e+00
5.177531738281250000e+02 7.557311401367187500e+02 5.661581420898437500e+02 7.778348388671875000e+02 3.988347351551055908e-01 2.000000000000000000e+00
9.176299438476562500e+02 1.006876220703125000e+03 9.947214355468750000e+02 1.048375732421875000e+03 3.926981389522552490e-01 2.000000000000000000e+00
6.035236816406250000e+02 7.230629272460937500e+02 6.705909423828125000e+02 7.572793579101562500e+02 3.665507733821868896e-01 7.000000000000000000e+00
9.146281127929687500e+02 9.228486328125000000e+02 9.586187133789062500e+02 9.487821655273437500e+02 3.271997272968292236e-01 2.000000000000000000e+00
1.079725219726562500e+03 1.007801452636718750e+03 1.119202636718750000e+03 1.043387939453125000e+03 3.026208281517028809e-01 2.000000000000000000e+00
9.197054443359375000e+02 9.907628173828125000e+02 9.732552490234375000e+02 1.020723937988281250e+03 3.025718033313751221e-01 2.000000000000000000e+00
9.333341064453125000e+02 1.024413330078125000e+03 9.998988037109375000e+02 1.050000000000000000e+03 2.994459569454193115e-01 2.000000000000000000e+00
9.272899780273437500e+02 9.379580688476562500e+02 9.677122802734375000e+02 9.688358154296875000e+02 2.994329333305358887e-01 2.000000000000000000e+00
6.699231567382812500e+02 7.921489868164062500e+02 7.026185302734375000e+02 8.071187133789062500e+02 2.968147695064544678e-01 2.000000000000000000e+00
9.086875000000000000e+02 8.937547607421875000e+02 9.377117919921875000e+02 9.186340942382812500e+02 2.879934608936309814e-01 2.000000000000000000e+00
9.383588256835937500e+02 9.735929565429687500e+02 9.941968383789062500e+02 1.018662353515625000e+03 2.660187482833862305e-01 2.000000000000000000e+00
