7.899929809570312500e+02 4.031903686523437500e+02 8.660359497070312500e+02 5.377261352539062500e+02 7.948886156082153320e-01 2.000000000000000000e+00
9.061029663085937500e+02 2.827337036132812500e+02 9.813585205078125000e+02 3.943865966796875000e+02 7.406287789344787598e-01 2.000000000000000000e+00
7.094462280273437500e+02 2.680658874511718750e+02 7.699083251953125000e+02 3.730943908691406250e+02 7.387773394584655762e-01 2.000000000000000000e+00
7.113098144531250000e+02 6.139838867187500000e+02 7.954413452148437500e+02 7.887850952148437500e+02 7.239430546760559082e-01 6.700000000000000000e+01
7.632948608398437500e+02 1.636360931396484375e+02 8.154876098632812500e+02 2.358421783447265625e+02 6.684244275093078613e-01 2.000000000000000000e+00
3.657725524902343750e+02 3.501883544921875000e+02 5.135824584960937500e+02 4.390200195312500000e+02 6.280080676078796387e-01 2.000000000000000000e+00
8.681824340820312500e+02 1.036732025146484375e+02 9.273043212890625000e+02 1.731305236816406250e+02 6.126391887664794922e-01 2.000000000000000000e+00
4.732935485839843750e+02 5.367753295898437500e+02 5.575916748046875000e+02 7.136100463867187500e+02 6.020756959915161133e-01 2.000000000000000000e+00
7.113588256835937500e+02 6.155424804687500000e+02 7.954878540039062500e+02 7.908618164062500000e+02 4.924602806568145752e-01 2.000000000000000000e+00
7.056755981445312500e+02 9.726448822021484375e+01 7.514283447265625000e+02 1.726321868896484375e+02 4.152924120426177979e-01 2.000000000000000000e+00
4.295845336914062500e+02 4.918329162597656250e+02 4.554996032714843750e+02 5.581359863281250000e+02 4.109434485435485840e-01 0.000000000000000000e+00
7.044421997070312500e+02 1.672088165283203125e+02 7.554596557617187500e+02 2.618210144042968750e+02 4.062037765979766846e-01 2.000000000000000000e+00
5.498914794921875000e+02 1.324599914550781250e+02 6.064301757812500000e+02 2.130141143798828125e+02 3.770145475864410400e-01 2.000000000000000000e+00
7.455372924804687500e+02 1.844981312751770020e+00 7.935408935546875000e+02 1.051206817626953125e+02 2.561167776584625244e-01 2.000000000000000000e+00
4.076050415039062500e+02 7.710974731445312500e+02 4.559634399414062500e+02 8.514332275390625000e+02 2.561032474040985107e-01 0.000000000000000000e+00
