9.875105590820312500e+02 4.267569580078125000e+02 1.129392822265625000e+03 5.300579833984375000e+02 9.146736264228820801e-01 2.000000000000000000e+00
8.021994628906250000e+02 5.180077514648437500e+02 9.614241943359375000e+02 6.139420166015625000e+02 8.874049186706542969e-01 2.000000000000000000e+00
9.861460571289062500e+02 7.229155883789062500e+02 1.168396972656250000e+03 8.554136962890625000e+02 8.749971389770507812e-01 2.000000000000000000e+00
1.136792358398437500e+03 3.696418151855468750e+02 1.254754760742187500e+03 4.501108093261718750e+02 8.648186922073364258e-01 2.000000000000000000e+00
7.834134521484375000e+02 4.459195861816406250e+02 9.160959472656250000e+02 5.372520751953125000e+02 8.369050025939941406e-01 2.000000000000000000e+00
1.250123291015625000e+03 3.177474975585937500e+02 1.354777954101562500e+03 3.944658813476562500e+02 8.251981735229492188e-01 2.000000000000000000e+00
3.790741882324218750e+02 4.789346008300781250e+02 4.948813171386718750e+02 5.708778076171875000e+02 6.973653435707092285e-01 2.000000000000000000e+00
8.342586059570312500e+02 6.182142944335937500e+02 1.054074951171875000e+03 7.156470947265625000e+02 6.727730631828308105e-01 2.000000000000000000e+00
5.507559204101562500e+02 5.939732666015625000e+02 7.187944946289062500e+02 6.849227294921875000e+02 6.717897057533264160e-01 2.000000000000000000e+00
1.020643981933593750e+03 8.475753173828125000e+02 1.212322509765625000e+03 1.026958251953125000e+03 6.625176668167114258e-01 2.000000000000000000e+00
1.019704528808593750e+03 8.485645141601562500e+02 1.211781860351562500e+03 1.026621215820312500e+03 6.461488008499145508e-01 6.700000000000000000e+01
2.171307525634765625e+02 6.398012695312500000e+02 3.130584716796875000e+02 8.083697509765625000e+02 6.429460644721984863e-01 2.000000000000000000e+00
9.066939086914062500e+02 2.406506500244140625e+02 1.000151855468750000e+03 3.289428100585937500e+02 6.374146938323974609e-01 2.000000000000000000e+00
4.855745849609375000e+02 2.501952819824218750e+02 5.951765136718750000e+02 3.256359252929687500e+02 6.229847073554992676e-01 2.000000000000000000e+00
5.568222045898437500e+02 2.772201843261718750e+02 6.455725708007812500e+02 3.671325073242187500e+02 6.193798184394836426e-01 2.000000000000000000e+00
8.608040161132812500e+02 2.767923583984375000e+02 9.580802001953125000e+02 3.744851684570312500e+02 6.099357008934020996e-01 2.000000000000000000e+00
1.206015869140625000e+03 7.560236816406250000e+02 1.399383422851562500e+03 9.388627319335937500e+02 5.961436033248901367e-01 2.000000000000000000e+00
4.214758300781250000e+02 8.524116210937500000e+02 6.210580444335937500e+02 1.049784545898437500e+03 5.866997838020324707e-01 2.000000000000000000e+00
7.926630249023437500e+02 3.043938293457031250e+02 8.521082763671875000e+02 3.855002136230468750e+02 5.821086764335632324e-01 2.000000000000000000e+00
4.463162841796875000e+02 2.618042907714843750e+02 4.661115417480468750e+02 3.056743774414062500e+02 5.532550811767578125e-01 0.000000000000000000e+00
1.355221557617187500e+03 2.777439575195312500e+02 1.399621459960937500e+03 3.387228088378906250e+02 5.253187417984008789e-01 2.000000000000000000e+00
4.549635009765625000e+02 3.200874938964843750e+02 4.782485046386718750e+02 3.609549865722656250e+02 5.019182562828063965e-01 0.000000000000000000e+00
6.443027954101562500e+02 2.934005432128906250e+02 7.179302368164062500e+02 3.765479736328125000e+02 4.869909882545471191e-01 2.000000000000000000e+00
7.222086181640625000e+02 3.097419738769531250e+02 7.801326904296875000e+02 3.877346801757812500e+02 4.800154864788055420e-01 2.000000000000000000e+00
9.609177246093750000e+02 2.198853912353515625e+02 1.027961914062500000e+03 2.857417297363281250e+02 3.686957955360412598e-01 2.000000000000000000e+00
5.908773193359375000e+02 3.437091674804687500e+02 6.107529907226562500e+02 3.976379699707031250e+02 2.885842323303222656e-01 0.000000000000000000e+00
4.930898132324218750e+02 1.532920379638671875e+02 5.621563110351562500e+02 2.146234588623046875e+02 2.827349603176116943e-01 2.000000000000000000e+00
7.037678222656250000e+02 3.827533874511718750e+02 7.242354736328125000e+02 4.338398742675781250e+02 2.652615308761596680e-01 0.000000000000000000e+00
1.343767089843750000e+03 7.298425292968750000e+02 1.399413696289062500e+03 7.961433715820312500e+02 2.636785805225372314e-01 2.000000000000000000e+00
