8.763623657226562500e+02 4.900303955078125000e+02 1.080600830078125000e+03 6.176633300781250000e+02 8.080999851226806641e-01 2.000000000000000000e+00
6.581671752929687500e+02 4.718925781250000000e+02 8.392326049804687500e+02 5.586668090820312500e+02 7.317218184471130371e-01 2.000000000000000000e+00
1.131007446289062500e+03 2.870065002441406250e+02 1.330883911132812500e+03 4.241415405273437500e+02 7.068521380424499512e-01 2.000000000000000000e+00
1.732760162353515625e+02 1.757616996765136719e+00 2.684002685546875000e+02 1.499863281250000000e+02 4.817796647548675537e-01 2.800000000000000000e+01
1.150675170898437500e+03 5.234556884765625000e+02 1.368983276367187500e+03 6.449056396484375000e+02 4.676926732063293457e-01 2.000000000000000000e+00
5.496338653564453125e+01 0.000000000000000000e+00 1.512221984863281250e+02 1.229971084594726562e+02 4.206420779228210449e-01 0.000000000000000000e+00
1.171755615234375000e+03 2.560514211654663086e-01 1.335078491210937500e+03 9.613285827636718750e+01 4.182448685169219971e-01 2.000000000000000000e+00
6.709031372070312500e+02 9.295551300048828125e+01 7.618053588867187500e+02 2.235522918701171875e+02 3.506011962890625000e-01 2.000000000000000000e+00
1.486688537597656250e+02 7.657002563476562500e+02 3.580770263671875000e+02 9.467167968750000000e+02 3.252183496952056885e-01 2.800000000000000000e+01
5.826276855468750000e+02 1.438258886337280273e+00 6.772239990234375000e+02 1.464040222167968750e+02 3.225447535514831543e-01 2.000000000000000000e+00
2.823786315917968750e+02 9.565513916015625000e+02 3.848187561035156250e+02 1.049650756835937500e+03 3.042103648185729980e-01 2.800000000000000000e+01
8.548242187500000000e+02 1.173729553222656250e+02 9.701551513671875000e+02 2.995092773437500000e+02 2.849398553371429443e-01 2.000000000000000000e+00
1.121424804687500000e+03 6.088108520507812500e+02 1.385889160156250000e+03 8.520181884765625000e+02 2.823757231235504150e-01 4.000000000000000000e+00
5.867763671875000000e+02 1.657767791748046875e+02 6.181139526367187500e+02 2.108826446533203125e+02 2.615939676761627197e-01 0.000000000000000000e+00
8.558417358398437500e+02 1.178508911132812500e+02 9.712030029296875000e+02 2.987331237792968750e+02 2.551774978637695312e-01 2.800000000000000000e+01
1.328318481445312500e+03 2.725597839355468750e+02 1.399859252929687500e+03 3.705317077636718750e+02 2.526514232158660889e-01 2.000000000000000000e+00
