2.893974781036376953e+00 0.000000000000000000e+00 5.107886657714843750e+02 3.241438598632812500e+02 6.581806540489196777e-01 7.000000000000000000e+00
2.609678344726562500e+02 4.684361572265625000e+02 3.130760192871093750e+02 4.986449890136718750e+02 5.992056727409362793e-01 2.000000000000000000e+00
3.005865287780761719e+01 4.429085693359375000e+02 7.172286987304687500e+01 4.617596130371093750e+02 4.847054779529571533e-01 2.000000000000000000e+00
3.585243530273437500e+02 6.275012207031250000e+02 3.863125000000000000e+02 6.678637084960937500e+02 4.580907225608825684e-01 2.000000000000000000e+00
3.044031066894531250e+02 3.582630310058593750e+02 3.329862060546875000e+02 3.831346435546875000e+02 3.997478187084197998e-01 2.000000000000000000e+00
4.560161437988281250e+02 0.000000000000000000e+00 5.739909667968750000e+02 1.091392517089843750e+02 3.931686878204345703e-01 2.000000000000000000e+00
1.999873962402343750e+02 3.480581054687500000e+02 2.405287475585937500e+02 3.699801635742187500e+02 3.453710377216339111e-01 2.000000000000000000e+00
3.089360656738281250e+02 6.279527587890625000e+02 3.440570373535156250e+02 6.705660400390625000e+02 3.374178409576416016e-01 2.000000000000000000e+00
6.624186635017395020e-01 2.360242919921875000e+02 1.273400878906250000e+01 2.642008056640625000e+02 3.207811117172241211e-01 9.000000000000000000e+00
9.689437255859375000e+02 2.612801170349121094e+01 1.397957519531250000e+03 5.044422607421875000e+02 2.873650789260864258e-01 7.000000000000000000e+00
7.904634399414062500e+02 2.818764648437500000e+02 8.116865844726562500e+02 3.223146667480468750e+02 2.740006148815155029e-01 2.000000000000000000e+00
2.454311828613281250e+02 6.726829223632812500e+02 2.781446533203125000e+02 7.044513549804687500e+02 2.661079764366149902e-01 2.000000000000000000e+00
7.132750854492187500e+02 2.746680259704589844e+01 7.337709960937500000e+02 5.036398696899414062e+01 2.642332911491394043e-01 2.000000000000000000e+00
3.330703735351562500e+02 6.846577148437500000e+02 3.642274169921875000e+02 7.220589599609375000e+02 2.519617080688476562e-01 2.000000000000000000e+00
