1.040944091796875000e+03 5.468737792968750000e+02 1.101388549804687500e+03 6.006998901367187500e+02 8.772767782211303711e-01 2.000000000000000000e+00
7.062264404296875000e+02 5.344669799804687500e+02 7.470464477539062500e+02 5.812725830078125000e+02 7.789829969406127930e-01 2.000000000000000000e+00
8.349685058593750000e+02 4.312630920410156250e+02 8.676417236328125000e+02 4.684846496582031250e+02 7.760197520256042480e-01 2.000000000000000000e+00
7.828608398437500000e+02 4.137329101562500000e+02 8.149643554687500000e+02 4.472708435058593750e+02 7.561265230178833008e-01 2.000000000000000000e+00
9.637662353515625000e+02 3.973568115234375000e+02 9.916826171875000000e+02 4.170613403320312500e+02 7.204350829124450684e-01 2.000000000000000000e+00
6.645529174804687500e+02 3.568531188964843750e+02 6.908962402343750000e+02 3.780569458007812500e+02 6.751496195793151855e-01 2.000000000000000000e+00
8.004898071289062500e+02 3.526062316894531250e+02 8.306702270507812500e+02 3.822333984375000000e+02 6.276852488517761230e-01 2.000000000000000000e+00
8.750733642578125000e+02 7.125173339843750000e+02 9.434531860351562500e+02 7.863524780273437500e+02 5.442960858345031738e-01 2.000000000000000000e+00
8.887548217773437500e+02 3.491435241699218750e+02 9.061114501953125000e+02 3.648023071289062500e+02 5.408470034599304199e-01 2.000000000000000000e+00
6.484846801757812500e+02 6.347671508789062500e+02 7.013404541015625000e+02 6.943878784179687500e+02 5.391013622283935547e-01 2.000000000000000000e+00
7.704486846923828125e+01 5.406129760742187500e+02 1.566806945800781250e+02 5.707638549804687500e+02 5.150562524795532227e-01 2.000000000000000000e+00
6.979187011718750000e+02 3.967632141113281250e+02 7.264884033203125000e+02 4.287088623046875000e+02 4.825480282306671143e-01 2.000000000000000000e+00
5.694188232421875000e+02 4.061568908691406250e+02 5.981850585937500000e+02 4.338010559082031250e+02 4.733501374721527100e-01 2.000000000000000000e+00
5.313637084960937500e+02 3.632075805664062500e+02 5.555198974609375000e+02 3.830420837402343750e+02 4.725828766822814941e-01 2.000000000000000000e+00
2.208814544677734375e+02 5.654802856445312500e+02 2.662084960937500000e+02 5.862338867187500000e+02 4.596038758754730225e-01 2.000000000000000000e+00
8.409453735351562500e+02 3.123947448730468750e+02 8.587069091796875000e+02 3.288993835449218750e+02 4.476132392883300781e-01 2.000000000000000000e+00
7.880416870117187500e+02 3.148349609375000000e+02 8.126478271484375000e+02 3.405307617187500000e+02 4.473991692066192627e-01 2.000000000000000000e+00
6.542525024414062500e+02 3.176470336914062500e+02 6.729354248046875000e+02 3.362850341796875000e+02 4.200398921966552734e-01 2.000000000000000000e+00
6.203020629882812500e+02 7.188071899414062500e+02 7.042704467773437500e+02 7.880000000000000000e+02 4.161497652530670166e-01 7.000000000000000000e+00
6.515162353515625000e+02 6.374712524414062500e+02 6.991304321289062500e+02 6.885628051757812500e+02 3.913599550724029541e-01 7.000000000000000000e+00
7.526467895507812500e+02 3.006317749023437500e+02 7.771968994140625000e+02 3.215086975097656250e+02 3.762465715408325195e-01 2.000000000000000000e+00
7.128315429687500000e+02 3.222206726074218750e+02 7.379135742187500000e+02 3.501005249023437500e+02 3.728609383106231689e-01 2.000000000000000000e+00
1.247887573242187500e+03 5.470102539062500000e+02 1.361091186523437500e+03 5.935473632812500000e+02 3.415179848670959473e-01 2.000000000000000000e+00
9.196204833984375000e+02 2.977773132324218750e+02 9.614912719726562500e+02 3.198681945800781250e+02 2.879834175109863281e-01 2.000000000000000000e+00
8.057182617187500000e+02 2.802461547851562500e+02 8.284972534179687500e+02 3.055163574218750000e+02 2.611245810985565186e-01 2.000000000000000000e+00
