9.419800415039062500e+02 4.903040771484375000e+02 9.903721923828125000e+02 5.410169067382812500e+02 8.021814227104187012e-01 2.000000000000000000e+00
1.044589599609375000e+03 8.918087158203125000e+02 1.148372558593750000e+03 1.022494201660156250e+03 7.536043524742126465e-01 2.000000000000000000e+00
9.365678710937500000e+02 7.024048461914062500e+02 1.005342346191406250e+03 7.927715454101562500e+02 6.998763084411621094e-01 2.000000000000000000e+00
1.011794250488281250e+03 7.136513671875000000e+02 1.084743164062500000e+03 8.183967895507812500e+02 6.689561009407043457e-01 2.000000000000000000e+00
9.207609252929687500e+02 4.486186828613281250e+02 9.649206542968750000e+02 4.885637207031250000e+02 5.753090381622314453e-01 2.000000000000000000e+00
2.075333862304687500e+02 8.707269287109375000e+02 2.579797973632812500e+02 8.965256347656250000e+02 5.643326640129089355e-01 2.000000000000000000e+00
3.062596435546875000e+02 6.712711791992187500e+02 3.579988708496093750e+02 7.143432006835937500e+02 4.420832097530364990e-01 2.000000000000000000e+00
1.621031761169433594e-01 1.755427398681640625e+02 3.182043457031250000e+02 9.979028320312500000e+02 4.382573366165161133e-01 5.000000000000000000e+00
1.330027221679687500e+03 5.061521911621093750e+01 1.392571777343750000e+03 1.060887832641601562e+02 4.356178641319274902e-01 4.000000000000000000e+00
3.473366394042968750e+02 6.783171997070312500e+02 4.096683959960937500e+02 7.699654541015625000e+02 3.580574095249176025e-01 2.000000000000000000e+00
9.190158691406250000e+02 4.124875488281250000e+02 9.617194213867187500e+02 4.470176391601562500e+02 3.227174580097198486e-01 2.000000000000000000e+00
9.622075195312500000e+02 6.147236938476562500e+02 1.040694946289062500e+03 7.100444335937500000e+02 3.153886795043945312e-01 5.000000000000000000e+00
1.255758911132812500e+03 5.572378158569335938e+00 1.328968017578125000e+03 5.081805801391601562e+01 2.681200802326202393e-01 4.000000000000000000e+00
9.433890380859375000e+02 7.121727294921875000e+02 1.077494750976562500e+03 8.113466796875000000e+02 2.500327229499816895e-01 2.000000000000000000e+00
