3.823853759765625000e+02 5.322630004882812500e+02 4.272907409667968750e+02 5.887972412109375000e+02 6.562020182609558105e-01 2.000000000000000000e+00
7.040281982421875000e+02 4.533180541992187500e+02 7.500748901367187500e+02 4.868792419433593750e+02 6.551005244255065918e-01 2.000000000000000000e+00
2.334550666809082031e+01 1.833766479492187500e+02 5.534529495239257812e+01 2.094367828369140625e+02 6.448127627372741699e-01 2.000000000000000000e+00
4.318122558593750000e+02 6.271023559570312500e+02 5.019968261718750000e+02 6.949387207031250000e+02 6.312995553016662598e-01 2.000000000000000000e+00
6.988497314453125000e+02 5.537663574218750000e+02 7.917324829101562500e+02 6.861777954101562500e+02 5.826067924499511719e-01 5.000000000000000000e+00
2.350724411010742188e+01 1.292084655761718750e+02 5.040425872802734375e+01 1.552380828857421875e+02 5.603916049003601074e-01 2.000000000000000000e+00
8.698225097656250000e+02 3.106607666015625000e+02 8.981669311523437500e+02 3.368098449707031250e+02 5.055386424064636230e-01 2.000000000000000000e+00
1.019106292724609375e+02 8.919960784912109375e+01 1.273487548828125000e+02 1.097014083862304688e+02 4.699260294437408447e-01 2.000000000000000000e+00
1.984609069824218750e+02 3.392097167968750000e+02 2.314778442382812500e+02 3.670610351562500000e+02 4.275151193141937256e-01 2.000000000000000000e+00
5.731080932617187500e+02 2.805386657714843750e+02 6.974395141601562500e+02 3.772086181640625000e+02 4.160946607589721680e-01 5.000000000000000000e+00
5.611392211914062500e+02 4.082259826660156250e+02 5.884053955078125000e+02 4.233497619628906250e+02 3.778082132339477539e-01 2.000000000000000000e+00
1.204024291992187500e+03 3.287292785644531250e+02 1.232285400390625000e+03 3.667373657226562500e+02 3.582236766815185547e-01 2.000000000000000000e+00
1.224632568359375000e+03 3.464256591796875000e+02 1.263016601562500000e+03 4.125586853027343750e+02 3.253505527973175049e-01 7.000000000000000000e+00
1.232952636718750000e+03 4.934642944335937500e+02 1.268182250976562500e+03 5.582326049804687500e+02 2.872612178325653076e-01 2.000000000000000000e+00
5.849911499023437500e+02 4.150606384277343750e+02 6.840600585937500000e+02 4.908154296875000000e+02 2.867952287197113037e-01 5.000000000000000000e+00
2.350398559570312500e+02 7.108940429687500000e+02 2.801553039550781250e+02 7.513607788085937500e+02 2.806819379329681396e-01 2.000000000000000000e+00
5.561786499023437500e+02 5.188872680664062500e+02 7.116976318359375000e+02 7.051906738281250000e+02 2.797541320323944092e-01 5.000000000000000000e+00
