5.784264526367187500e+02 4.058246459960937500e+02 6.878843383789062500e+02 4.869918518066406250e+02 7.907422780990600586e-01 2.000000000000000000e+00
6.447892456054687500e+02 3.058563232421875000e+02 7.400065917968750000e+02 3.711405639648437500e+02 7.505831718444824219e-01 2.000000000000000000e+00
9.307538452148437500e+02 4.183313903808593750e+02 1.011216918945312500e+03 4.658455505371093750e+02 7.045389413833618164e-01 2.000000000000000000e+00
1.566080810546875000e+03 6.537269287109375000e+02 1.682467529296875000e+03 7.141174926757812500e+02 6.677340269088745117e-01 2.000000000000000000e+00
9.548715209960937500e+02 6.283973999023437500e+02 1.063285522460937500e+03 7.736573486328125000e+02 6.516593098640441895e-01 7.000000000000000000e+00
1.437526000976562500e+03 6.020076904296875000e+02 1.545657958984375000e+03 6.621682739257812500e+02 6.494999527931213379e-01 2.000000000000000000e+00
8.346234130859375000e+02 3.815511169433593750e+02 9.099546508789062500e+02 4.267986755371093750e+02 6.423069834709167480e-01 2.000000000000000000e+00
1.324882812500000000e+03 1.084923782348632812e+02 1.394822143554687500e+03 1.496752777099609375e+02 6.150684952735900879e-01 2.000000000000000000e+00
1.520110595703125000e+03 7.541405029296875000e+02 1.702282958984375000e+03 8.987555541992187500e+02 6.017802953720092773e-01 5.000000000000000000e+00
1.741824218750000000e+03 7.153549804687500000e+02 1.874948120117187500e+03 7.918258666992187500e+02 6.015433669090270996e-01 2.000000000000000000e+00
1.178016235351562500e+03 7.821903686523437500e+02 1.308527587890625000e+03 8.892633666992187500e+02 5.684993267059326172e-01 2.000000000000000000e+00
9.238564300537109375e+01 3.181777648925781250e+02 1.844160614013671875e+02 3.795728149414062500e+02 5.134716033935546875e-01 2.000000000000000000e+00
9.500006103515625000e+02 7.879538574218750000e+02 1.076710083007812500e+03 8.855803833007812500e+02 4.934843778610229492e-01 2.000000000000000000e+00
1.058453369140625000e+03 4.585406799316406250e+02 1.132491455078125000e+03 5.048353576660156250e+02 4.912037253379821777e-01 2.000000000000000000e+00
1.324330810546875000e+03 5.626331176757812500e+02 1.428654907226562500e+03 6.189118652343750000e+02 4.779685437679290771e-01 2.000000000000000000e+00
1.179941162109375000e+03 4.845724792480468750e+02 1.298877075195312500e+03 5.761440429687500000e+02 4.216220080852508545e-01 7.000000000000000000e+00
1.685560180664062500e+03 9.259937744140625000e+02 1.898418334960937500e+03 1.071261718750000000e+03 4.158904552459716797e-01 5.000000000000000000e+00
1.690958007812500000e+03 2.579625244140625000e+02 1.794342895507812500e+03 3.308594970703125000e+02 4.127875566482543945e-01 2.000000000000000000e+00
1.813708496093750000e+03 1.865663409233093262e+00 1.895753051757812500e+03 6.265684127807617188e+01 3.983970284461975098e-01 2.000000000000000000e+00
1.685108520507812500e+03 9.279000854492187500e+02 1.893353515625000000e+03 1.072329711914062500e+03 3.873580992221832275e-01 7.000000000000000000e+00
7.957282714843750000e+02 5.652150268554687500e+02 9.046621093750000000e+02 6.325678100585937500e+02 3.827490806579589844e-01 2.000000000000000000e+00
9.474454956054687500e+02 7.895022583007812500e+02 1.077354003906250000e+03 8.859759521484375000e+02 3.670013248920440674e-01 7.000000000000000000e+00
1.437489379882812500e+03 8.746690063476562500e+02 1.623137451171875000e+03 9.784490966796875000e+02 3.361894488334655762e-01 7.000000000000000000e+00
2.901670532226562500e+02 4.027997436523437500e+02 3.850275268554687500e+02 4.642469177246093750e+02 3.273207843303680420e-01 2.000000000000000000e+00
1.643771240234375000e+03 0.000000000000000000e+00 1.747608520507812500e+03 7.107949066162109375e+01 3.249041438102722168e-01 2.000000000000000000e+00
5.406470336914062500e+02 5.059920654296875000e+02 6.399415283203125000e+02 5.720982666015625000e+02 3.149741888046264648e-01 2.000000000000000000e+00
5.542662353515625000e+02 6.645904541015625000e+02 5.762550659179687500e+02 7.113193359375000000e+02 3.067016899585723877e-01 0.000000000000000000e+00
5.320220336914062500e+02 2.808340759277343750e+02 6.315560913085937500e+02 3.346826171875000000e+02 2.949799895286560059e-01 2.000000000000000000e+00
7.928210449218750000e+02 5.688901367187500000e+02 9.036209106445312500e+02 6.483333129882812500e+02 2.917706668376922607e-01 5.000000000000000000e+00
1.435630981445312500e+03 8.726315917968750000e+02 1.628114746093750000e+03 9.792160034179687500e+02 2.897397279739379883e-01 5.000000000000000000e+00
1.180879394531250000e+03 7.850084228515625000e+02 1.309894409179687500e+03 8.886125488281250000e+02 2.753145992755889893e-01 7.000000000000000000e+00
1.440062255859375000e+03 8.727573242187500000e+02 1.635601440429687500e+03 9.846695556640625000e+02 2.723180651664733887e-01 2.000000000000000000e+00
