6.774844360351562500e+02 3.742335815429687500e+02 7.554287109375000000e+02 4.301141662597656250e+02 6.330775618553161621e-01 2.000000000000000000e+00
7.761499633789062500e+02 3.155396423339843750e+02 8.414553222656250000e+02 3.587718505859375000e+02 6.159147024154663086e-01 2.000000000000000000e+00
6.730969848632812500e+02 4.827692565917968750e+02 8.067977905273437500e+02 5.979240722656250000e+02 5.477759242057800293e-01 2.000000000000000000e+00
1.297253906250000000e+03 4.495394287109375000e+02 1.397327758789062500e+03 5.274041748046875000e+02 3.930857777595520020e-01 2.000000000000000000e+00
2.431247234344482422e+00 5.120194091796875000e+02 3.113959655761718750e+02 7.826470947265625000e+02 3.490710556507110596e-01 7.000000000000000000e+00
5.839601440429687500e+02 5.791637573242187500e+02 6.981069335937500000e+02 6.926125488281250000e+02 3.458610773086547852e-01 2.000000000000000000e+00
0.000000000000000000e+00 1.431634826660156250e+02 5.300236206054687500e+02 3.859526367187500000e+02 3.226242363452911377e-01 6.000000000000000000e+00
2.248777618408203125e+02 6.952221679687500000e+02 3.247748413085937500e+02 7.833214111328125000e+02 3.076469302177429199e-01 7.000000000000000000e+00
1.253357910156250000e+03 4.505968627929687500e+02 1.315611938476562500e+03 5.155112304687500000e+02 2.935998439788818359e-01 2.000000000000000000e+00
2.254658508300781250e+02 6.939523315429687500e+02 3.238023376464843750e+02 7.802288208007812500e+02 2.833491265773773193e-01 2.000000000000000000e+00
1.248811035156250000e+03 6.846562500000000000e+02 1.323098754882812500e+03 7.554087524414062500e+02 2.764594852924346924e-01 2.000000000000000000e+00
