6.716555786132812500e+02 8.191600952148437500e+02 8.008082885742187500e+02 9.264317016601562500e+02 7.229473590850830078e-01 2.000000000000000000e+00
3.836702880859375000e+02 3.768390502929687500e+02 5.162106933593750000e+02 4.642090454101562500e+02 6.300643682479858398e-01 2.000000000000000000e+00
1.151394653320312500e+03 2.412798461914062500e+02 1.275053100585937500e+03 3.339382324218750000e+02 4.864080846309661865e-01 2.000000000000000000e+00
7.033692626953125000e+02 4.345101318359375000e+02 8.510685424804687500e+02 5.316754760742187500e+02 4.422269463539123535e-01 2.000000000000000000e+00
4.247896728515625000e+02 3.924821853637695312e+01 4.851573791503906250e+02 8.966971588134765625e+01 4.255735874176025391e-01 2.000000000000000000e+00
1.562253295898437500e+03 0.000000000000000000e+00 1.811562988281250000e+03 2.315740051269531250e+02 4.016897082328796387e-01 7.000000000000000000e+00
5.411692504882812500e+02 6.534288940429687500e+02 7.633500366210937500e+02 8.117195434570312500e+02 3.920401036739349365e-01 7.000000000000000000e+00
5.966271362304687500e+02 7.322079467773437500e+02 7.685515747070312500e+02 8.759300537109375000e+02 3.470304012298583984e-01 2.000000000000000000e+00
1.413974243164062500e+03 0.000000000000000000e+00 1.523739501953125000e+03 3.644482040405273438e+01 2.789435386657714844e-01 2.000000000000000000e+00
1.806659912109375000e+03 5.364182128906250000e+02 1.915924194335937500e+03 6.998263549804687500e+02 2.740277945995330811e-01 2.000000000000000000e+00
4.206524353027343750e+02 1.815961265563964844e+01 5.363359985351562500e+02 8.688185119628906250e+01 2.580465674400329590e-01 2.000000000000000000e+00
