7.695847167968750000e+02 3.252744750976562500e+02 7.955521850585937500e+02 3.559020690917968750e+02 7.242043614387512207e-01 2.000000000000000000e+00
7.826798095703125000e+02 2.808762817382812500e+02 8.070581665039062500e+02 3.101909790039062500e+02 5.068010091781616211e-01 2.000000000000000000e+00
7.629582519531250000e+02 2.389563293457031250e+02 7.825482788085937500e+02 2.618241882324218750e+02 3.996827304363250732e-01 2.000000000000000000e+00
7.008216552734375000e+02 2.049924621582031250e+02 7.323599853515625000e+02 2.573460083007812500e+02 3.870126307010650635e-01 2.000000000000000000e+00
8.139289550781250000e+02 2.353826446533203125e+02 8.418171997070312500e+02 2.664655761718750000e+02 3.464468419551849365e-01 2.000000000000000000e+00
7.057045898437500000e+02 3.351668090820312500e+02 7.453616943359375000e+02 4.159272155761718750e+02 3.051445484161376953e-01 5.000000000000000000e+00
8.364406127929687500e+02 2.815600585937500000e+02 8.939069824218750000e+02 3.461905517578125000e+02 2.923805415630340576e-01 2.000000000000000000e+00
8.360883789062500000e+02 2.810479125976562500e+02 8.944504394531250000e+02 3.487308349609375000e+02 2.870062589645385742e-01 7.000000000000000000e+00
7.956696166992187500e+02 2.251293792724609375e+02 8.397921142578125000e+02 2.662558898925781250e+02 2.597459554672241211e-01 2.000000000000000000e+00
9.335263671875000000e+02 4.532482604980468750e+02 9.837557983398437500e+02 5.354130249023437500e+02 2.532284855842590332e-01 7.000000000000000000e+00
