9.553664550781250000e+02 4.729909667968750000e+02 1.023055725097656250e+03 5.278292236328125000e+02 7.370837330818176270e-01 2.000000000000000000e+00
1.133830566406250000e+03 2.018021697998046875e+02 1.169349243164062500e+03 2.248046569824218750e+02 7.281126976013183594e-01 2.000000000000000000e+00
1.264319824218750000e+03 3.062064514160156250e+02 1.312740234375000000e+03 3.454237670898437500e+02 7.184928655624389648e-01 2.000000000000000000e+00
1.063620483398437500e+03 4.135188293457031250e+02 1.116753662109375000e+03 4.533328247070312500e+02 6.735255718231201172e-01 2.000000000000000000e+00
4.489106750488281250e+02 6.098093261718750000e+02 5.222711791992187500e+02 6.701242065429687500e+02 6.688184738159179688e-01 2.000000000000000000e+00
1.030985595703125000e+03 3.654331054687500000e+02 1.078433715820312500e+03 4.025524291992187500e+02 6.657697558403015137e-01 2.000000000000000000e+00
9.317724609375000000e+01 6.426032104492187500e+02 1.734149017333984375e+02 6.954094848632812500e+02 6.365277171134948730e-01 2.000000000000000000e+00
1.153111572265625000e+03 3.598577270507812500e+02 1.210617797851562500e+03 4.016271057128906250e+02 6.364532113075256348e-01 2.000000000000000000e+00
7.659418334960937500e+02 5.682104492187500000e+02 8.347499389648437500e+02 6.196604003906250000e+02 6.283813118934631348e-01 2.000000000000000000e+00
1.214798706054687500e+03 9.893470764160156250e+01 1.241960327148437500e+03 1.193378219604492188e+02 5.949152708053588867e-01 2.000000000000000000e+00
9.270922851562500000e+02 3.870637207031250000e+02 9.866956787109375000e+02 4.227796325683593750e+02 5.243386626243591309e-01 2.000000000000000000e+00
3.503809509277343750e+02 1.090440444946289062e+02 3.893635559082031250e+02 1.330164794921875000e+02 5.000807642936706543e-01 2.000000000000000000e+00
1.213039794921875000e+03 2.620749816894531250e+02 1.264088256835937500e+03 3.054837341308593750e+02 4.940696060657501221e-01 2.000000000000000000e+00
8.941668701171875000e+02 3.174578552246093750e+02 9.518139648437500000e+02 3.527519836425781250e+02 4.833668768405914307e-01 2.000000000000000000e+00
1.267326736450195312e+02 7.357518005371093750e+01 1.602514038085937500e+02 9.428166198730468750e+01 4.705473482608795166e-01 2.000000000000000000e+00
6.787381591796875000e+02 5.023411254882812500e+02 7.382654418945312500e+02 5.470167846679687500e+02 4.587304592132568359e-01 2.000000000000000000e+00
1.148939819335937500e+03 2.861136474609375000e+02 1.189364746093750000e+03 3.196568908691406250e+02 4.148054122924804688e-01 2.000000000000000000e+00
3.517961883544921875e+01 2.608369255065917969e+01 1.073690872192382812e+02 7.758311462402343750e+01 4.056666195392608643e-01 2.000000000000000000e+00
1.342696044921875000e+03 1.932157897949218750e+02 1.396079833984375000e+03 2.263757171630859375e+02 3.663013577461242676e-01 2.000000000000000000e+00
1.023221618652343750e+03 3.103176574707031250e+02 1.076053344726562500e+03 3.443127441406250000e+02 3.635080158710479736e-01 2.000000000000000000e+00
6.411836547851562500e+02 3.939339904785156250e+02 7.315886230468750000e+02 4.610894470214843750e+02 3.326732218265533447e-01 5.000000000000000000e+00
5.761057128906250000e+02 5.014652099609375000e+02 6.415448608398437500e+02 5.609720458984375000e+02 3.280141055583953857e-01 2.000000000000000000e+00
3.061813049316406250e+02 2.407284088134765625e+02 4.124747924804687500e+02 3.121254882812500000e+02 3.177537620067596436e-01 5.000000000000000000e+00
8.373494873046875000e+02 1.841471710205078125e+02 8.996390380859375000e+02 2.027121887207031250e+02 3.046924769878387451e-01 2.000000000000000000e+00
7.519489746093750000e+02 4.866818847656250000e+02 8.032569580078125000e+02 5.238960571289062500e+02 3.037356138229370117e-01 2.000000000000000000e+00
1.094892578125000000e+03 3.150356750488281250e+02 1.137753540039062500e+03 3.505007019042968750e+02 3.034561574459075928e-01 2.000000000000000000e+00
3.637427062988281250e+02 6.140466308593750000e+02 4.404116210937500000e+02 6.737066040039062500e+02 2.740419507026672363e-01 2.000000000000000000e+00
3.084138183593750000e+02 2.405489654541015625e+02 4.124912414550781250e+02 3.133420715332031250e+02 2.714402675628662109e-01 6.000000000000000000e+00
