1.008025741577148438e+02 3.106903686523437500e+02 2.098902435302734375e+02 3.964973754882812500e+02 7.676377296447753906e-01 2.000000000000000000e+00
9.388682365417480469e+00 4.597575378417968750e+02 9.955547332763671875e+01 5.824452514648437500e+02 6.651971340179443359e-01 2.000000000000000000e+00
3.826258544921875000e+02 3.115856933593750000e+02 4.961861267089843750e+02 3.921282653808593750e+02 5.310888886451721191e-01 2.000000000000000000e+00
2.480306854248046875e+02 2.974855346679687500e+02 3.688838806152343750e+02 3.660423889160156250e+02 4.905727803707122803e-01 2.000000000000000000e+00
5.250161132812500000e+02 2.962724609375000000e+02 6.367355957031250000e+02 3.868900146484375000e+02 4.758063554763793945e-01 7.000000000000000000e+00
1.111423583984375000e+03 3.878112792968750000e+02 1.250451538085937500e+03 4.450639343261718750e+02 4.271281361579895020e-01 2.000000000000000000e+00
1.733458709716796875e+02 6.019698715209960938e+01 1.986313323974609375e+02 8.149390411376953125e+01 4.161797165870666504e-01 2.000000000000000000e+00
6.604398193359375000e+02 3.410980224609375000e+02 7.606386108398437500e+02 3.941576538085937500e+02 3.972379863262176514e-01 2.000000000000000000e+00
6.617294921875000000e+02 3.403506774902343750e+02 7.608540649414062500e+02 3.931456909179687500e+02 3.749196827411651611e-01 7.000000000000000000e+00
9.128352661132812500e+02 3.677260742187500000e+02 1.040462890625000000e+03 4.277969360351562500e+02 3.479348123073577881e-01 7.000000000000000000e+00
7.777194213867187500e+02 3.528412170410156250e+02 8.961580200195312500e+02 4.144504394531250000e+02 3.265038728713989258e-01 2.000000000000000000e+00
7.758958740234375000e+02 3.550702819824218750e+02 8.954307861328125000e+02 4.163419799804687500e+02 3.015643954277038574e-01 7.000000000000000000e+00
