6.519210815429687500e+02 3.364841918945312500e+02 7.495764160156250000e+02 5.416359863281250000e+02 8.400938510894775391e-01 6.700000000000000000e+01
1.216506271362304688e+02 1.988002166748046875e+02 2.503028717041015625e+02 3.670376281738281250e+02 8.139808773994445801e-01 2.000000000000000000e+00
1.543328857421875000e+01 3.596446533203125000e+02 1.710774841308593750e+02 5.651233520507812500e+02 8.075629472732543945e-01 2.000000000000000000e+00
6.875128784179687500e+02 0.000000000000000000e+00 7.593816528320312500e+02 5.232370376586914062e+01 7.722501754760742188e-01 2.000000000000000000e+00
5.145667648315429688e+01 5.526059570312500000e+02 2.221975097656250000e+02 7.929484252929687500e+02 7.696997523307800293e-01 2.000000000000000000e+00
5.758790893554687500e+02 5.937673950195312500e+02 8.536585693359375000e+02 8.885321044921875000e+02 7.238836884498596191e-01 5.800000000000000000e+01
8.764147338867187500e+02 8.292287597656250000e+02 9.978464355468750000e+02 1.050000000000000000e+03 7.021435499191284180e-01 6.700000000000000000e+01
1.348093414306640625e+02 4.553049087524414062e+01 2.595777893066406250e+02 2.062873992919921875e+02 5.588294863700866699e-01 7.000000000000000000e+00
2.272655487060546875e+02 7.477873992919921875e+01 3.336852111816406250e+02 2.385827331542968750e+02 5.557624101638793945e-01 2.000000000000000000e+00
3.613516845703125000e+02 2.321766052246093750e+02 4.027302856445312500e+02 3.036285400390625000e+02 5.450843572616577148e-01 0.000000000000000000e+00
7.327194824218750000e+02 1.482322845458984375e+02 8.808578491210937500e+02 4.672928771972656250e+02 4.223341047763824463e-01 5.800000000000000000e+01
0.000000000000000000e+00 6.324953002929687500e+02 6.067644500732421875e+01 8.620049438476562500e+02 4.155886173248291016e-01 6.700000000000000000e+01
0.000000000000000000e+00 6.314875488281250000e+02 6.019893264770507812e+01 8.627998046875000000e+02 4.069191217422485352e-01 2.000000000000000000e+00
4.026836156845092773e-01 1.832084350585937500e+02 8.259988403320312500e+01 3.178512878417968750e+02 2.652150094509124756e-01 2.000000000000000000e+00
1.021574401855468750e+03 5.134296417236328125e-01 1.129572875976562500e+03 1.570038757324218750e+02 2.609922885894775391e-01 6.200000000000000000e+01
