6.504793701171875000e+02 4.987536010742187500e+02 7.049839477539062500e+02 5.403795166015625000e+02 6.567516326904296875e-01 2.000000000000000000e+00
7.657467651367187500e+02 4.139555358886718750e+02 8.009646606445312500e+02 4.573642578125000000e+02 5.517178177833557129e-01 2.000000000000000000e+00
7.239213256835937500e+02 4.551697692871093750e+02 7.767860717773437500e+02 4.966061706542968750e+02 5.489899516105651855e-01 2.000000000000000000e+00
6.908197631835937500e+02 3.967677612304687500e+02 7.176635131835937500e+02 4.272891540527343750e+02 5.216596722602844238e-01 2.000000000000000000e+00
5.859176635742187500e+02 5.256281738281250000e+02 6.415232543945312500e+02 5.631553955078125000e+02 5.206979513168334961e-01 2.000000000000000000e+00
4.606159057617187500e+02 1.500426635742187500e+02 5.135394287109375000e+02 1.905450286865234375e+02 3.823358714580535889e-01 2.000000000000000000e+00
1.178770019531250000e+03 3.238790588378906250e+02 1.393526000976562500e+03 4.979062194824218750e+02 3.319178223609924316e-01 6.000000000000000000e+00
6.610531005859375000e+02 4.527508239746093750e+02 7.107319335937500000e+02 4.929798278808593750e+02 3.312438726425170898e-01 2.000000000000000000e+00
5.901884765625000000e+02 4.575898742675781250e+02 6.400440673828125000e+02 4.981259765625000000e+02 3.277245759963989258e-01 2.000000000000000000e+00
4.617909851074218750e+02 1.487146911621093750e+02 5.132258911132812500e+02 1.899430694580078125e+02 3.125078976154327393e-01 7.000000000000000000e+00
7.859576416015625000e+02 3.675602722167968750e+02 8.103515014648437500e+02 4.121676330566406250e+02 2.974926531314849854e-01 2.000000000000000000e+00
6.192327880859375000e+02 2.669790039062500000e+02 6.483239746093750000e+02 2.961359558105468750e+02 2.754712700843811035e-01 2.000000000000000000e+00
6.476088867187500000e+02 4.286424560546875000e+02 6.903444213867187500e+02 4.605661315917968750e+02 2.727483212947845459e-01 2.000000000000000000e+00
