3.667255859375000000e+02 3.735796813964843750e+02 3.973255615234375000e+02 3.863461303710937500e+02 5.029185414314270020e-01 2.000000000000000000e+00
5.825312500000000000e+02 5.100841674804687500e+02 6.268265991210937500e+02 5.295623779296875000e+02 4.963403344154357910e-01 2.000000000000000000e+00
3.990286560058593750e+02 3.495778503417968750e+02 4.291554565429687500e+02 3.663385314941406250e+02 4.042080342769622803e-01 2.000000000000000000e+00
9.163812255859375000e+02 3.486923217773437500e+02 9.550977783203125000e+02 3.664677124023437500e+02 3.999425470829010010e-01 2.000000000000000000e+00
8.851687622070312500e+02 5.109002380371093750e+02 9.318851928710937500e+02 5.309808349609375000e+02 3.820464611053466797e-01 2.000000000000000000e+00
6.521650390625000000e+02 5.531641845703125000e+02 6.989135131835937500e+02 5.801338500976562500e+02 3.550815880298614502e-01 2.000000000000000000e+00
9.494514160156250000e+02 3.743142089843750000e+02 9.810068969726562500e+02 3.913115844726562500e+02 3.516601324081420898e-01 2.000000000000000000e+00
8.635578002929687500e+02 5.574234619140625000e+02 9.129688110351562500e+02 5.792961425781250000e+02 3.305687904357910156e-01 2.000000000000000000e+00
1.191905761718750000e+03 3.737813720703125000e+02 1.231816650390625000e+03 3.933739013671875000e+02 3.249725997447967529e-01 2.000000000000000000e+00
1.054883666992187500e+03 5.267668457031250000e+02 1.103599731445312500e+03 5.447839355468750000e+02 2.939688861370086670e-01 2.000000000000000000e+00
7.517372436523437500e+02 5.310620117187500000e+02 7.985234985351562500e+02 5.456913452148437500e+02 2.921192049980163574e-01 2.000000000000000000e+00
6.986805419921875000e+02 3.320527648925781250e+02 7.255585937500000000e+02 3.504352111816406250e+02 2.788746058940887451e-01 2.000000000000000000e+00
