1.485699462890625000e+03 7.284855346679687500e+02 1.593933471679687500e+03 7.924816284179687500e+02 7.069001793861389160e-01 2.000000000000000000e+00
9.499819946289062500e+02 6.468737182617187500e+02 1.033195800781250000e+03 7.035933227539062500e+02 6.938596963882446289e-01 2.000000000000000000e+00
1.209057250976562500e+03 1.673467864990234375e+02 1.272341308593750000e+03 2.210374145507812500e+02 5.897561907768249512e-01 2.000000000000000000e+00
7.346893310546875000e+02 5.865646362304687500e+02 8.819309082031250000e+02 6.686377563476562500e+02 5.762805342674255371e-01 7.000000000000000000e+00
9.734163208007812500e+02 9.036704711914062500e+02 1.097523193359375000e+03 9.804646606445312500e+02 5.512562394142150879e-01 7.000000000000000000e+00
1.036087524414062500e+03 1.016103942871093750e+03 1.171766723632812500e+03 1.078000000000000000e+03 5.491047501564025879e-01 2.000000000000000000e+00
4.789062500000000000e+02 5.807885742187500000e+02 5.624059448242187500e+02 6.204995727539062500e+02 5.317509174346923828e-01 2.000000000000000000e+00
3.229752502441406250e+02 7.283654785156250000e+02 4.580458374023437500e+02 8.014152221679687500e+02 5.276401042938232422e-01 5.000000000000000000e+00
1.088480957031250000e+03 3.794438476562500000e+02 1.161646850585937500e+03 4.272647094726562500e+02 5.206469893455505371e-01 2.000000000000000000e+00
1.119482421875000000e+03 3.270158081054687500e+02 1.189117675781250000e+03 3.729455871582031250e+02 5.094252824783325195e-01 2.000000000000000000e+00
1.152392211914062500e+03 2.305001068115234375e+02 1.238062500000000000e+03 3.071059265136718750e+02 4.969388544559478760e-01 2.000000000000000000e+00
3.235159301757812500e+02 7.288114624023437500e+02 4.603120422363281250e+02 8.031488037109375000e+02 4.458827078342437744e-01 7.000000000000000000e+00
6.761192016601562500e+02 2.072587890625000000e+02 7.427933349609375000e+02 2.492557983398437500e+02 3.726176619529724121e-01 2.000000000000000000e+00
1.092443481445312500e+03 3.463433227539062500e+02 1.172554077148437500e+03 4.205105895996093750e+02 2.867622971534729004e-01 2.000000000000000000e+00
2.284312057495117188e+01 4.822800903320312500e+02 1.461963958740234375e+02 5.488576660156250000e+02 2.753556072711944580e-01 7.000000000000000000e+00
8.490834960937500000e+02 8.816542358398437500e+02 9.230988159179687500e+02 9.341923217773437500e+02 2.577691972255706787e-01 2.000000000000000000e+00
