1.548079956054687500e+03 6.243768920898437500e+02 1.661682739257812500e+03 7.098309936523437500e+02 8.257707357406616211e-01 2.000000000000000000e+00
1.449227050781250000e+03 5.647891845703125000e+02 1.542766723632812500e+03 6.345249633789062500e+02 8.069161772727966309e-01 2.000000000000000000e+00
1.700534912109375000e+03 7.161946411132812500e+02 1.825077392578125000e+03 8.030528564453125000e+02 7.922786474227905273e-01 2.000000000000000000e+00
1.082932373046875000e+03 3.396367187500000000e+02 1.158302978515625000e+03 3.892206726074218750e+02 7.799752950668334961e-01 2.000000000000000000e+00
1.261217895507812500e+03 4.485999450683593750e+02 1.345642700195312500e+03 5.070974731445312500e+02 7.491454482078552246e-01 2.000000000000000000e+00
7.878250122070312500e+02 1.442036743164062500e+02 8.467288208007812500e+02 1.847239074707031250e+02 6.304746270179748535e-01 2.000000000000000000e+00
8.370224609375000000e+02 1.784279937744140625e+02 8.994683837890625000e+02 2.242483215332031250e+02 6.095310449600219727e-01 2.000000000000000000e+00
1.039368041992187500e+03 1.670676116943359375e+02 1.107760009765625000e+03 2.056424713134765625e+02 5.960866212844848633e-01 2.000000000000000000e+00
7.354009399414062500e+02 1.090436782836914062e+02 7.911168823242187500e+02 1.508097229003906250e+02 5.873816609382629395e-01 2.000000000000000000e+00
1.634496154785156250e+02 4.121950912475585938e+01 3.737263793945312500e+02 1.605393371582031250e+02 5.687634348869323730e-01 7.000000000000000000e+00
9.413741455078125000e+02 2.271740570068359375e+02 1.056568115234375000e+03 3.136111755371093750e+02 5.331992506980895996e-01 2.000000000000000000e+00
1.818366943359375000e+03 4.826526184082031250e+02 1.916000000000000000e+03 6.412028808593750000e+02 5.155635476112365723e-01 7.000000000000000000e+00
6.858339233398437500e+02 3.570159606933593750e+02 7.429782104492187500e+02 4.013778381347656250e+02 4.910300672054290771e-01 2.000000000000000000e+00
1.178276733398437500e+03 3.792596130371093750e+02 1.252573974609375000e+03 4.440780944824218750e+02 4.514684379100799561e-01 2.000000000000000000e+00
8.117478027343750000e+02 3.592126464843750000e+02 8.795263671875000000e+02 4.265847167968750000e+02 4.175170361995697021e-01 5.800000000000000000e+01
1.065307373046875000e+03 5.485328979492187500e+02 1.132217407226562500e+03 6.309893188476562500e+02 4.088989496231079102e-01 5.800000000000000000e+01
8.933305053710937500e+02 1.007951965332031250e+03 9.701151733398437500e+02 1.077632202148437500e+03 4.003414809703826904e-01 2.000000000000000000e+00
7.432189331054687500e+02 3.080239562988281250e+02 8.009869995117187500e+02 3.652979736328125000e+02 3.981937766075134277e-01 5.800000000000000000e+01
3.543516845703125000e+02 2.055931854248046875e+02 5.923733520507812500e+02 3.713110351562500000e+02 3.612925708293914795e-01 7.000000000000000000e+00
8.991850585937500000e+02 2.158741912841796875e+02 9.512358398437500000e+02 2.555193634033203125e+02 3.610534369945526123e-01 2.000000000000000000e+00
1.713079345703125000e+03 2.016360015869140625e+02 1.848453002929687500e+03 2.623091735839843750e+02 3.430581688880920410e-01 2.000000000000000000e+00
1.665240600585937500e+03 5.809224853515625000e+02 1.731127929687500000e+03 6.346657104492187500e+02 3.367175161838531494e-01 2.000000000000000000e+00
1.330226928710937500e+03 6.971095581054687500e+02 1.438041015625000000e+03 8.684824829101562500e+02 3.302863538265228271e-01 7.000000000000000000e+00
7.833776245117187500e+02 4.343590698242187500e+02 8.734920043945312500e+02 5.250683593750000000e+02 3.085383474826812744e-01 2.000000000000000000e+00
5.645057983398437500e+02 1.389842834472656250e+02 6.068979492187500000e+02 1.846532287597656250e+02 2.988373637199401855e-01 2.000000000000000000e+00
1.624373535156250000e+03 2.765584716796875000e+02 1.688742553710937500e+03 3.310480346679687500e+02 2.940103113651275635e-01 2.000000000000000000e+00
1.821142822265625000e+03 4.794635620117187500e+02 1.916000000000000000e+03 6.351843261718750000e+02 2.892097532749176025e-01 5.000000000000000000e+00
1.521253173828125000e+03 2.752279968261718750e+02 1.684893798828125000e+03 3.474868469238281250e+02 2.677999138832092285e-01 2.000000000000000000e+00
8.018798217773437500e+02 2.497294616699218750e+02 8.238067016601562500e+02 2.836543273925781250e+02 2.635661661624908447e-01 0.000000000000000000e+00
1.348838623046875000e+03 5.001719665527343750e+02 1.431035522460937500e+03 5.647566528320312500e+02 2.620905041694641113e-01 2.000000000000000000e+00
5.968880615234375000e+02 3.940964508056640625e+01 6.390312500000000000e+02 6.486916351318359375e+01 2.534048259258270264e-01 2.000000000000000000e+00
