3.215231628417968750e+02 9.747081909179687500e+02 4.356119079589843750e+02 1.026750732421875000e+03 5.727735757827758789e-01 2.000000000000000000e+00
1.168820312500000000e+03 1.159179153442382812e+02 1.219594848632812500e+03 1.432825927734375000e+02 5.226526260375976562e-01 2.000000000000000000e+00
6.732066040039062500e+02 5.737952880859375000e+02 7.634416503906250000e+02 6.301353149414062500e+02 5.160846710205078125e-01 2.000000000000000000e+00
7.113659667968750000e+02 4.027749023437500000e+02 7.896059570312500000e+02 4.695818176269531250e+02 4.270807802677154541e-01 2.000000000000000000e+00
1.247981811523437500e+03 1.269633026123046875e+02 1.312301147460937500e+03 1.548934478759765625e+02 4.210954606533050537e-01 2.000000000000000000e+00
1.689769409179687500e+03 1.306222076416015625e+02 1.726157470703125000e+03 1.615712127685546875e+02 4.039872586727142334e-01 2.000000000000000000e+00
8.887257690429687500e+02 5.533831787109375000e+02 9.311504516601562500e+02 6.026350097656250000e+02 3.849676251411437988e-01 2.000000000000000000e+00
1.120178588867187500e+03 1.080655517578125000e+02 1.160638061523437500e+03 1.338709259033203125e+02 3.560148179531097412e-01 2.000000000000000000e+00
6.923322143554687500e+02 4.649631347656250000e+02 7.862293090820312500e+02 5.628902587890625000e+02 3.508138358592987061e-01 2.000000000000000000e+00
8.508583374023437500e+02 4.083329467773437500e+02 8.833733520507812500e+02 4.579231567382812500e+02 3.449760973453521729e-01 2.000000000000000000e+00
9.112224121093750000e+02 2.567146911621093750e+02 9.397921752929687500e+02 2.871936035156250000e+02 3.243840634822845459e-01 2.000000000000000000e+00
8.452271118164062500e+02 1.409352722167968750e+02 9.018743286132812500e+02 1.792513122558593750e+02 3.225531876087188721e-01 2.000000000000000000e+00
1.316613159179687500e+03 1.310849609375000000e+02 1.354047363281250000e+03 1.546458129882812500e+02 3.028745055198669434e-01 2.000000000000000000e+00
1.446747802734375000e+03 1.452916564941406250e+02 1.492405395507812500e+03 1.667781829833984375e+02 3.016074299812316895e-01 2.000000000000000000e+00
1.394923828125000000e+03 2.225512695312500000e+02 1.500367553710937500e+03 2.813356018066406250e+02 2.825951278209686279e-01 7.000000000000000000e+00
1.542674194335937500e+03 2.165514221191406250e+02 1.602229125976562500e+03 2.448114624023437500e+02 2.739371657371520996e-01 2.000000000000000000e+00
1.376506347656250000e+03 5.732269897460937500e+02 1.428448608398437500e+03 6.132601318359375000e+02 2.721372246742248535e-01 2.000000000000000000e+00
