3.110951232910156250e+02 9.385475463867187500e+02 4.681788024902343750e+02 1.057763671875000000e+03 7.881734371185302734e-01 2.000000000000000000e+00
1.179027832031250000e+03 2.917656860351562500e+02 1.285431396484375000e+03 3.584839172363281250e+02 7.668504118919372559e-01 2.000000000000000000e+00
1.323943725585937500e+03 3.192113037109375000e+02 1.418784667968750000e+03 3.829797058105468750e+02 7.587712407112121582e-01 2.000000000000000000e+00
1.001885375976562500e+03 1.782811279296875000e+02 1.138564697265625000e+03 2.962550659179687500e+02 7.572834491729736328e-01 7.000000000000000000e+00
1.512345703125000000e+03 3.072986755371093750e+02 1.600027587890625000e+03 3.718430480957031250e+02 7.514314055442810059e-01 2.000000000000000000e+00
7.657280273437500000e+02 3.398674926757812500e+02 8.652681884765625000e+02 3.999901428222656250e+02 7.457947134971618652e-01 2.000000000000000000e+00
7.259497833251953125e+01 6.288848876953125000e+02 1.825368957519531250e+02 7.130407104492187500e+02 7.086259722709655762e-01 2.000000000000000000e+00
4.881006164550781250e+02 7.363761596679687500e+02 6.216210327148437500e+02 8.357847900390625000e+02 7.060323357582092285e-01 2.000000000000000000e+00
3.257683515548706055e-01 1.379070739746093750e+02 7.637081909179687500e+01 1.848878326416015625e+02 6.765894293785095215e-01 2.000000000000000000e+00
1.167876098632812500e+03 1.629637756347656250e+02 1.257474731445312500e+03 2.232928314208984375e+02 6.741272807121276855e-01 2.000000000000000000e+00
8.674691162109375000e+02 4.736988220214843750e+02 1.005137756347656250e+03 5.862221069335937500e+02 6.137194037437438965e-01 7.000000000000000000e+00
4.156937255859375000e+02 4.883933410644531250e+02 5.222536010742187500e+02 5.634671630859375000e+02 5.607767701148986816e-01 2.000000000000000000e+00
3.309574890136718750e+02 6.897863159179687500e+02 4.022772521972656250e+02 7.705219116210937500e+02 5.522332191467285156e-01 2.000000000000000000e+00
2.486873626708984375e+00 9.543894653320312500e+02 8.879729461669921875e+01 1.057689208984375000e+03 5.333175659179687500e-01 2.000000000000000000e+00
1.585218353271484375e+02 8.503976440429687500e+02 3.535963439941406250e+02 9.666052246093750000e+02 4.937885999679565430e-01 7.000000000000000000e+00
5.213908691406250000e+02 4.471322937011718750e+02 6.295007934570312500e+02 5.093066101074218750e+02 4.742960631847381592e-01 2.000000000000000000e+00
2.167645263671875000e+02 5.278940429687500000e+02 3.661008300781250000e+02 6.574339599609375000e+02 4.445066154003143311e-01 7.000000000000000000e+00
7.564691162109375000e+02 5.687425537109375000e+02 8.698206787109375000e+02 6.517130737304687500e+02 4.166429638862609863e-01 2.000000000000000000e+00
1.490155639648437500e+03 3.301202011108398438e+01 1.556806884765625000e+03 7.505328369140625000e+01 3.898552954196929932e-01 2.000000000000000000e+00
1.497671752929687500e+03 8.704538726806640625e+01 1.575187011718750000e+03 1.365691528320312500e+02 3.762468099594116211e-01 2.000000000000000000e+00
1.317772216796875000e+03 6.890484619140625000e+02 1.910969604492187500e+03 1.070306884765625000e+03 3.171112537384033203e-01 5.000000000000000000e+00
7.522256469726562500e+02 5.659391479492187500e+02 8.699569091796875000e+02 6.690373535156250000e+02 3.098152279853820801e-01 7.000000000000000000e+00
0.000000000000000000e+00 7.110369873046875000e+02 3.335982131958007812e+01 7.556876220703125000e+02 2.683925032615661621e-01 2.000000000000000000e+00
1.136146972656250000e+03 4.356121520996093750e+02 1.191276733398437500e+03 4.769699707031250000e+02 2.529804110527038574e-01 2.000000000000000000e+00
