1.010700256347656250e+03 7.284992065429687500e+02 1.145684448242187500e+03 9.465238037109375000e+02 8.768815994262695312e-01 2.000000000000000000e+00
6.180093383789062500e+02 4.891974182128906250e+02 7.054536743164062500e+02 6.131658935546875000e+02 8.559970259666442871e-01 2.000000000000000000e+00
6.439041748046875000e+02 3.612917175292968750e+02 7.201381225585937500e+02 4.715756835937500000e+02 8.414829969406127930e-01 2.000000000000000000e+00
7.180637207031250000e+02 5.056661376953125000e+02 8.036156005859375000e+02 6.592300415039062500e+02 8.211951255798339844e-01 2.000000000000000000e+00
6.977533569335937500e+02 9.119903564453125000e+02 8.162290649414062500e+02 1.050000000000000000e+03 8.055873513221740723e-01 2.000000000000000000e+00
7.107505493164062500e+02 6.643009643554687500e+02 8.055751953125000000e+02 8.497443237304687500e+02 7.912264466285705566e-01 2.000000000000000000e+00
6.656793212890625000e+02 2.315688323974609375e+02 7.212883300781250000e+02 3.068457946777343750e+02 7.634065151214599609e-01 2.000000000000000000e+00
9.205826416015625000e+02 4.060783081054687500e+02 1.001637329101562500e+03 5.217896728515625000e+02 6.457831263542175293e-01 2.000000000000000000e+00
5.088736877441406250e+02 2.729048156738281250e+02 5.795315551757812500e+02 3.647943725585937500e+02 6.417089700698852539e-01 2.000000000000000000e+00
1.067143554687500000e+03 1.007449035644531250e+03 1.179341796875000000e+03 1.049837402343750000e+03 6.239568591117858887e-01 2.000000000000000000e+00
8.840640869140625000e+02 2.411361541748046875e+02 9.579505615234375000e+02 3.423167724609375000e+02 6.183549761772155762e-01 2.000000000000000000e+00
6.801276245117187500e+02 1.137980346679687500e+02 7.237784423828125000e+02 1.642815093994140625e+02 6.023941636085510254e-01 2.000000000000000000e+00
7.200510253906250000e+02 2.376660461425781250e+02 7.814361572265625000e+02 3.760543212890625000e+02 5.726789832115173340e-01 2.000000000000000000e+00
8.397960815429687500e+02 4.847198181152343750e+02 9.122905273437500000e+02 6.317302246093750000e+02 4.759985208511352539e-01 2.000000000000000000e+00
9.524404296875000000e+02 5.966263427734375000e+02 1.066850830078125000e+03 7.119655761718750000e+02 4.703003764152526855e-01 2.000000000000000000e+00
7.242976684570312500e+02 6.349360656738281250e+01 7.767042236328125000e+02 1.571919860839843750e+02 4.145876467227935791e-01 2.000000000000000000e+00
5.750839843750000000e+02 1.433877410888671875e+02 6.249884643554687500e+02 2.017767944335937500e+02 4.044452309608459473e-01 2.000000000000000000e+00
7.100288085937500000e+02 6.598187255859375000e+02 8.071848144531250000e+02 8.555381469726562500e+02 3.844951093196868896e-01 6.700000000000000000e+01
8.163504028320312500e+02 0.000000000000000000e+00 8.536691284179687500e+02 4.522955322265625000e+01 3.832318782806396484e-01 2.000000000000000000e+00
7.232964477539062500e+02 2.233662261962890625e+02 7.798601074218750000e+02 2.981518859863281250e+02 3.591441512107849121e-01 2.000000000000000000e+00
9.237296142578125000e+02 1.939079284667968750e+02 9.446636352539062500e+02 2.423972167968750000e+02 3.577492237091064453e-01 0.000000000000000000e+00
7.239737548828125000e+02 1.738272247314453125e+02 7.717921142578125000e+02 2.334052276611328125e+02 3.572565913200378418e-01 2.000000000000000000e+00
6.946428833007812500e+02 3.689879179000854492e+00 7.512575073242187500e+02 5.345547103881835938e+01 3.276658952236175537e-01 2.000000000000000000e+00
