4.968589477539062500e+02 5.210494384765625000e+02 5.716257934570312500e+02 5.614792480468750000e+02 6.585274934768676758e-01 2.000000000000000000e+00
4.449489116668701172e+00 7.924800415039062500e+02 4.074745178222656250e+02 1.071071411132812500e+03 6.232959628105163574e-01 5.000000000000000000e+00
8.083634643554687500e+02 6.428014526367187500e+02 8.839227905273437500e+02 6.881071777343750000e+02 6.156236529350280762e-01 2.000000000000000000e+00
2.824992370605468750e+02 6.417756347656250000e+02 3.748996582031250000e+02 6.961857299804687500e+02 5.887082815170288086e-01 2.000000000000000000e+00
3.854744338989257812e+01 5.161801147460937500e+02 1.134823760986328125e+02 5.645203857421875000e+02 5.600723028182983398e-01 2.000000000000000000e+00
2.385735626220703125e+02 6.071035766601562500e+02 3.111560974121093750e+02 6.519248657226562500e+02 5.529623627662658691e-01 2.000000000000000000e+00
6.825868530273437500e+02 3.600794982910156250e+02 7.522262573242187500e+02 4.099485168457031250e+02 5.446508526802062988e-01 2.000000000000000000e+00
8.581864013671875000e+02 2.839773864746093750e+02 9.218505249023437500e+02 3.207406921386718750e+02 4.810909926891326904e-01 2.000000000000000000e+00
4.318107604980468750e+02 7.277490844726562500e+02 5.189809570312500000e+02 7.725441894531250000e+02 4.407007992267608643e-01 2.000000000000000000e+00
1.051408935546875000e+03 3.710677795410156250e+02 1.089985839843750000e+03 4.034316711425781250e+02 4.155507683753967285e-01 2.000000000000000000e+00
1.242566284179687500e+03 4.832527160644531250e+02 1.278724121093750000e+03 5.280590820312500000e+02 3.362805545330047607e-01 2.000000000000000000e+00
0.000000000000000000e+00 6.866809692382812500e+02 3.243971557617187500e+02 9.068317871093750000e+02 3.296959400177001953e-01 7.000000000000000000e+00
5.161497802734375000e+02 1.026610351562500000e+03 6.048025512695312500e+02 1.075819458007812500e+03 3.191676139831542969e-01 2.000000000000000000e+00
6.514902954101562500e+02 6.466479492187500000e+02 7.014132690429687500e+02 7.071268310546875000e+02 3.076200187206268311e-01 2.000000000000000000e+00
1.042779174804687500e+03 5.438929367065429688e+01 1.081970214843750000e+03 8.252572631835937500e+01 2.816108763217926025e-01 2.000000000000000000e+00
1.684509155273437500e+03 3.021673278808593750e+02 1.724038940429687500e+03 3.345097656250000000e+02 2.771674394607543945e-01 2.000000000000000000e+00
1.588836914062500000e+03 6.794528808593750000e+02 1.652469726562500000e+03 7.260324096679687500e+02 2.769218087196350098e-01 2.000000000000000000e+00
5.600999145507812500e+02 4.363375549316406250e+02 6.298623046875000000e+02 4.780344543457031250e+02 2.715547382831573486e-01 2.000000000000000000e+00
1.301186401367187500e+03 5.186558837890625000e+02 1.337980468750000000e+03 5.606124267578125000e+02 2.695369422435760498e-01 2.000000000000000000e+00
1.628595581054687500e+03 2.397926025390625000e+02 1.676854492187500000e+03 2.773200683593750000e+02 2.693602442741394043e-01 2.000000000000000000e+00
1.257584190368652344e+01 1.752537689208984375e+02 4.905322570800781250e+02 6.358557128906250000e+02 2.674572765827178955e-01 7.000000000000000000e+00
3.835648498535156250e+02 9.332107543945312500e+02 4.747519836425781250e+02 1.001145690917968750e+03 2.620378434658050537e-01 2.000000000000000000e+00
1.735602294921875000e+03 6.638646850585937500e+02 1.914004150390625000e+03 7.864957275390625000e+02 2.565870881080627441e-01 5.000000000000000000e+00
