1.339737091064453125e+02 7.414004516601562500e+01 2.024255371093750000e+02 1.219208526611328125e+02 6.419132351875305176e-01 2.000000000000000000e+00
8.398217163085937500e+02 6.362560424804687500e+02 9.521675415039062500e+02 7.204182739257812500e+02 5.987858176231384277e-01 2.000000000000000000e+00
7.595737304687500000e+02 2.072727966308593750e+02 7.973551025390625000e+02 2.408644256591796875e+02 5.458443164825439453e-01 2.000000000000000000e+00
6.927092285156250000e+02 5.895012817382812500e+02 7.425489501953125000e+02 6.342528686523437500e+02 5.250088572502136230e-01 2.000000000000000000e+00
9.975321044921875000e+02 7.467273559570312500e+02 1.052355224609375000e+03 7.870427246093750000e+02 5.171849727630615234e-01 2.000000000000000000e+00
7.901246337890625000e+02 6.426740112304687500e+02 8.329312133789062500e+02 6.799433593750000000e+02 3.955155014991760254e-01 2.000000000000000000e+00
9.539401855468750000e+02 7.249550170898437500e+02 9.975681762695312500e+02 7.575422973632812500e+02 3.725431859493255615e-01 2.000000000000000000e+00
7.653521118164062500e+02 2.111612091064453125e+02 8.187463989257812500e+02 2.490921783447265625e+02 3.461983501911163330e-01 2.000000000000000000e+00
5.478486328125000000e+02 3.213012390136718750e+02 8.755506591796875000e+02 4.992472534179687500e+02 3.015124797821044922e-01 5.000000000000000000e+00
7.842478637695312500e+02 2.151308288574218750e+02 8.282400512695312500e+02 2.560135498046875000e+02 2.979558110237121582e-01 2.000000000000000000e+00
1.299387817382812500e+02 3.199385681152343750e+02 3.133906555175781250e+02 5.060930175781250000e+02 2.553853392601013184e-01 7.000000000000000000e+00
