7.921694335937500000e+02 3.576416625976562500e+02 9.428258056640625000e+02 4.619461059570312500e+02 8.481257557868957520e-01 2.000000000000000000e+00
6.360605468750000000e+02 2.316882171630859375e+02 7.196483154296875000e+02 2.814958190917968750e+02 8.088592886924743652e-01 2.000000000000000000e+00
5.244631958007812500e+02 3.235840148925781250e+02 6.113366088867187500e+02 3.631391296386718750e+02 7.252948284149169922e-01 2.000000000000000000e+00
1.429246368408203125e+02 2.933241271972656250e+02 3.656038513183593750e+02 4.639073486328125000e+02 6.327888965606689453e-01 5.000000000000000000e+00
6.320653076171875000e+02 8.736995697021484375e+01 6.623114013671875000e+02 1.260569458007812500e+02 6.298745274543762207e-01 2.000000000000000000e+00
4.366504211425781250e+02 2.548829956054687500e+02 5.950673828125000000e+02 3.443156127929687500e+02 4.533451795578002930e-01 7.000000000000000000e+00
2.030128240585327148e-01 4.286664123535156250e+02 1.154230651855468750e+02 5.805370483398437500e+02 4.136869013309478760e-01 2.000000000000000000e+00
6.765878906250000000e+02 9.583068847656250000e+01 7.047463378906250000e+02 1.232243881225585938e+02 3.217293620109558105e-01 2.000000000000000000e+00
4.788243713378906250e+02 6.870267486572265625e+01 5.168866577148437500e+02 1.045697326660156250e+02 3.181238472461700439e-01 2.000000000000000000e+00
6.269025268554687500e+02 1.469002604484558105e+00 6.567125854492187500e+02 2.405395698547363281e+01 2.883306145668029785e-01 9.000000000000000000e+00
