8.039741210937500000e+02 6.126134643554687500e+02 8.817108764648437500e+02 6.988744506835937500e+02 7.702804207801818848e-01 2.000000000000000000e+00
6.343504714965820312e+01 8.766365356445312500e+02 1.114315414428710938e+02 9.447025756835937500e+02 5.969317555427551270e-01 0.000000000000000000e+00
7.037185058593750000e+02 2.846508789062500000e+02 7.559829711914062500e+02 3.203598937988281250e+02 5.418477654457092285e-01 2.000000000000000000e+00
7.556393432617187500e+02 3.604832153320312500e+02 8.006094970703125000e+02 3.899501037597656250e+02 5.233305096626281738e-01 2.000000000000000000e+00
5.956000976562500000e+02 3.161137390136718750e+02 6.784619140625000000e+02 5.143098144531250000e+02 4.475378096103668213e-01 7.000000000000000000e+00
1.183956298828125000e+03 8.769140014648437500e+02 1.220122680664062500e+03 9.426616821289062500e+02 4.105469584465026855e-01 0.000000000000000000e+00
8.407044067382812500e+02 7.174244995117187500e+02 9.205571289062500000e+02 8.353041992187500000e+02 4.066788852214813232e-01 2.000000000000000000e+00
6.219422607421875000e+02 2.939311523437500000e+02 6.706174926757812500e+02 3.520167846679687500e+02 3.491812944412231445e-01 7.000000000000000000e+00
6.055033569335937500e+02 4.731010742187500000e+02 6.806658325195312500e+02 5.266359252929687500e+02 3.199785351753234863e-01 2.000000000000000000e+00
7.452890014648437500e+02 3.732635498046875000e+02 8.268102416992187500e+02 4.734669189453125000e+02 3.042711317539215088e-01 7.000000000000000000e+00
1.197769897460937500e+03 9.182152099609375000e+02 1.236230346679687500e+03 9.678374633789062500e+02 2.885565459728240967e-01 0.000000000000000000e+00
