9.748195190429687500e+02 4.304865112304687500e+02 1.111024047851562500e+03 4.877460327148437500e+02 9.140010476112365723e-01 2.000000000000000000e+00
5.449089355468750000e+02 5.721298217773437500e+02 6.826764526367187500e+02 6.522545166015625000e+02 8.863753080368041992e-01 2.000000000000000000e+00
6.462800292968750000e+02 2.230943145751953125e+02 7.863078002929687500e+02 3.011800231933593750e+02 6.059612035751342773e-01 5.000000000000000000e+00
0.000000000000000000e+00 2.237522125244140625e+02 2.065288925170898438e+01 2.867235412597656250e+02 5.196984410285949707e-01 2.000000000000000000e+00
7.244441528320312500e+02 7.053867187500000000e+02 7.591932983398437500e+02 7.686900024414062500e+02 3.728567063808441162e-01 9.000000000000000000e+00
1.982810211181640625e+02 7.170665283203125000e+02 2.587031555175781250e+02 7.705425415039062500e+02 3.711543679237365723e-01 3.000000000000000000e+00
1.277379882812500000e+03 5.158632812500000000e+02 1.400000000000000000e+03 6.846276855468750000e+02 3.353713750839233398e-01 7.000000000000000000e+00
1.140965332031250000e+03 3.493233337402343750e+02 1.160234130859375000e+03 3.830667724609375000e+02 3.325689733028411865e-01 0.000000000000000000e+00
3.093159103393554688e+01 5.256236572265625000e+02 7.583986663818359375e+01 5.645009765625000000e+02 2.569395899772644043e-01 3.000000000000000000e+00
6.566307067871093750e+01 5.615477905273437500e+02 1.346200561523437500e+02 6.073697509765625000e+02 2.518118023872375488e-01 3.000000000000000000e+00
