4.731579895019531250e+02 5.511833496093750000e+02 5.814338378906250000e+02 6.009852905273437500e+02 8.427707552909851074e-01 2.000000000000000000e+00
6.240527954101562500e+02 5.541493530273437500e+02 7.525910644531250000e+02 6.050559082031250000e+02 8.342243432998657227e-01 2.000000000000000000e+00
3.492193298339843750e+02 5.391426391601562500e+02 4.532220764160156250e+02 5.847008666992187500e+02 7.675075531005859375e-01 2.000000000000000000e+00
7.875715942382812500e+02 5.626032714843750000e+02 8.876734619140625000e+02 6.105469360351562500e+02 7.658830881118774414e-01 2.000000000000000000e+00
8.121770019531250000e+02 6.659026489257812500e+02 9.352728881835937500e+02 7.198738403320312500e+02 7.107478976249694824e-01 2.000000000000000000e+00
4.131847381591796875e+01 5.179723510742187500e+02 1.453666381835937500e+02 5.635029907226562500e+02 6.673189997673034668e-01 2.000000000000000000e+00
9.100155639648437500e+02 5.621187133789062500e+02 1.036702148437500000e+03 6.310833129882812500e+02 6.260152459144592285e-01 2.000000000000000000e+00
1.542743652343750000e+03 1.371862335205078125e+02 1.618949096679687500e+03 1.930747375488281250e+02 5.870186686515808105e-01 2.000000000000000000e+00
1.776332397460937500e+02 5.249777221679687500e+02 2.681554870605468750e+02 5.651058959960937500e+02 5.578261613845825195e-01 2.000000000000000000e+00
1.035499633789062500e+03 6.057507705688476562e+01 1.094187866210937500e+03 1.013339996337890625e+02 4.092482030391693115e-01 2.000000000000000000e+00
1.525354736328125000e+03 7.862474060058593750e+01 1.601397094726562500e+03 1.223106002807617188e+02 3.702175617218017578e-01 2.000000000000000000e+00
9.157275390625000000e+02 5.627736816406250000e+02 1.037063598632812500e+03 6.330048828125000000e+02 3.553079366683959961e-01 7.000000000000000000e+00
1.366267211914062500e+03 4.989059066772460938e+01 1.403949096679687500e+03 8.679782104492187500e+01 2.830203473567962646e-01 2.000000000000000000e+00
