3.516817932128906250e+02 2.010869750976562500e+02 4.494245300292968750e+02 2.801581420898437500e+02 6.843678951263427734e-01 2.000000000000000000e+00
5.203488159179687500e+02 2.720193786621093750e+02 5.714217529296875000e+02 3.323432006835937500e+02 5.231476426124572754e-01 2.000000000000000000e+00
4.257684631347656250e+02 0.000000000000000000e+00 5.828574829101562500e+02 7.438054656982421875e+01 5.190845131874084473e-01 2.000000000000000000e+00
5.143864135742187500e+02 3.343268432617187500e+02 5.738708496093750000e+02 4.128403930664062500e+02 4.824488759040832520e-01 2.000000000000000000e+00
2.872026062011718750e+02 2.893986701965332031e+01 3.590864257812500000e+02 8.366805267333984375e+01 4.340250194072723389e-01 2.000000000000000000e+00
1.226949920654296875e+02 6.801076507568359375e+01 2.018995513916015625e+02 1.348867492675781250e+02 4.009928703308105469e-01 2.000000000000000000e+00
7.542242431640625000e+02 5.812776489257812500e+02 9.111928710937500000e+02 6.968299560546875000e+02 3.405666351318359375e-01 2.000000000000000000e+00
1.818372192382812500e+02 3.028600158691406250e+02 3.308788146972656250e+02 4.861807556152343750e+02 3.276517391204833984e-01 7.000000000000000000e+00
5.551977539062500000e+02 7.165277709960937500e+02 6.913319702148437500e+02 7.880000000000000000e+02 3.032798171043395996e-01 2.000000000000000000e+00
6.764346923828125000e+02 3.945389709472656250e+02 7.659120483398437500e+02 4.889767761230468750e+02 2.602884173393249512e-01 2.000000000000000000e+00
8.112129974365234375e+01 8.424704742431640625e+01 1.515851745605468750e+02 1.424324645996093750e+02 2.501239776611328125e-01 2.000000000000000000e+00
