6.090846557617187500e+02 7.945202636718750000e+02 7.116207275390625000e+02 9.352661743164062500e+02 6.638161540031433105e-01 2.000000000000000000e+00
5.447768554687500000e+02 4.496424560546875000e+02 6.779795532226562500e+02 5.808445434570312500e+02 6.361255049705505371e-01 7.000000000000000000e+00
4.797919921875000000e+02 6.648432006835937500e+02 5.444259643554687500e+02 7.108212890625000000e+02 5.748941898345947266e-01 2.000000000000000000e+00
5.630112915039062500e+02 7.221228027343750000e+02 6.312844238281250000e+02 7.872696533203125000e+02 4.731584787368774414e-01 2.000000000000000000e+00
4.972349548339843750e+02 8.075848999023437500e+02 5.955596923828125000e+02 9.178748779296875000e+02 4.552481472492218018e-01 2.000000000000000000e+00
5.575222167968750000e+02 7.529310913085937500e+02 6.234356079101562500e+02 8.009326171875000000e+02 4.407868683338165283e-01 2.000000000000000000e+00
5.314071655273437500e+02 7.899742431640625000e+02 6.055979614257812500e+02 8.414606933593750000e+02 4.367525875568389893e-01 2.000000000000000000e+00
1.864335174560546875e+02 8.453240356445312500e+02 3.418261108398437500e+02 1.003090270996093750e+03 4.334693849086761475e-01 2.000000000000000000e+00
3.608648071289062500e+02 6.673174438476562500e+02 4.480920410156250000e+02 7.484677734375000000e+02 3.942612409591674805e-01 2.000000000000000000e+00
6.945647583007812500e+02 1.974317932128906250e+02 7.243026733398437500e+02 2.227173461914062500e+02 3.908824622631072998e-01 2.000000000000000000e+00
9.384974975585937500e+02 7.154763183593750000e+02 9.630325317382812500e+02 7.566907348632812500e+02 3.737945854663848877e-01 0.000000000000000000e+00
9.016811370849609375e+00 2.983691711425781250e+02 3.415068054199218750e+02 6.349395141601562500e+02 3.334033489227294922e-01 5.000000000000000000e+00
7.382515869140625000e+02 1.647245025634765625e+02 9.155373535156250000e+02 3.375777893066406250e+02 3.061079382896423340e-01 7.000000000000000000e+00
2.113854980468750000e+02 7.418159179687500000e+02 3.431406250000000000e+02 8.559197387695312500e+02 3.053080737590789795e-01 7.000000000000000000e+00
4.995298156738281250e+02 8.044368286132812500e+02 7.100777587890625000e+02 9.290764160156250000e+02 3.017087578773498535e-01 2.000000000000000000e+00
3.155989685058593750e+02 7.934349365234375000e+02 4.722742614746093750e+02 9.338589477539062500e+02 3.015695512294769287e-01 7.000000000000000000e+00
4.447296752929687500e+02 6.047625122070312500e+02 5.008509216308593750e+02 6.479332885742187500e+02 2.956970930099487305e-01 2.000000000000000000e+00
5.094507751464843750e+02 9.529713134765625000e+02 6.171123657226562500e+02 1.048221801757812500e+03 2.888914644718170166e-01 2.000000000000000000e+00
4.964109191894531250e+02 8.640976562500000000e+02 5.730704956054687500e+02 9.156768188476562500e+02 2.872944772243499756e-01 2.000000000000000000e+00
6.912537841796875000e+02 6.222449340820312500e+02 8.189165649414062500e+02 7.645539550781250000e+02 2.736757993698120117e-01 7.000000000000000000e+00
4.029939880371093750e+02 3.015682067871093750e+02 4.931054077148437500e+02 3.937301940917968750e+02 2.547075450420379639e-01 5.000000000000000000e+00
4.029035339355468750e+02 2.992285156250000000e+02 4.910581665039062500e+02 3.896267089843750000e+02 2.537480890750885010e-01 7.000000000000000000e+00
2.534890594482421875e+02 9.386396484375000000e+02 3.343758239746093750e+02 1.011833557128906250e+03 2.513696849346160889e-01 2.000000000000000000e+00
