7.703549194335937500e+02 8.259556884765625000e+02 8.021587524414062500e+02 9.149782714843750000e+02 7.940865755081176758e-01 0.000000000000000000e+00
8.145341796875000000e+02 8.276354980468750000e+02 8.433114624023437500e+02 9.139963378906250000e+02 7.452639937400817871e-01 0.000000000000000000e+00
3.021059570312500000e+02 8.975299072265625000e+02 3.342878417968750000e+02 9.625611572265625000e+02 6.302806138992309570e-01 0.000000000000000000e+00
1.232895507812500000e+03 7.752511596679687500e+02 1.251321289062500000e+03 8.101873779296875000e+02 5.375699400901794434e-01 0.000000000000000000e+00
7.037111816406250000e+02 9.033050537109375000e+02 7.436072387695312500e+02 1.005622192382812500e+03 5.293266177177429199e-01 0.000000000000000000e+00
1.247646606445312500e+03 8.568928222656250000e+02 1.284613769531250000e+03 9.353198852539062500e+02 5.089080333709716797e-01 0.000000000000000000e+00
3.346624755859375000e+02 8.880758056640625000e+02 3.590832519531250000e+02 9.592217407226562500e+02 4.843340218067169189e-01 0.000000000000000000e+00
3.792966003417968750e+02 8.792955322265625000e+02 4.065711975097656250e+02 9.531221923828125000e+02 4.757214188575744629e-01 0.000000000000000000e+00
1.253061904907226562e+02 9.386156616210937500e+02 1.558390960693359375e+02 1.009788452148437500e+03 4.309050440788269043e-01 0.000000000000000000e+00
1.054354248046875000e+03 9.057644653320312500e+02 1.086057983398437500e+03 9.672654418945312500e+02 3.747474253177642822e-01 0.000000000000000000e+00
1.313619384765625000e+03 7.827794799804687500e+02 1.336588623046875000e+03 8.191295776367187500e+02 3.662177622318267822e-01 0.000000000000000000e+00
5.049270935058593750e+02 8.843261718750000000e+02 6.094821166992187500e+02 9.547407226562500000e+02 3.604120612144470215e-01 1.300000000000000000e+01
3.593773193359375000e+02 8.851665649414062500e+02 3.906531372070312500e+02 9.566889038085937500e+02 3.190147876739501953e-01 0.000000000000000000e+00
1.026871215820312500e+03 9.029685668945312500e+02 1.056219360351562500e+03 9.412131347656250000e+02 2.987428307533264160e-01 0.000000000000000000e+00
5.637324829101562500e+02 9.779840698242187500e+02 5.952824707031250000e+02 1.032830810546875000e+03 2.960301935672760010e-01 0.000000000000000000e+00
1.079928100585937500e+03 9.303015136718750000e+02 1.168834716796875000e+03 9.658367919921875000e+02 2.590982019901275635e-01 1.300000000000000000e+01
