4.798695068359375000e+02 5.744544677734375000e+02 5.568758544921875000e+02 6.285465087890625000e+02 7.933241724967956543e-01 2.000000000000000000e+00
2.914552612304687500e+02 6.096911010742187500e+02 3.740338439941406250e+02 6.571684570312500000e+02 6.860086321830749512e-01 2.000000000000000000e+00
9.162500000000000000e+02 3.653511047363281250e+02 9.695010375976562500e+02 4.029419555664062500e+02 6.833301186561584473e-01 2.000000000000000000e+00
9.343018798828125000e+02 2.396515960693359375e+02 9.821797485351562500e+02 2.764604187011718750e+02 6.784893870353698730e-01 2.000000000000000000e+00
8.510160522460937500e+02 3.573664550781250000e+02 9.017137451171875000e+02 3.970872497558593750e+02 6.609111428260803223e-01 2.000000000000000000e+00
6.240424804687500000e+02 4.421253356933593750e+02 6.873533935546875000e+02 4.913894958496093750e+02 6.546105146408081055e-01 2.000000000000000000e+00
4.895919799804687500e+02 4.468119201660156250e+02 5.536177978515625000e+02 4.932289428710937500e+02 6.469557881355285645e-01 2.000000000000000000e+00
5.383521728515625000e+02 4.740965881347656250e+02 6.079343872070312500e+02 5.417543334960937500e+02 6.129170656204223633e-01 2.000000000000000000e+00
5.855497436523437500e+02 3.991978149414062500e+02 6.412397460937500000e+02 4.468453063964843750e+02 6.128963232040405273e-01 2.000000000000000000e+00
1.022351379394531250e+03 2.839677124023437500e+02 1.069624023437500000e+03 3.221674499511718750e+02 5.507519245147705078e-01 2.000000000000000000e+00
7.613276977539062500e+02 3.276909790039062500e+02 8.148579101562500000e+02 3.720928649902343750e+02 5.342299342155456543e-01 2.000000000000000000e+00
6.653115234375000000e+02 4.773288269042968750e+02 7.200409545898437500e+02 5.291473388671875000e+02 4.731348752975463867e-01 2.000000000000000000e+00
6.979003906250000000e+02 3.680432739257812500e+02 7.519746704101562500e+02 4.129653930664062500e+02 4.607242047786712646e-01 2.000000000000000000e+00
6.593119506835937500e+02 3.563271789550781250e+02 7.125713500976562500e+02 4.015332946777343750e+02 4.531660079956054688e-01 2.000000000000000000e+00
8.287600097656250000e+02 2.978021850585937500e+02 8.777312622070312500e+02 3.329813537597656250e+02 4.382749497890472412e-01 2.000000000000000000e+00
8.769848022460937500e+02 2.722901611328125000e+02 9.216481933593750000e+02 3.031052856445312500e+02 4.327671825885772705e-01 2.000000000000000000e+00
9.807823486328125000e+02 1.901581115722656250e+02 1.024111938476562500e+03 2.194230651855468750e+02 4.256898462772369385e-01 2.000000000000000000e+00
3.229041137695312500e+02 1.132401809692382812e+02 5.664487304687500000e+02 3.037637329101562500e+02 4.115563631057739258e-01 5.000000000000000000e+00
8.821228637695312500e+02 2.231805572509765625e+02 9.380695190429687500e+02 2.698832397460937500e+02 3.376094400882720947e-01 2.000000000000000000e+00
3.039953308105468750e+02 4.774388732910156250e+02 3.220627746582031250e+02 5.175176391601562500e+02 3.323710560798645020e-01 0.000000000000000000e+00
9.886737060546875000e+02 1.078774948120117188e+02 1.028996459960937500e+03 1.381488037109375000e+02 3.135078549385070801e-01 2.000000000000000000e+00
8.392343750000000000e+02 2.604525146484375000e+02 8.863059082031250000e+02 2.923968505859375000e+02 3.060163259506225586e-01 2.000000000000000000e+00
8.968268432617187500e+02 2.333165893554687500e+02 9.803240966796875000e+02 2.744210205078125000e+02 2.831428050994873047e-01 2.000000000000000000e+00
7.820394287109375000e+02 2.910624389648437500e+02 8.282994995117187500e+02 3.236810607910156250e+02 2.569342851638793945e-01 2.000000000000000000e+00
