1.828701019287109375e+02 1.664344177246093750e+02 2.174178619384765625e+02 1.944454345703125000e+02 6.921955943107604980e-01 2.000000000000000000e+00
4.927380981445312500e+02 3.477821960449218750e+02 5.229124145507812500e+02 3.690523071289062500e+02 6.854343414306640625e-01 2.000000000000000000e+00
6.084229736328125000e+02 3.986730651855468750e+02 6.417526245117187500e+02 4.232680969238281250e+02 6.364105939865112305e-01 2.000000000000000000e+00
1.260847290039062500e+03 6.776451416015625000e+02 1.305100585937500000e+03 7.221409301757812500e+02 5.827101469039916992e-01 2.000000000000000000e+00
4.339375305175781250e+02 3.708435668945312500e+02 4.703478393554687500e+02 4.021717224121093750e+02 5.294484496116638184e-01 2.000000000000000000e+00
6.151390991210937500e+02 6.172354736328125000e+02 6.553856811523437500e+02 6.495756225585937500e+02 5.288462042808532715e-01 2.000000000000000000e+00
1.115206787109375000e+03 5.647998657226562500e+02 1.161413818359375000e+03 6.126424560546875000e+02 5.218884944915771484e-01 2.000000000000000000e+00
1.259507324218750000e+03 4.437901916503906250e+02 1.317534301757812500e+03 5.016718139648437500e+02 5.037727355957031250e-01 2.000000000000000000e+00
2.128400268554687500e+02 5.186804809570312500e+02 4.193581848144531250e+02 7.765053710937500000e+02 5.029433965682983398e-01 5.000000000000000000e+00
1.232266113281250000e+03 4.957314453125000000e+02 1.260881225585937500e+03 5.268434448242187500e+02 4.738904833793640137e-01 2.000000000000000000e+00
1.102645507812500000e+03 4.781493530273437500e+02 1.136012451171875000e+03 5.100179138183593750e+02 4.734422564506530762e-01 2.000000000000000000e+00
5.390117797851562500e+02 4.560063476562500000e+02 5.704116210937500000e+02 4.867940368652343750e+02 4.571501910686492920e-01 2.000000000000000000e+00
1.069138549804687500e+03 2.419286041259765625e+02 1.182298828125000000e+03 3.246768188476562500e+02 4.337779879570007324e-01 2.000000000000000000e+00
4.185835876464843750e+02 3.040441284179687500e+02 4.457465515136718750e+02 3.254635925292968750e+02 4.037222862243652344e-01 2.000000000000000000e+00
1.092626831054687500e+03 1.719308319091796875e+02 1.140349609375000000e+03 2.035052947998046875e+02 3.985363543033599854e-01 2.000000000000000000e+00
5.213569946289062500e+02 4.833139953613281250e+02 5.562176513671875000e+02 5.204385986328125000e+02 3.910346329212188721e-01 2.000000000000000000e+00
1.103109863281250000e+03 5.240302124023437500e+02 1.145553344726562500e+03 5.642962646484375000e+02 3.859724402427673340e-01 2.000000000000000000e+00
5.055834045410156250e+02 7.290830078125000000e+02 5.321016845703125000e+02 7.876712646484375000e+02 3.778263926506042480e-01 9.000000000000000000e+00
7.685024261474609375e+01 1.964357299804687500e+02 1.067022552490234375e+02 2.224802551269531250e+02 3.752982914447784424e-01 2.000000000000000000e+00
1.234592666625976562e+02 9.564191436767578125e+01 1.499467620849609375e+02 1.201607666015625000e+02 3.665522038936614990e-01 2.000000000000000000e+00
7.838425903320312500e+02 6.498310546875000000e+02 8.077959594726562500e+02 6.921597900390625000e+02 3.594470620155334473e-01 9.000000000000000000e+00
7.157522583007812500e+01 6.833308410644531250e+01 9.350061035156250000e+01 8.917382812500000000e+01 3.484146893024444580e-01 2.000000000000000000e+00
1.378398071289062500e+03 4.068077392578125000e+02 1.400000000000000000e+03 4.432892761230468750e+02 3.443771302700042725e-01 2.000000000000000000e+00
6.471651458740234375e+01 4.163152694702148438e+01 9.165463256835937500e+01 6.121863937377929688e+01 3.334087133407592773e-01 2.000000000000000000e+00
1.139972534179687500e+03 7.208174438476562500e+02 1.181443725585937500e+03 7.724769287109375000e+02 3.303912580013275146e-01 2.000000000000000000e+00
2.022435379028320312e+01 1.064171981811523438e+02 7.088616180419921875e+01 1.478050079345703125e+02 3.255688250064849854e-01 2.000000000000000000e+00
7.826745605468750000e+02 6.462492065429687500e+02 8.084230957031250000e+02 6.944299316406250000e+02 3.178406953811645508e-01 2.000000000000000000e+00
2.022989807128906250e+02 2.732850036621093750e+02 2.389688262939453125e+02 3.010111389160156250e+02 3.104838430881500244e-01 2.000000000000000000e+00
1.340519042968750000e+03 3.514148559570312500e+02 1.363252319335937500e+03 3.743184509277343750e+02 2.949602007865905762e-01 2.000000000000000000e+00
6.042482299804687500e+02 6.944467163085937500e+01 1.079545410156250000e+03 3.901201477050781250e+02 2.909678518772125244e-01 7.000000000000000000e+00
1.152135009765625000e+02 2.242250213623046875e+02 1.392982330322265625e+02 2.468926391601562500e+02 2.693710029125213623e-01 2.000000000000000000e+00
1.090148437500000000e+03 7.312108764648437500e+02 1.130468750000000000e+03 7.821959838867187500e+02 2.560490667819976807e-01 2.000000000000000000e+00
4.011368103027343750e+02 2.439022216796875000e+02 4.317344970703125000e+02 2.721138610839843750e+02 2.533929944038391113e-01 2.000000000000000000e+00
