1.084147216796875000e+03 6.210547485351562500e+02 1.185014526367187500e+03 6.833404541015625000e+02 7.609790563583374023e-01 2.000000000000000000e+00
1.365401977539062500e+03 7.514743652343750000e+02 1.496624145507812500e+03 8.231926269531250000e+02 7.398986220359802246e-01 2.000000000000000000e+00
6.746826782226562500e+02 8.509815673828125000e+02 1.067596069335937500e+03 1.070009765625000000e+03 5.633955001831054688e-01 7.000000000000000000e+00
1.571613891601562500e+03 8.334468994140625000e+02 1.727333129882812500e+03 9.386588745117187500e+02 5.528668761253356934e-01 2.000000000000000000e+00
1.657858886718750000e+02 2.142841033935546875e+02 2.247549285888671875e+02 2.556438751220703125e+02 5.476568937301635742e-01 2.000000000000000000e+00
6.306455612182617188e+01 1.607962493896484375e+02 1.101408843994140625e+02 1.892677154541015625e+02 5.462822914123535156e-01 2.000000000000000000e+00
1.188726318359375000e+03 6.622794189453125000e+02 1.281881591796875000e+03 7.254516601562500000e+02 5.149764418601989746e-01 2.000000000000000000e+00
6.099204101562500000e+02 3.334846191406250000e+02 6.313887329101562500e+02 3.868817443847656250e+02 4.949017167091369629e-01 0.000000000000000000e+00
6.824303588867187500e+02 6.873298339843750000e+02 7.860125732421875000e+02 7.718441772460937500e+02 4.549089670181274414e-01 7.000000000000000000e+00
1.218604614257812500e+03 8.680492401123046875e+00 1.264660034179687500e+03 3.439443969726562500e+01 4.530911445617675781e-01 2.000000000000000000e+00
1.782117065429687500e+03 3.802712402343750000e+02 1.875833984375000000e+03 4.275782775878906250e+02 4.444946646690368652e-01 2.000000000000000000e+00
4.628906860351562500e+02 6.036028671264648438e+01 8.574018554687500000e+02 3.365171813964843750e+02 4.236043095588684082e-01 5.000000000000000000e+00
3.673289184570312500e+02 2.899993286132812500e+02 4.448412475585937500e+02 3.486384582519531250e+02 3.952036499977111816e-01 2.000000000000000000e+00
9.544012451171875000e+02 5.399766235351562500e+02 9.758729858398437500e+02 5.725834350585937500e+02 3.888704180717468262e-01 9.000000000000000000e+00
1.291534271240234375e+02 1.894730224609375000e+02 1.771858215332031250e+02 2.213989257812500000e+02 3.758777678012847900e-01 2.000000000000000000e+00
1.851831542968750000e+03 4.249571609497070312e+01 1.916000000000000000e+03 8.874485015869140625e+01 3.735631108283996582e-01 2.000000000000000000e+00
1.828746582031250000e+03 1.042392654418945312e+02 1.892205444335937500e+03 1.392870025634765625e+02 3.705414235591888428e-01 2.000000000000000000e+00
1.853455200195312500e+03 1.433155059814453125e+02 1.915129272460937500e+03 1.859812316894531250e+02 3.435959517955780029e-01 2.000000000000000000e+00
6.795560302734375000e+02 6.888480224609375000e+02 7.864437255859375000e+02 7.689629516601562500e+02 3.331530988216400146e-01 2.000000000000000000e+00
1.568552490234375000e+03 8.329724731445312500e+02 1.729657714843750000e+03 9.362729492187500000e+02 3.286469578742980957e-01 7.000000000000000000e+00
1.169451999664306641e+01 1.419134368896484375e+02 5.426524353027343750e+01 1.760568389892578125e+02 3.277220427989959717e-01 2.000000000000000000e+00
2.405704650878906250e+02 2.457433776855468750e+02 3.100821838378906250e+02 2.839287719726562500e+02 3.259173631668090820e-01 2.000000000000000000e+00
5.744376831054687500e+02 3.399146118164062500e+02 6.017824096679687500e+02 3.906521301269531250e+02 3.148628473281860352e-01 0.000000000000000000e+00
1.252083129882812500e+03 9.763753662109375000e+02 1.372767822265625000e+03 1.074208496093750000e+03 3.131764829158782959e-01 7.000000000000000000e+00
3.175890502929687500e+02 2.785177917480468750e+02 3.694350585937500000e+02 3.103347778320312500e+02 2.929499149322509766e-01 2.000000000000000000e+00
3.416088562011718750e+02 8.313627624511718750e+01 4.598952941894531250e+02 1.749200897216796875e+02 2.651173770427703857e-01 5.000000000000000000e+00
