6.512189331054687500e+02 2.264190521240234375e+02 6.827225341796875000e+02 2.619048156738281250e+02 7.476925253868103027e-01 2.000000000000000000e+00
6.903619384765625000e+02 2.277081756591796875e+02 7.213696899414062500e+02 2.621817321777343750e+02 6.070083379745483398e-01 2.000000000000000000e+00
7.058804931640625000e+02 3.825677795410156250e+02 7.514632568359375000e+02 4.429702758789062500e+02 4.926597774028778076e-01 2.000000000000000000e+00
5.600467529296875000e+02 4.622529983520507812e+01 5.835209350585937500e+02 6.633513641357421875e+01 4.615906476974487305e-01 2.000000000000000000e+00
6.140484008789062500e+02 1.414151458740234375e+02 6.417817993164062500e+02 1.705725555419921875e+02 4.615353047847747803e-01 2.000000000000000000e+00
6.035750122070312500e+02 5.673051071166992188e+01 6.290060424804687500e+02 8.078076171875000000e+01 4.412231445312500000e-01 2.000000000000000000e+00
8.268016967773437500e+02 2.920700378417968750e+02 8.729987182617187500e+02 3.458285522460937500e+02 4.015730917453765869e-01 2.000000000000000000e+00
7.395440063476562500e+02 1.617858428955078125e+02 7.834505004882812500e+02 2.184857025146484375e+02 3.986036777496337891e-01 2.000000000000000000e+00
6.399369506835937500e+02 1.165616226196289062e+02 6.638050537109375000e+02 1.401863403320312500e+02 3.604860603809356689e-01 2.000000000000000000e+00
7.587120971679687500e+02 2.020325622558593750e+02 7.864586791992187500e+02 2.261751708984375000e+02 3.516439199447631836e-01 2.000000000000000000e+00
7.708311767578125000e+02 6.217256469726562500e+02 8.095184326171875000e+02 6.661961059570312500e+02 3.257314860820770264e-01 2.000000000000000000e+00
6.470321044921875000e+02 2.247877349853515625e+02 7.143500366210937500e+02 2.627920532226562500e+02 2.963985502719879150e-01 2.000000000000000000e+00
