2.561790771484375000e+02 2.672979736328125000e+02 3.286197509765625000e+02 3.158086242675781250e+02 5.906401872634887695e-01 2.000000000000000000e+00
7.825717163085937500e+02 2.233466339111328125e+02 1.218250244140625000e+03 7.356250610351562500e+02 5.112015008926391602e-01 7.000000000000000000e+00
1.331827392578125000e+03 7.311440429687500000e+02 1.438115844726562500e+03 7.951931762695312500e+02 4.631469547748565674e-01 7.000000000000000000e+00
1.594523925781250000e+03 7.199865112304687500e+02 1.673104125976562500e+03 7.965690307617187500e+02 4.602733850479125977e-01 2.000000000000000000e+00
2.455960540771484375e+02 1.894056701660156250e+02 3.124883422851562500e+02 2.552114715576171875e+02 4.033194184303283691e-01 2.000000000000000000e+00
2.602055664062500000e+02 6.074426879882812500e+02 3.560782775878906250e+02 6.637968750000000000e+02 3.913528919219970703e-01 2.000000000000000000e+00
1.795864868164062500e+03 1.698473968505859375e+02 1.902870605468750000e+03 2.318621368408203125e+02 3.830051124095916748e-01 7.000000000000000000e+00
2.072423553466796875e+02 4.162419738769531250e+02 3.401709594726562500e+02 5.498190917968750000e+02 3.559754788875579834e-01 7.000000000000000000e+00
1.678862060546875000e+03 6.483458862304687500e+02 1.744815917968750000e+03 7.048121948242187500e+02 2.910809814929962158e-01 2.000000000000000000e+00
1.881877075195312500e+03 3.286203002929687500e+02 1.916000000000000000e+03 3.609818725585937500e+02 2.528736889362335205e-01 2.000000000000000000e+00
