5.094452209472656250e+02 9.568186645507812500e+02 6.471212768554687500e+02 1.015616149902343750e+03 8.442760705947875977e-01 2.000000000000000000e+00
7.445971069335937500e+02 5.940391845703125000e+02 8.365939941406250000e+02 6.431724853515625000e+02 7.685792446136474609e-01 2.000000000000000000e+00
6.094944458007812500e+02 3.284588317871093750e+02 6.601577148437500000e+02 3.505979614257812500e+02 7.454285621643066406e-01 2.000000000000000000e+00
6.592756958007812500e+02 4.950522155761718750e+02 7.266514892578125000e+02 5.410099487304687500e+02 6.969922184944152832e-01 2.000000000000000000e+00
1.259731201171875000e+03 6.434675292968750000e+02 1.344338989257812500e+03 6.964188232421875000e+02 6.610286831855773926e-01 2.000000000000000000e+00
6.193660278320312500e+02 3.622333679199218750e+02 6.726512451171875000e+02 3.878880004882812500e+02 6.326631903648376465e-01 2.000000000000000000e+00
4.087477111816406250e+02 4.721526184082031250e+02 4.450237121582031250e+02 5.147969360351562500e+02 6.123802661895751953e-01 2.000000000000000000e+00
6.122122192382812500e+02 3.948161010742187500e+02 6.811980590820312500e+02 4.361539611816406250e+02 5.926331877708435059e-01 2.000000000000000000e+00
6.877511596679687500e+02 5.649038085937500000e+02 7.810593261718750000e+02 6.155493774414062500e+02 5.784124135971069336e-01 2.000000000000000000e+00
4.751691589355468750e+02 3.143342285156250000e+02 5.115758666992187500e+02 3.454967651367187500e+02 5.609266161918640137e-01 2.000000000000000000e+00
9.097196044921875000e+02 6.614861450195312500e+02 9.742766113281250000e+02 7.254701538085937500e+02 5.237007737159729004e-01 2.000000000000000000e+00
1.233543334960937500e+03 9.404892578125000000e+02 1.280090209960937500e+03 9.693056640625000000e+02 5.175508260726928711e-01 2.000000000000000000e+00
3.897794189453125000e+02 5.185297851562500000e+02 4.362163085937500000e+02 5.760675048828125000e+02 5.099092721939086914e-01 2.000000000000000000e+00
6.640927734375000000e+02 5.151102294921875000e+02 7.587473754882812500e+02 5.785784301757812500e+02 4.987688660621643066e-01 2.000000000000000000e+00
6.567034912109375000e+02 1.527228698730468750e+02 6.982834472656250000e+02 1.872042694091796875e+02 4.900869727134704590e-01 2.000000000000000000e+00
1.134948486328125000e+03 8.425016479492187500e+02 1.179943969726562500e+03 8.714559936523437500e+02 4.419628977775573730e-01 2.000000000000000000e+00
3.802654113769531250e+02 5.729414062500000000e+02 4.251655578613281250e+02 6.331971435546875000e+02 4.023854732513427734e-01 2.000000000000000000e+00
1.133871337890625000e+03 1.027783447265625000e+03 1.259805053710937500e+03 1.050000000000000000e+03 3.960866928100585938e-01 2.000000000000000000e+00
6.029033813476562500e+02 4.179007263183593750e+02 6.545363159179687500e+02 4.509497375488281250e+02 3.843300044536590576e-01 2.000000000000000000e+00
1.475095062255859375e+02 4.314155273437500000e+02 2.136470642089843750e+02 4.658698425292968750e+02 3.721705377101898193e-01 2.000000000000000000e+00
8.666871337890625000e+02 9.895411987304687500e+02 9.797854614257812500e+02 1.049214111328125000e+03 3.546060919761657715e-01 7.000000000000000000e+00
6.765000610351562500e+02 5.397958984375000000e+02 7.704952392578125000e+02 6.058181152343750000e+02 3.534415960311889648e-01 2.000000000000000000e+00
1.356724853515625000e+03 1.024392578125000000e+03 1.397854248046875000e+03 1.050000000000000000e+03 3.395054042339324951e-01 2.000000000000000000e+00
6.420073852539062500e+02 5.170281982421875000e+01 7.059510498046875000e+02 1.156315689086914062e+02 2.831531763076782227e-01 7.000000000000000000e+00
1.255400390625000000e+03 9.071206665039062500e+02 1.312239868164062500e+03 9.357446899414062500e+02 2.795980572700500488e-01 2.000000000000000000e+00
2.897732543945312500e+02 3.444811401367187500e+02 3.734395141601562500e+02 4.004823608398437500e+02 2.549319863319396973e-01 2.000000000000000000e+00
4.136539306640625000e+02 2.702658691406250000e+02 4.570934448242187500e+02 3.434817504882812500e+02 2.545051276683807373e-01 7.000000000000000000e+00
4.354397277832031250e+02 5.769537353515625000e+02 4.822050170898437500e+02 6.372143554687500000e+02 2.537401616573333740e-01 2.000000000000000000e+00
8.720678710937500000e+02 4.776184997558593750e+02 9.032178344726562500e+02 5.133176269531250000e+02 2.516287565231323242e-01 2.000000000000000000e+00
