1.134198608398437500e+03 9.256377563476562500e+02 1.209359863281250000e+03 1.031527465820312500e+03 6.671608090400695801e-01 2.000000000000000000e+00
9.697817993164062500e+02 9.684839477539062500e+02 1.091624877929687500e+03 1.076166748046875000e+03 6.231657862663269043e-01 2.000000000000000000e+00
1.126319824218750000e+03 6.620146484375000000e+02 1.203702880859375000e+03 7.356110229492187500e+02 5.989711880683898926e-01 2.000000000000000000e+00
1.164449829101562500e+03 6.015527954101562500e+02 1.239369506835937500e+03 6.714429931640625000e+02 5.754753351211547852e-01 2.000000000000000000e+00
1.261940185546875000e+03 7.765230102539062500e+02 1.379792358398437500e+03 8.676121826171875000e+02 5.515100955963134766e-01 2.000000000000000000e+00
1.397446411132812500e+03 8.383992919921875000e+02 1.507399169921875000e+03 9.073284301757812500e+02 5.331320166587829590e-01 2.000000000000000000e+00
1.193821899414062500e+03 5.127380981445312500e+02 1.276762084960937500e+03 5.779369506835937500e+02 5.199086070060729980e-01 2.000000000000000000e+00
1.251967041015625000e+03 4.406044311523437500e+02 1.326230468750000000e+03 4.909244384765625000e+02 5.068746805191040039e-01 2.000000000000000000e+00
1.183644165039062500e+03 9.536706542968750000e+02 1.275297607421875000e+03 1.071701538085937500e+03 5.018184185028076172e-01 2.000000000000000000e+00
1.823026733398437500e+03 1.015940399169921875e+02 1.867384765625000000e+03 1.311323852539062500e+02 4.545763731002807617e-01 2.000000000000000000e+00
1.288730957031250000e+03 3.784269409179687500e+02 1.344649291992187500e+03 4.288612060546875000e+02 4.420769810676574707e-01 2.000000000000000000e+00
9.487481079101562500e+02 8.298521728515625000e+02 1.094103271484375000e+03 9.734808959960937500e+02 4.396966695785522461e-01 7.000000000000000000e+00
1.211893554687500000e+03 4.787462463378906250e+02 1.308797729492187500e+03 5.348199462890625000e+02 4.250277876853942871e-01 2.000000000000000000e+00
1.259310180664062500e+03 7.686307983398437500e+02 1.381984619140625000e+03 8.693306884765625000e+02 3.499977588653564453e-01 7.000000000000000000e+00
1.126955688476562500e+03 6.268521728515625000e+02 1.225541870117187500e+03 7.222606201171875000e+02 3.223388493061065674e-01 2.000000000000000000e+00
1.187452514648437500e+03 5.394324951171875000e+02 1.267526123046875000e+03 5.960908813476562500e+02 3.156422078609466553e-01 2.000000000000000000e+00
1.163485351562500000e+03 5.615553588867187500e+02 1.258281616210937500e+03 6.301315307617187500e+02 2.993279099464416504e-01 2.000000000000000000e+00
6.414160156250000000e+02 5.573543090820312500e+02 7.163616333007812500e+02 6.076616821289062500e+02 2.914752066135406494e-01 2.000000000000000000e+00
6.297874755859375000e+02 1.757183837890625000e+02 6.789707641601562500e+02 2.071675567626953125e+02 2.891177535057067871e-01 2.000000000000000000e+00
1.417409179687500000e+03 3.587729187011718750e+02 1.521304199218750000e+03 4.119958496093750000e+02 2.753705680370330811e-01 2.000000000000000000e+00
6.464728393554687500e+02 3.958882141113281250e+02 6.714801635742187500e+02 4.769420166015625000e+02 2.509138584136962891e-01 9.000000000000000000e+00
