1.325923583984375000e+03 6.064336547851562500e+02 1.423110961914062500e+03 6.889103393554687500e+02 6.400729417800903320e-01 2.000000000000000000e+00
8.690662841796875000e+02 2.363082733154296875e+02 1.000648986816406250e+03 3.127324829101562500e+02 5.255671143531799316e-01 7.000000000000000000e+00
1.242790649414062500e+03 7.029042968750000000e+02 1.333228393554687500e+03 7.720541992187500000e+02 4.909974634647369385e-01 2.000000000000000000e+00
1.304629882812500000e+03 1.091287536621093750e+02 1.361963256835937500e+03 1.411228790283203125e+02 4.899477362632751465e-01 2.000000000000000000e+00
6.869500732421875000e+02 3.083501281738281250e+02 8.147320556640625000e+02 3.828446655273437500e+02 4.682705998420715332e-01 7.000000000000000000e+00
1.476212646484375000e+03 7.723168182373046875e+01 1.509327514648437500e+03 1.006585845947265625e+02 4.631808400154113770e-01 2.000000000000000000e+00
1.237519531250000000e+03 6.987046508789062500e+02 1.335164306640625000e+03 7.735366210937500000e+02 4.317577481269836426e-01 7.000000000000000000e+00
1.112062622070312500e+03 8.555164794921875000e+02 1.188452392578125000e+03 9.323154296875000000e+02 4.245453476905822754e-01 2.000000000000000000e+00
2.947758483886718750e+02 8.075126342773437500e+02 5.000955810546875000e+02 9.761014404296875000e+02 4.178033471107482910e-01 7.000000000000000000e+00
1.232829101562500000e+03 7.323829956054687500e+02 1.808665039062500000e+03 1.077807373046875000e+03 4.167591333389282227e-01 7.000000000000000000e+00
2.129180603027343750e+02 3.708050842285156250e+02 2.654947509765625000e+02 3.924022216796875000e+02 4.140134453773498535e-01 2.500000000000000000e+01
8.881703491210937500e+02 3.722514648437500000e+02 1.013198547363281250e+03 4.678365783691406250e+02 3.969930708408355713e-01 7.000000000000000000e+00
1.450847778320312500e+03 7.307973022460937500e+02 1.738523315429687500e+03 9.212426757812500000e+02 3.644119501113891602e-01 7.000000000000000000e+00
1.323643676757812500e+03 6.041152954101562500e+02 1.427794189453125000e+03 6.889423217773437500e+02 3.512849807739257812e-01 7.000000000000000000e+00
1.023865966796875000e+03 9.309730834960937500e+02 1.120408691406250000e+03 1.023424133300781250e+03 2.627214789390563965e-01 2.000000000000000000e+00
