1.265544433593750000e+03 8.508224487304687500e+02 1.382416503906250000e+03 9.236948852539062500e+02 8.536405563354492188e-01 2.000000000000000000e+00
1.181913452148437500e+03 8.305195922851562500e+02 1.294234008789062500e+03 8.904882812500000000e+02 8.272358179092407227e-01 2.000000000000000000e+00
8.873735961914062500e+02 7.094376220703125000e+02 9.203166503906250000e+02 7.428813476562500000e+02 7.999361157417297363e-01 2.000000000000000000e+00
7.276256713867187500e+02 6.807891235351562500e+02 7.672365722656250000e+02 7.116648559570312500e+02 7.701966166496276855e-01 2.000000000000000000e+00
1.355159790039062500e+03 8.985443725585937500e+02 1.400000000000000000e+03 9.575339965820312500e+02 7.552310824394226074e-01 2.000000000000000000e+00
1.081951904296875000e+03 7.785405273437500000e+02 1.178882812500000000e+03 8.301788330078125000e+02 7.350581884384155273e-01 2.000000000000000000e+00
0.000000000000000000e+00 7.878729858398437500e+02 1.769076995849609375e+02 9.116493530273437500e+02 7.066352963447570801e-01 7.000000000000000000e+00
9.718502807617187500e+02 6.640930786132812500e+02 9.982947998046875000e+02 6.881741333007812500e+02 6.901102662086486816e-01 2.000000000000000000e+00
1.126241088867187500e+03 8.109390258789062500e+02 1.220695312500000000e+03 8.574753417968750000e+02 6.759947538375854492e-01 2.000000000000000000e+00
1.173066635131835938e+02 7.128334960937500000e+02 1.558710784912109375e+02 7.427456054687500000e+02 6.479763388633728027e-01 2.000000000000000000e+00
2.674959564208984375e+01 7.248148193359375000e+02 9.657769012451171875e+01 7.578702392578125000e+02 5.826568007469177246e-01 2.000000000000000000e+00
