7.535610351562500000e+02 5.127829589843750000e+02 8.413031005859375000e+02 6.037280883789062500e+02 8.064046502113342285e-01 2.000000000000000000e+00
3.146055030822753906e+01 8.408666992187500000e+02 1.282472381591796875e+02 9.560827026367187500e+02 7.928863167762756348e-01 6.700000000000000000e+01
6.631301879882812500e+02 4.266483154296875000e+02 7.523576049804687500e+02 5.104744567871093750e+02 7.431700229644775391e-01 2.000000000000000000e+00
3.831271667480468750e+02 6.023093261718750000e+02 4.820126647949218750e+02 7.038092041015625000e+02 7.182389497756958008e-01 2.000000000000000000e+00
7.650631103515625000e+02 8.385252075195312500e+02 8.640960693359375000e+02 9.649533081054687500e+02 6.834191083908081055e-01 2.000000000000000000e+00
2.394268341064453125e+02 6.807277221679687500e+02 3.376939697265625000e+02 7.901755981445312500e+02 6.548738479614257812e-01 6.700000000000000000e+01
9.493193359375000000e+02 6.299282836914062500e+02 1.059187011718750000e+03 7.415670166015625000e+02 6.512106060981750488e-01 2.000000000000000000e+00
6.653969116210937500e+02 9.001071166992187500e+02 7.763313598632812500e+02 1.030224731445312500e+03 6.301344633102416992e-01 2.000000000000000000e+00
6.077725830078125000e+02 9.641269531250000000e+02 7.049360961914062500e+02 1.048482788085937500e+03 5.786224603652954102e-01 2.000000000000000000e+00
1.787762145996093750e+02 7.232202148437500000e+02 2.734748840332031250e+02 8.270787963867187500e+02 5.527219176292419434e-01 6.700000000000000000e+01
8.461962280273437500e+02 7.627747802734375000e+02 9.516026000976562500e+02 8.700198364257812500e+02 5.377823114395141602e-01 2.000000000000000000e+00
9.566278839111328125e+01 7.746608276367187500e+02 1.902744598388671875e+02 8.798130493164062500e+02 5.073997378349304199e-01 6.700000000000000000e+01
8.956915893554687500e+02 7.007186889648437500e+02 1.045617675781250000e+03 7.996251220703125000e+02 2.840896844863891602e-01 2.000000000000000000e+00
