7.914678344726562500e+02 7.025065307617187500e+02 9.310625000000000000e+02 9.400887451171875000e+02 8.289690613746643066e-01 2.000000000000000000e+00
4.510160522460937500e+02 1.441638183593750000e+02 5.213006591796875000e+02 1.944132232666015625e+02 8.127676844596862793e-01 2.000000000000000000e+00
1.014399902343750000e+03 2.965028381347656250e+02 1.152773315429687500e+03 3.668878479003906250e+02 7.296880483627319336e-01 2.000000000000000000e+00
1.011986938476562500e+03 3.509497070312500000e+02 1.128366088867187500e+03 4.264037170410156250e+02 7.064298987388610840e-01 2.000000000000000000e+00
1.030423461914062500e+03 7.793088378906250000e+02 1.115542602539062500e+03 9.338859252929687500e+02 6.870367527008056641e-01 2.000000000000000000e+00
4.645272216796875000e+02 3.782235107421875000e+02 4.881462402343750000e+02 4.341903991699218750e+02 6.828612685203552246e-01 0.000000000000000000e+00
2.379886169433593750e+02 1.737812652587890625e+02 2.924692687988281250e+02 2.293770294189453125e+02 6.374503374099731445e-01 2.000000000000000000e+00
9.719871826171875000e+02 2.384658050537109375e+02 1.067825439453125000e+03 2.876044311523437500e+02 6.130783557891845703e-01 2.000000000000000000e+00
8.668674316406250000e+02 1.020186157226562500e+03 9.910997924804687500e+02 1.050000000000000000e+03 5.925074815750122070e-01 2.000000000000000000e+00
4.339360046386718750e+02 3.150691528320312500e+02 4.576347351074218750e+02 3.601614379882812500e+02 5.788111686706542969e-01 0.000000000000000000e+00
2.267892608642578125e+02 5.615284423828125000e+02 3.399108276367187500e+02 7.237101440429687500e+02 5.785591006278991699e-01 2.000000000000000000e+00
1.070499023437500000e+03 2.089471435546875000e+02 1.179300415039062500e+03 2.865001831054687500e+02 5.782554745674133301e-01 2.000000000000000000e+00
8.684508056640625000e+02 3.808425598144531250e+02 8.953867797851562500e+02 4.368527832031250000e+02 5.508585572242736816e-01 0.000000000000000000e+00
7.588524169921875000e+02 1.406823883056640625e+02 7.725918579101562500e+02 1.694605560302734375e+02 5.505180358886718750e-01 9.000000000000000000e+00
4.270691223144531250e+02 6.171926879882812500e+01 4.661625366210937500e+02 1.047017288208007812e+02 5.470620989799499512e-01 2.000000000000000000e+00
8.464329223632812500e+02 5.280585327148437500e+02 9.632445678710937500e+02 6.123934936523437500e+02 5.107014775276184082e-01 2.000000000000000000e+00
0.000000000000000000e+00 6.408659057617187500e+02 1.289643096923828125e+02 7.929793090820312500e+02 5.016851425170898438e-01 2.000000000000000000e+00
1.055610229492187500e+03 5.190324096679687500e+02 1.081605102539062500e+03 5.699535522460937500e+02 4.951225519180297852e-01 0.000000000000000000e+00
5.636517333984375000e+02 1.232296905517578125e+02 6.208901977539062500e+02 1.651514739990234375e+02 4.889744222164154053e-01 2.000000000000000000e+00
5.631942138671875000e+02 1.605011291503906250e+02 6.274430541992187500e+02 2.240862426757812500e+02 4.819724559783935547e-01 2.000000000000000000e+00
6.033554458618164062e+01 9.694271240234375000e+02 2.111281738281250000e+02 1.050000000000000000e+03 4.710583388805389404e-01 2.000000000000000000e+00
1.190261108398437500e+03 1.841514129638671875e+02 1.295704467773437500e+03 2.448852386474609375e+02 4.615405499935150146e-01 2.000000000000000000e+00
7.327103614807128906e-01 4.055287170410156250e+02 9.247190093994140625e+01 4.623277282714843750e+02 4.541094005107879639e-01 2.000000000000000000e+00
8.467839813232421875e+01 2.247042694091796875e+02 1.097097625732421875e+02 2.725009765625000000e+02 4.368165731430053711e-01 0.000000000000000000e+00
2.403347167968750000e+02 1.097039794921875000e+02 2.537977752685546875e+02 1.433401947021484375e+02 4.344680607318878174e-01 0.000000000000000000e+00
1.620015716552734375e+02 7.022472534179687500e+02 3.118363952636718750e+02 9.115967407226562500e+02 3.827110826969146729e-01 2.000000000000000000e+00
4.949418640136718750e+02 1.134192428588867188e+02 5.469330444335937500e+02 1.554130096435546875e+02 3.738752305507659912e-01 2.000000000000000000e+00
9.000713500976562500e+02 3.890275573730468750e+02 9.341100463867187500e+02 4.499230651855468750e+02 3.715006411075592041e-01 0.000000000000000000e+00
6.201593017578125000e+02 1.818840026855468750e+02 6.725515747070312500e+02 2.398965148925781250e+02 3.658206164836883545e-01 2.000000000000000000e+00
1.265676147460937500e+03 9.067310180664062500e+02 1.343871215820312500e+03 1.011268676757812500e+03 3.653012216091156006e-01 2.000000000000000000e+00
1.267382446289062500e+03 9.071793823242187500e+02 1.343520385742187500e+03 1.008510375976562500e+03 3.605032265186309814e-01 0.000000000000000000e+00
0.000000000000000000e+00 7.596992187500000000e+02 3.536620330810546875e+01 8.028381347656250000e+02 3.194099664688110352e-01 2.000000000000000000e+00
3.129046936035156250e+02 1.823320159912109375e+02 3.601735839843750000e+02 2.341876678466796875e+02 3.076711893081665039e-01 2.000000000000000000e+00
9.606338500976562500e+02 5.032200927734375000e+02 1.000487243652343750e+03 5.685453491210937500e+02 3.043262064456939697e-01 0.000000000000000000e+00
8.894750366210937500e+02 3.473913269042968750e+02 9.102890014648437500e+02 3.942642822265625000e+02 3.003410995006561279e-01 0.000000000000000000e+00
1.013694763183593750e+03 7.252213745117187500e+02 1.056200927734375000e+03 7.854733886718750000e+02 2.812736034393310547e-01 0.000000000000000000e+00
1.238832519531250000e+03 7.735110473632812500e+02 1.347018920898437500e+03 8.754731445312500000e+02 2.809544503688812256e-01 0.000000000000000000e+00
3.124237060546875000e+02 1.172420043945312500e+02 3.651326599121093750e+02 2.244062347412109375e+02 2.701703310012817383e-01 5.000000000000000000e+00
3.127523193359375000e+02 1.170833053588867188e+02 3.638982238769531250e+02 2.257842864990234375e+02 2.665114700794219971e-01 7.000000000000000000e+00
0.000000000000000000e+00 1.856452789306640625e+02 1.116678619384765625e+02 2.514327392578125000e+02 2.507305443286895752e-01 2.000000000000000000e+00
