9.280769653320312500e+02 5.313679199218750000e+02 1.043708740234375000e+03 6.699442138671875000e+02 8.036681413650512695e-01 2.000000000000000000e+00
6.349440307617187500e+02 8.369451904296875000e+02 8.451731567382812500e+02 9.371748657226562500e+02 7.945861816406250000e-01 2.000000000000000000e+00
7.759599609375000000e+02 1.832597961425781250e+02 8.590383300781250000e+02 2.245564422607421875e+02 7.737400531768798828e-01 2.000000000000000000e+00
7.384633178710937500e+02 6.812036895751953125e+01 8.234165039062500000e+02 1.198010253906250000e+02 6.121206879615783691e-01 2.000000000000000000e+00
1.128122924804687500e+03 1.009404968261718750e+03 1.168142211914062500e+03 1.050000000000000000e+03 5.905790328979492188e-01 0.000000000000000000e+00
7.552814941406250000e+02 1.412028656005859375e+02 8.413361816406250000e+02 1.816302947998046875e+02 5.622614026069641113e-01 2.000000000000000000e+00
6.226884765625000000e+02 5.312169189453125000e+02 6.396127929687500000e+02 5.685299072265625000e+02 4.870763719081878662e-01 0.000000000000000000e+00
8.509597167968750000e+02 5.212601089477539062e+01 8.824616699218750000e+02 9.212487030029296875e+01 4.358431398868560791e-01 2.000000000000000000e+00
8.495817871093750000e+02 5.706458282470703125e+01 8.878976440429687500e+02 1.271805038452148438e+02 3.727233409881591797e-01 2.000000000000000000e+00
5.981265258789062500e+02 5.467214355468750000e+02 6.128953247070312500e+02 5.742362670898437500e+02 3.549521863460540771e-01 0.000000000000000000e+00
