9.526389312744140625e+01 4.371541137695312500e+02 1.792516937255859375e+02 4.872718200683593750e+02 7.881450653076171875e-01 2.000000000000000000e+00
3.341132812500000000e+02 7.284736938476562500e+02 4.683979492187500000e+02 8.063414306640625000e+02 7.793778181076049805e-01 2.000000000000000000e+00
5.947686157226562500e+02 5.047788696289062500e+02 6.436220703125000000e+02 5.865704345703125000e+02 6.566027998924255371e-01 2.000000000000000000e+00
2.725527954101562500e+02 6.727743530273437500e+02 3.540107727050781250e+02 7.764493408203125000e+02 6.426093578338623047e-01 2.000000000000000000e+00
6.560968017578125000e+02 4.957639465332031250e+02 7.099518432617187500e+02 5.796364135742187500e+02 5.556924343109130859e-01 2.000000000000000000e+00
5.369743652343750000e+02 5.067558288574218750e+02 5.942918090820312500e+02 5.885504760742187500e+02 5.270287990570068359e-01 2.000000000000000000e+00
7.503282470703125000e+02 4.051714782714843750e+02 7.984758300781250000e+02 4.651902770996093750e+02 4.744157493114471436e-01 2.000000000000000000e+00
2.332102203369140625e+02 6.696014404296875000e+00 7.545874023437500000e+02 4.354141235351562500e+02 4.030221402645111084e-01 7.000000000000000000e+00
7.820457153320312500e+02 6.966320190429687500e+02 8.286275634765625000e+02 7.441335449218750000e+02 3.518571555614471436e-01 3.000000000000000000e+00
2.085930938720703125e+02 4.746296997070312500e+02 2.531339569091796875e+02 5.108652954101562500e+02 3.115812838077545166e-01 2.000000000000000000e+00
4.256986694335937500e+02 9.198134155273437500e+02 5.241160888671875000e+02 1.048878173828125000e+03 2.899558842182159424e-01 7.000000000000000000e+00
7.685650024414062500e+02 3.561610412597656250e+02 8.081857910156250000e+02 3.904896240234375000e+02 2.579695284366607666e-01 2.000000000000000000e+00
2.818769226074218750e+02 5.276046142578125000e+02 3.441729431152343750e+02 5.718704223632812500e+02 2.503332197666168213e-01 2.000000000000000000e+00
