1.617636962890625000e+03 9.060291748046875000e+02 1.770912719726562500e+03 1.013063598632812500e+03 8.273496627807617188e-01 2.000000000000000000e+00
6.022439575195312500e+02 2.989560241699218750e+02 6.805831298828125000e+02 3.553609313964843750e+02 7.656262516975402832e-01 2.000000000000000000e+00
6.754279174804687500e+02 5.005625610351562500e+02 7.814724731445312500e+02 5.765072631835937500e+02 7.571769952774047852e-01 2.000000000000000000e+00
1.644192993164062500e+03 8.037128906250000000e+02 1.773250122070312500e+03 8.948347778320312500e+02 7.446672320365905762e-01 2.000000000000000000e+00
1.474598754882812500e+03 7.004295043945312500e+02 1.583724243164062500e+03 7.692174072265625000e+02 7.418802976608276367e-01 2.000000000000000000e+00
8.700205078125000000e+02 2.001339416503906250e+02 9.261640625000000000e+02 2.392112579345703125e+02 6.517427563667297363e-01 2.000000000000000000e+00
1.010936523437500000e+03 1.288981475830078125e+02 1.066697509765625000e+03 1.800097503662109375e+02 6.352016925811767578e-01 2.000000000000000000e+00
1.250642333984375000e+03 4.459063415527343750e+02 1.428097900390625000e+03 5.663346557617187500e+02 6.007036566734313965e-01 7.000000000000000000e+00
1.090104125976562500e+03 1.837885284423828125e+02 1.134173339843750000e+03 2.246351013183593750e+02 5.577923655509948730e-01 2.000000000000000000e+00
8.216025390625000000e+02 2.273636322021484375e+02 8.731732788085937500e+02 2.672527770996093750e+02 5.392509102821350098e-01 2.000000000000000000e+00
1.345261352539062500e+03 7.202837524414062500e+02 1.440804443359375000e+03 8.092175292968750000e+02 4.726778566837310791e-01 2.000000000000000000e+00
8.398656616210937500e+02 6.194429931640625000e+02 9.380666503906250000e+02 6.865155029296875000e+02 4.657692313194274902e-01 2.000000000000000000e+00
8.384384155273437500e+02 6.128837280273437500e+02 1.137914672851562500e+03 8.646400756835937500e+02 4.644336700439453125e-01 7.000000000000000000e+00
3.781724452972412109e+00 5.496762695312500000e+02 1.099319686889648438e+02 6.164023437500000000e+02 4.541488587856292725e-01 2.000000000000000000e+00
8.953847045898437500e+02 1.214356307983398438e+02 9.975667114257812500e+02 1.934922637939453125e+02 4.261731207370758057e-01 7.000000000000000000e+00
8.168220214843750000e+02 1.858441467285156250e+02 8.671403808593750000e+02 2.170809936523437500e+02 4.051716923713684082e-01 2.000000000000000000e+00
5.417854614257812500e+02 4.252470703125000000e+02 6.186571655273437500e+02 4.702658081054687500e+02 3.563599884510040283e-01 2.000000000000000000e+00
3.355515003204345703e+00 5.467348022460937500e+02 1.116062850952148438e+02 6.140186767578125000e+02 3.524927496910095215e-01 7.000000000000000000e+00
8.295935668945312500e+02 2.025757751464843750e+02 9.196764526367187500e+02 2.445261840820312500e+02 3.451755046844482422e-01 2.000000000000000000e+00
7.602695922851562500e+02 3.308467102050781250e+02 8.933849487304687500e+02 4.215015563964843750e+02 3.120481371879577637e-01 7.000000000000000000e+00
1.017872253417968750e+03 7.375877075195312500e+02 1.149556518554687500e+03 8.670412597656250000e+02 3.074531257152557373e-01 2.000000000000000000e+00
6.775804443359375000e+02 6.425408935546875000e+01 7.237974853515625000e+02 9.212683105468750000e+01 2.892161309719085693e-01 2.000000000000000000e+00
5.996770629882812500e+02 2.284393310546875000e+02 6.524659423828125000e+02 2.680016174316406250e+02 2.807188332080841064e-01 2.000000000000000000e+00
