1.063834228515625000e+03 3.140813293457031250e+02 1.200896240234375000e+03 4.125507812500000000e+02 8.871692419052124023e-01 2.000000000000000000e+00
8.797216186523437500e+02 3.232215576171875000e+02 1.000350097656250000e+03 4.054562072753906250e+02 8.635073900222778320e-01 2.000000000000000000e+00
6.577167358398437500e+02 1.180270843505859375e+02 7.510668945312500000e+02 2.212745361328125000e+02 8.610140085220336914e-01 2.000000000000000000e+00
8.892556762695312500e+02 3.969931030273437500e+02 1.034421997070312500e+03 4.865231933593750000e+02 8.495179414749145508e-01 2.000000000000000000e+00
1.211327758789062500e+03 2.674735107421875000e+02 1.327861206054687500e+03 3.329801635742187500e+02 8.479715585708618164e-01 2.000000000000000000e+00
1.229341308593750000e+03 5.180285034179687500e+02 1.371826049804687500e+03 6.383538208007812500e+02 8.242000341415405273e-01 2.000000000000000000e+00
1.059248901367187500e+03 7.029873046875000000e+02 1.218700073242187500e+03 8.364598999023437500e+02 8.204653263092041016e-01 2.000000000000000000e+00
5.876042480468750000e+02 8.510972595214843750e+01 7.010560913085937500e+02 1.687137145996093750e+02 8.109231591224670410e-01 2.000000000000000000e+00
9.536587524414062500e+02 1.326161041259765625e+02 1.044986450195312500e+03 2.466043548583984375e+02 7.943861484527587891e-01 2.000000000000000000e+00
8.927864990234375000e+02 1.653926544189453125e+02 9.488906250000000000e+02 2.553192749023437500e+02 7.345543503761291504e-01 2.000000000000000000e+00
1.209057739257812500e+03 6.378334350585937500e+02 1.387234497070312500e+03 7.803045043945312500e+02 6.973366737365722656e-01 2.000000000000000000e+00
7.359336547851562500e+02 1.471111450195312500e+02 8.137391967773437500e+02 2.427555847167968750e+02 6.879730224609375000e-01 2.000000000000000000e+00
5.773027954101562500e+02 0.000000000000000000e+00 6.534613037109375000e+02 4.171912002563476562e+01 6.227806210517883301e-01 2.000000000000000000e+00
1.330579345703125000e+03 3.309079589843750000e+02 1.400000000000000000e+03 4.106990356445312500e+02 6.204097270965576172e-01 2.000000000000000000e+00
9.997642211914062500e+02 8.609020996093750000e+01 1.092291259765625000e+03 1.927001342773437500e+02 5.825893282890319824e-01 2.000000000000000000e+00
2.071682128906250000e+02 5.641170043945312500e+02 3.717696533203125000e+02 7.697765502929687500e+02 5.388634800910949707e-01 2.000000000000000000e+00
8.201123657226562500e+02 1.592457733154296875e+02 8.820872192382812500e+02 2.554846191406250000e+02 5.162248015403747559e-01 2.000000000000000000e+00
6.920743408203125000e+02 6.861307373046875000e+02 9.125592041015625000e+02 8.532943725585937500e+02 4.935984015464782715e-01 2.000000000000000000e+00
6.670790405273437500e+02 2.796560668945312500e+02 6.909905395507812500e+02 3.228445434570312500e+02 4.930097460746765137e-01 0.000000000000000000e+00
5.974492797851562500e+02 9.649030303955078125e+01 7.488365478515625000e+02 1.972620849609375000e+02 3.883911073207855225e-01 2.000000000000000000e+00
1.334125000000000000e+03 2.023760223388671875e+02 1.400000000000000000e+03 2.741531372070312500e+02 3.855512142181396484e-01 2.000000000000000000e+00
1.065240356445312500e+03 7.130158233642578125e+01 1.133398559570312500e+03 1.478663330078125000e+02 2.817250788211822510e-01 2.000000000000000000e+00
