5.925285816192626953e+00 3.917973937988281250e+02 2.025387115478515625e+02 5.111585388183593750e+02 9.000890254974365234e-01 2.000000000000000000e+00
2.460645141601562500e+02 2.902254943847656250e+02 3.953038940429687500e+02 3.985782470703125000e+02 8.881288170814514160e-01 2.000000000000000000e+00
3.361024475097656250e+02 1.997994842529296875e+02 4.469725341796875000e+02 2.731104736328125000e+02 7.563858628273010254e-01 2.000000000000000000e+00
4.290016174316406250e+02 7.027182006835937500e+01 5.717906494140625000e+02 1.932669677734375000e+02 6.785353422164916992e-01 2.000000000000000000e+00
8.579005126953125000e+02 8.278546142578125000e+01 9.630343017578125000e+02 1.585975189208984375e+02 6.748470664024353027e-01 2.000000000000000000e+00
7.184832153320312500e+02 1.859195556640625000e+02 8.049224243164062500e+02 2.711522216796875000e+02 6.111076474189758301e-01 2.000000000000000000e+00
8.531307983398437500e+02 5.986978149414062500e+02 8.816350708007812500e+02 6.541572875976562500e+02 5.902128219604492188e-01 0.000000000000000000e+00
5.760679321289062500e+02 3.643257446289062500e+02 6.850597534179687500e+02 4.677263793945312500e+02 5.653738379478454590e-01 2.000000000000000000e+00
4.711610412597656250e+02 3.188103637695312500e+02 5.005230102539062500e+02 3.834936218261718750e+02 5.598379969596862793e-01 0.000000000000000000e+00
9.754612426757812500e+02 8.394963989257812500e+02 1.296727294921875000e+03 1.049646972656250000e+03 4.892710447311401367e-01 2.000000000000000000e+00
8.554984741210937500e+02 1.826603851318359375e+02 9.239885864257812500e+02 2.632409973144531250e+02 4.403422474861145020e-01 2.000000000000000000e+00
2.843595581054687500e+02 4.475196228027343750e+02 3.198030090332031250e+02 5.095093688964843750e+02 3.228540420532226562e-01 0.000000000000000000e+00
1.493792533874511719e+00 2.388047790527343750e+02 1.015735015869140625e+02 3.122766418457031250e+02 3.061063587665557861e-01 2.000000000000000000e+00
1.536344757080078125e+02 2.622408752441406250e+02 2.779642333984375000e+02 3.419194335937500000e+02 2.991072833538055420e-01 2.000000000000000000e+00
2.759478759765625000e+02 1.675377960205078125e+02 3.630029296875000000e+02 2.341855773925781250e+02 2.850569784641265869e-01 2.000000000000000000e+00
1.023225463867187500e+03 2.770799398422241211e-01 1.043875610351562500e+03 3.492338180541992188e+01 2.849968969821929932e-01 0.000000000000000000e+00
4.560007019042968750e+02 4.714936017990112305e-01 5.699094238281250000e+02 4.914915847778320312e+01 2.748022079467773438e-01 2.000000000000000000e+00
0.000000000000000000e+00 1.850011444091796875e+02 4.626150512695312500e+01 2.655687561035156250e+02 2.636562883853912354e-01 2.000000000000000000e+00
5.910963745117187500e+02 4.564106464385986328e-02 7.522460937500000000e+02 1.018569717407226562e+02 2.574342191219329834e-01 2.000000000000000000e+00
