1.258696044921875000e+03 3.739529418945312500e+02 1.346859863281250000e+03 4.312029113769531250e+02 8.298014402389526367e-01 2.000000000000000000e+00
4.516463623046875000e+02 8.162569580078125000e+02 5.919935302734375000e+02 9.172558593750000000e+02 8.256133794784545898e-01 2.000000000000000000e+00
9.527303466796875000e+02 5.461278076171875000e+02 1.044451049804687500e+03 6.124732666015625000e+02 7.657294869422912598e-01 2.000000000000000000e+00
1.057263671875000000e+03 4.860223693847656250e+02 1.156491210937500000e+03 5.518003540039062500e+02 7.544425129890441895e-01 2.000000000000000000e+00
1.340305297851562500e+03 3.399087219238281250e+02 1.417443359375000000e+03 3.869896850585937500e+02 7.268746495246887207e-01 2.000000000000000000e+00
1.413485107421875000e+03 2.850404052734375000e+02 1.496731933593750000e+03 3.396593933105468750e+02 7.211623191833496094e-01 2.000000000000000000e+00
1.145532348632812500e+03 4.368653869628906250e+02 1.229846923828125000e+03 4.912084350585937500e+02 6.102679967880249023e-01 2.000000000000000000e+00
6.819549560546875000e+02 6.875025024414062500e+02 7.798853759765625000e+02 7.646182861328125000e+02 6.011884212493896484e-01 2.000000000000000000e+00
9.066398315429687500e+02 6.250293579101562500e+02 9.897834472656250000e+02 6.884683837890625000e+02 5.794852375984191895e-01 2.000000000000000000e+00
1.494062744140625000e+03 2.466487274169921875e+02 1.553914184570312500e+03 2.961250000000000000e+02 5.778312683105468750e-01 2.000000000000000000e+00
1.553933349609375000e+03 2.003174133300781250e+02 1.630028686523437500e+03 2.670003967285156250e+02 5.661132931709289551e-01 2.000000000000000000e+00
8.498240966796875000e+02 6.803774414062500000e+02 9.389888305664062500e+02 7.487951049804687500e+02 5.648893117904663086e-01 2.000000000000000000e+00
1.755558471679687500e+03 1.435338287353515625e+02 1.839348022460937500e+03 2.031401367187500000e+02 5.282346010208129883e-01 2.000000000000000000e+00
1.956087799072265625e+02 9.481035766601562500e+02 3.277001953125000000e+02 1.065475585937500000e+03 4.806589484214782715e-01 2.000000000000000000e+00
8.366196289062500000e+02 6.030544433593750000e+02 9.391413574218750000e+02 6.811145019531250000e+02 4.662046730518341064e-01 2.000000000000000000e+00
4.702100753784179688e+01 7.422999572753906250e+01 8.599941253662109375e+01 1.072232894897460938e+02 3.859100639820098877e-01 2.000000000000000000e+00
1.851756958007812500e+03 7.411715698242187500e+02 1.916000000000000000e+03 7.898718872070312500e+02 3.427386879920959473e-01 2.500000000000000000e+01
1.951157531738281250e+02 9.510551147460937500e+02 3.263893737792968750e+02 1.065037475585937500e+03 2.948322296142578125e-01 7.000000000000000000e+00
3.435606079101562500e+02 6.729751586914062500e+02 3.673076171875000000e+02 7.107234497070312500e+02 2.916189134120941162e-01 0.000000000000000000e+00
3.630014038085937500e+02 8.197083740234375000e+02 4.357228393554687500e+02 8.766427612304687500e+02 2.683724761009216309e-01 2.000000000000000000e+00
