8.453767700195312500e+02 6.309822998046875000e+02 9.469817504882812500e+02 6.990686035156250000e+02 7.843749523162841797e-01 2.000000000000000000e+00
7.656640625000000000e+02 7.821774902343750000e+02 8.608322143554687500e+02 8.377345581054687500e+02 7.721433043479919434e-01 2.000000000000000000e+00
8.528454589843750000e+02 8.061190185546875000e+02 9.588734130859375000e+02 8.561024169921875000e+02 7.530684471130371094e-01 2.000000000000000000e+00
9.568758544921875000e+02 4.026355285644531250e+02 1.045451538085937500e+03 4.598424072265625000e+02 6.962265372276306152e-01 2.000000000000000000e+00
9.217658081054687500e+02 5.290789184570312500e+02 9.984722900390625000e+02 5.707001953125000000e+02 6.900973916053771973e-01 2.000000000000000000e+00
1.010623779296875000e+03 3.369890136718750000e+02 1.079869995117187500e+03 3.799342956542968750e+02 6.597758531570434570e-01 2.000000000000000000e+00
6.059014282226562500e+02 5.928569335937500000e+02 6.837642822265625000e+02 6.364521484375000000e+02 5.917301177978515625e-01 2.000000000000000000e+00
7.375681152343750000e+02 4.332011413574218750e+02 8.027454223632812500e+02 4.684154357910156250e+02 5.620777010917663574e-01 2.000000000000000000e+00
7.753897705078125000e+02 3.870197143554687500e+02 8.342367553710937500e+02 4.307365112304687500e+02 5.464831590652465820e-01 2.000000000000000000e+00
1.167707397460937500e+03 4.535112915039062500e+02 1.239474243164062500e+03 5.194125976562500000e+02 5.033561587333679199e-01 2.000000000000000000e+00
8.008336181640625000e+02 3.512123107910156250e+02 8.525632934570312500e+02 3.872661132812500000e+02 4.379832148551940918e-01 2.000000000000000000e+00
1.042013427734375000e+03 3.081553649902343750e+02 1.091508178710937500e+03 3.399313964843750000e+02 3.467523455619812012e-01 2.000000000000000000e+00
1.160944946289062500e+03 5.430234985351562500e+02 1.231694580078125000e+03 5.784132690429687500e+02 3.349193036556243896e-01 2.000000000000000000e+00
1.796933593750000000e+03 6.177927856445312500e+02 1.912001464843750000e+03 6.799685058593750000e+02 3.300260305404663086e-01 2.000000000000000000e+00
1.828980102539062500e+03 6.693785400390625000e+02 1.916000000000000000e+03 7.713931884765625000e+02 3.131163120269775391e-01 8.000000000000000000e+00
1.823856689453125000e+03 6.645248413085937500e+02 1.916000000000000000e+03 7.720198364257812500e+02 3.076107501983642578e-01 2.000000000000000000e+00
1.909384307861328125e+02 5.827161254882812500e+02 3.633890686035156250e+02 7.170344848632812500e+02 3.007483780384063721e-01 7.000000000000000000e+00
1.622264282226562500e+03 2.789122619628906250e+02 1.736217163085937500e+03 3.332194824218750000e+02 2.908034026622772217e-01 7.000000000000000000e+00
1.981150207519531250e+02 5.326937866210937500e+02 4.576696166992187500e+02 7.382034912109375000e+02 2.717998027801513672e-01 7.000000000000000000e+00
8.305017700195312500e+02 3.116100158691406250e+02 8.908739624023437500e+02 3.413148498535156250e+02 2.664752900600433350e-01 2.000000000000000000e+00
1.324807495117187500e+03 6.972686767578125000e+02 1.731880126953125000e+03 1.064276733398437500e+03 2.534818649291992188e-01 7.000000000000000000e+00
1.143301391601562500e+03 2.482245025634765625e+02 1.234840454101562500e+03 3.323318481445312500e+02 2.522232830524444580e-01 7.000000000000000000e+00
