8.434440917968750000e+02 6.506842041015625000e+02 9.500014038085937500e+02 8.763160400390625000e+02 8.436810970306396484e-01 6.700000000000000000e+01
7.451964111328125000e+02 4.037614440917968750e+02 8.437117919921875000e+02 6.005582275390625000e+02 8.175818920135498047e-01 6.700000000000000000e+01
7.254338378906250000e+02 8.952310791015625000e+02 8.233308715820312500e+02 1.049819946289062500e+03 7.279617786407470703e-01 6.700000000000000000e+01
1.053485473632812500e+03 7.596761474609375000e+02 1.142680297851562500e+03 8.813806762695312500e+02 6.641308069229125977e-01 6.700000000000000000e+01
8.102347412109375000e+02 1.816069793701171875e+02 9.466131591796875000e+02 3.495847778320312500e+02 6.245689988136291504e-01 2.000000000000000000e+00
9.370000610351562500e+02 3.587323427200317383e-01 1.100783569335937500e+03 7.617714691162109375e+01 6.068847775459289551e-01 2.000000000000000000e+00
4.896141967773437500e+02 1.642815246582031250e+02 5.864945678710937500e+02 3.540172424316406250e+02 5.280712842941284180e-01 9.000000000000000000e+00
5.912720336914062500e+02 1.396769714355468750e+02 7.661446533203125000e+02 2.483347320556640625e+02 4.851713478565216064e-01 2.000000000000000000e+00
2.357018432617187500e+02 8.994995117187500000e+02 3.432699890136718750e+02 1.050000000000000000e+03 4.747236967086791992e-01 6.700000000000000000e+01
8.814983520507812500e+02 9.643252563476562500e+02 9.992648315429687500e+02 1.049905151367187500e+03 4.493465423583984375e-01 2.000000000000000000e+00
6.861240844726562500e+02 5.314539718627929688e+01 8.708676147460937500e+02 1.486063385009765625e+02 3.772156238555908203e-01 2.000000000000000000e+00
2.732934761047363281e+01 4.913978271484375000e+02 2.168179321289062500e+02 7.138881225585937500e+02 3.483678400516510010e-01 5.800000000000000000e+01
3.424874496459960938e+01 6.185939941406250000e+02 1.633991699218750000e+02 7.154418945312500000e+02 3.410512804985046387e-01 7.500000000000000000e+01
