1.249580566406250000e+03 3.803826293945312500e+02 1.397354248046875000e+03 4.516503601074218750e+02 7.790753841400146484e-01 2.000000000000000000e+00
6.957111206054687500e+02 1.563160095214843750e+02 7.580187988281250000e+02 2.109449920654296875e+02 7.288959026336669922e-01 2.000000000000000000e+00
5.712045288085937500e+02 8.088334655761718750e+01 6.721796264648437500e+02 1.828629302978515625e+02 5.968870520591735840e-01 2.000000000000000000e+00
1.097282226562500000e+03 1.909157867431640625e+02 1.196025146484375000e+03 2.442500457763671875e+02 5.653942227363586426e-01 2.000000000000000000e+00
7.107255859375000000e+02 8.598340454101562500e+02 7.941133422851562500e+02 9.362826538085937500e+02 5.445220470428466797e-01 3.000000000000000000e+00
7.847951049804687500e+02 1.496808013916015625e+02 8.754378051757812500e+02 2.061699066162109375e+02 4.968748092651367188e-01 2.000000000000000000e+00
1.151943359375000000e+03 2.131223602294921875e+02 1.269094726562500000e+03 2.735042419433593750e+02 4.481536746025085449e-01 2.000000000000000000e+00
1.995773315429687500e+00 2.662245788574218750e+02 2.686688232421875000e+02 4.099692077636718750e+02 4.481013417243957520e-01 2.000000000000000000e+00
5.753532714843750000e+02 5.347280979156494141e+00 6.870098876953125000e+02 5.510087966918945312e+01 4.391871988773345947e-01 2.000000000000000000e+00
1.266790039062500000e+03 9.029609985351562500e+02 1.337106445312500000e+03 9.807347412109375000e+02 4.026478826999664307e-01 0.000000000000000000e+00
7.711222534179687500e+02 6.738664245605468750e+01 8.336715087890625000e+02 1.048417816162109375e+02 3.835933506488800049e-01 2.000000000000000000e+00
7.373268432617187500e+02 9.342114257812500000e+01 8.154152832031250000e+02 1.588910369873046875e+02 3.587789833545684814e-01 2.000000000000000000e+00
1.090589965820312500e+03 9.754313964843750000e+02 1.153949951171875000e+03 1.049293457031250000e+03 3.324722945690155029e-01 0.000000000000000000e+00
1.097518920898437500e+03 2.002586212158203125e+02 1.265883300781250000e+03 2.587769775390625000e+02 3.142236471176147461e-01 2.000000000000000000e+00
6.428516845703125000e+02 7.955998182296752930e-02 7.034003295898437500e+02 4.643413925170898438e+01 3.118237257003784180e-01 2.000000000000000000e+00
1.608740091323852539e+00 5.191189575195312500e+02 1.934058990478515625e+02 7.047053222656250000e+02 2.826371788978576660e-01 2.000000000000000000e+00
7.733150634765625000e+02 9.668607177734375000e+02 8.493802490234375000e+02 1.049529296875000000e+03 2.667841017246246338e-01 0.000000000000000000e+00
7.912555541992187500e+02 1.085883560180664062e+02 8.426109619140625000e+02 1.443256378173828125e+02 2.534212172031402588e-01 2.000000000000000000e+00
