1.232985839843750000e+02 5.610969238281250000e+02 2.393638153076171875e+02 6.375543823242187500e+02 7.786784768104553223e-01 2.000000000000000000e+00
2.683115234375000000e+02 5.079435729980468750e+02 3.402597961425781250e+02 5.687016601562500000e+02 6.962849497795104980e-01 2.000000000000000000e+00
5.741157836914062500e+02 5.759951171875000000e+02 7.161322631835937500e+02 7.060844726562500000e+02 6.810378432273864746e-01 2.000000000000000000e+00
2.549864196777343750e+02 6.385081787109375000e+02 3.366377868652343750e+02 7.110657958984375000e+02 5.600291490554809570e-01 2.000000000000000000e+00
3.126568298339843750e+02 5.900875854492187500e+02 4.367925109863281250e+02 6.796402587890625000e+02 5.421062707901000977e-01 2.000000000000000000e+00
0.000000000000000000e+00 6.102885742187500000e+02 5.102260589599609375e+01 6.945200195312500000e+02 5.179063677787780762e-01 2.000000000000000000e+00
2.027437133789062500e+02 4.352380981445312500e+02 3.171016540527343750e+02 4.940598144531250000e+02 4.595088064670562744e-01 2.000000000000000000e+00
6.868785400390625000e+02 4.790279541015625000e+02 7.969563598632812500e+02 5.831045532226562500e+02 4.049974977970123291e-01 2.000000000000000000e+00
6.870520629882812500e+02 4.802005004882812500e+02 7.945173950195312500e+02 5.808181762695312500e+02 3.803636133670806885e-01 7.000000000000000000e+00
4.271657409667968750e+02 5.042699279785156250e+02 5.937047729492187500e+02 6.056543579101562500e+02 3.778143227100372314e-01 2.000000000000000000e+00
3.976191711425781250e+02 7.032427978515625000e+02 5.514208984375000000e+02 7.880000000000000000e+02 3.551273345947265625e-01 2.000000000000000000e+00
3.612216491699218750e+02 6.384284057617187500e+02 5.020740051269531250e+02 7.678954467773437500e+02 3.465290069580078125e-01 2.000000000000000000e+00
3.830645141601562500e+02 3.580641784667968750e+02 4.984975280761718750e+02 4.372553100585937500e+02 2.944738864898681641e-01 2.000000000000000000e+00
2.748409080505371094e+01 4.722344360351562500e+02 1.723823852539062500e+02 5.520509033203125000e+02 2.839587032794952393e-01 2.000000000000000000e+00
2.396422424316406250e+02 4.780207214355468750e+02 3.246463623046875000e+02 5.425619506835937500e+02 2.610332965850830078e-01 2.000000000000000000e+00
