5.508751831054687500e+02 2.158304595947265625e+02 6.005034790039062500e+02 2.519140625000000000e+02 5.547161698341369629e-01 2.000000000000000000e+00
2.832018432617187500e+02 5.397295532226562500e+02 3.591497192382812500e+02 6.017263183593750000e+02 4.800862371921539307e-01 2.000000000000000000e+00
3.129681396484375000e+02 3.896545715332031250e+02 3.863097534179687500e+02 4.251339721679687500e+02 4.671665132045745850e-01 2.000000000000000000e+00
4.233855895996093750e+02 5.414987182617187500e+02 4.974025573730468750e+02 5.967517700195312500e+02 4.616256952285766602e-01 2.000000000000000000e+00
6.127202758789062500e+02 1.686472473144531250e+02 7.154624023437500000e+02 2.481786499023437500e+02 4.612812399864196777e-01 2.000000000000000000e+00
2.493756256103515625e+02 4.397570800781250000e+02 3.757864074707031250e+02 5.175402832031250000e+02 4.574095010757446289e-01 2.000000000000000000e+00
1.163467025756835938e+01 6.819921264648437500e+02 1.204750442504882812e+02 7.688941040039062500e+02 4.392726421356201172e-01 2.000000000000000000e+00
2.616130371093750000e+02 3.683726806640625000e+02 3.219469299316406250e+02 4.071827087402343750e+02 4.126997292041778564e-01 2.000000000000000000e+00
1.379655151367187500e+02 3.959396667480468750e+02 1.988942718505859375e+02 4.323399047851562500e+02 3.711477518081665039e-01 2.000000000000000000e+00
4.532990722656250000e+02 3.707550659179687500e+02 5.666777343750000000e+02 4.463768920898437500e+02 3.619971275329589844e-01 2.000000000000000000e+00
7.210984497070312500e+02 3.948958435058593750e+02 7.627474975585937500e+02 4.452042846679687500e+02 3.237875699996948242e-01 2.000000000000000000e+00
6.218890380859375000e+02 4.014528198242187500e+02 6.842664794921875000e+02 4.533540649414062500e+02 2.860609591007232666e-01 2.000000000000000000e+00
5.022469177246093750e+02 3.939305114746093750e+02 5.646585693359375000e+02 4.432792358398437500e+02 2.849238812923431396e-01 2.000000000000000000e+00
