9.618134155273437500e+02 6.492445068359375000e+02 1.009316650390625000e+03 6.865745849609375000e+02 5.718562602996826172e-01 2.000000000000000000e+00
9.188803100585937500e+02 6.274760131835937500e+02 9.709210205078125000e+02 6.694033203125000000e+02 4.356009662151336670e-01 2.000000000000000000e+00
7.329492187500000000e+02 6.665520629882812500e+02 8.408810424804687500e+02 7.319212036132812500e+02 4.297719895839691162e-01 2.000000000000000000e+00
7.458312988281250000e+02 4.774556274414062500e+02 8.174661865234375000e+02 5.412605590820312500e+02 4.168443679809570312e-01 2.000000000000000000e+00
1.150616333007812500e+03 5.641982421875000000e+02 1.206016723632812500e+03 5.990477294921875000e+02 4.102213084697723389e-01 2.000000000000000000e+00
1.318768554687500000e+03 4.136376953125000000e+02 1.374932373046875000e+03 4.523412475585937500e+02 4.032730758190155029e-01 2.000000000000000000e+00
1.169624145507812500e+03 6.526692504882812500e+02 1.232072021484375000e+03 6.947491455078125000e+02 3.882509469985961914e-01 2.000000000000000000e+00
1.324202392578125000e+03 6.283919067382812500e+02 1.399158935546875000e+03 6.779782104492187500e+02 3.869569599628448486e-01 2.000000000000000000e+00
1.120096557617187500e+03 5.349603271484375000e+02 1.173370117187500000e+03 5.739468994140625000e+02 3.703673183917999268e-01 2.000000000000000000e+00
1.122142456054687500e+03 5.488928222656250000e+02 1.189918701171875000e+03 5.923498535156250000e+02 2.767293155193328857e-01 2.000000000000000000e+00
1.226300415039062500e+03 6.567921752929687500e+02 1.286984863281250000e+03 6.997404174804687500e+02 2.613556385040283203e-01 2.000000000000000000e+00
