1.275513671875000000e+03 8.445647583007812500e+02 1.400000000000000000e+03 9.249592895507812500e+02 8.673163652420043945e-01 2.000000000000000000e+00
6.702201080322265625e+01 7.804203491210937500e+02 2.194473571777343750e+02 8.414652709960937500e+02 8.267385363578796387e-01 2.000000000000000000e+00
1.113713378906250000e+03 8.369019165039062500e+02 1.266126464843750000e+03 9.119375610351562500e+02 8.207799196243286133e-01 2.000000000000000000e+00
6.804475097656250000e+02 8.576265869140625000e+02 7.972537841796875000e+02 9.584943237304687500e+02 8.146719932556152344e-01 2.000000000000000000e+00
5.068707466125488281e-01 9.646995239257812500e+02 7.364324188232421875e+01 1.045581298828125000e+03 7.357162833213806152e-01 2.000000000000000000e+00
3.954941101074218750e+02 6.930153808593750000e+02 4.404821166992187500e+02 7.363096923828125000e+02 7.106941938400268555e-01 2.000000000000000000e+00
1.166395629882812500e+03 6.888507690429687500e+02 1.321572387695312500e+03 7.708422241210937500e+02 6.471450328826904297e-01 5.000000000000000000e+00
1.417480773925781250e+02 7.372545776367187500e+02 2.345547943115234375e+02 7.821193237304687500e+02 6.309331655502319336e-01 2.000000000000000000e+00
1.251557373046875000e+03 7.122090454101562500e+02 1.399820312500000000e+03 7.947694091796875000e+02 5.652434229850769043e-01 5.000000000000000000e+00
4.030991821289062500e+02 6.548352050781250000e+02 4.317318115234375000e+02 6.802902832031250000e+02 5.618472695350646973e-01 2.000000000000000000e+00
0.000000000000000000e+00 8.736035766601562500e+02 1.425068511962890625e+02 9.640900268554687500e+02 5.351487398147583008e-01 7.000000000000000000e+00
8.707441406250000000e+02 6.447222290039062500e+02 9.696679077148437500e+02 6.922415771484375000e+02 5.243315696716308594e-01 7.000000000000000000e+00
1.355178100585937500e+03 7.431384887695312500e+02 1.398622680664062500e+03 8.147207641601562500e+02 5.216208696365356445e-01 2.000000000000000000e+00
1.884603271484375000e+02 7.062288818359375000e+02 2.666360778808593750e+02 7.479223632812500000e+02 4.541559517383575439e-01 2.000000000000000000e+00
0.000000000000000000e+00 8.746035766601562500e+02 1.458394165039062500e+02 9.647853393554687500e+02 4.499695003032684326e-01 2.000000000000000000e+00
1.114792358398437500e+03 6.773845825195312500e+02 1.258607788085937500e+03 7.537815551757812500e+02 4.499541819095611572e-01 5.000000000000000000e+00
3.501456909179687500e+02 6.390737915039062500e+02 3.764300231933593750e+02 6.654906616210937500e+02 3.875640034675598145e-01 2.000000000000000000e+00
2.316594390869140625e+02 6.707184448242187500e+02 2.759483642578125000e+02 7.029477539062500000e+02 3.807850480079650879e-01 2.000000000000000000e+00
8.739067993164062500e+02 6.444710083007812500e+02 9.688123168945312500e+02 6.936958007812500000e+02 3.324306309223175049e-01 5.000000000000000000e+00
1.353371337890625000e+03 7.412604370117187500e+02 1.400000000000000000e+03 8.160315551757812500e+02 3.047301471233367920e-01 5.000000000000000000e+00
9.057788848876953125e+01 6.894157714843750000e+02 1.044406204223632812e+02 7.197315673828125000e+02 2.864278852939605713e-01 0.000000000000000000e+00
7.121214599609375000e+02 6.316105957031250000e+02 7.424333496093750000e+02 6.521098632812500000e+02 2.820608019828796387e-01 2.000000000000000000e+00
2.303333892822265625e+02 6.828603515625000000e+02 2.779542541503906250e+02 7.136717529296875000e+02 2.542937397956848145e-01 2.000000000000000000e+00
