1.029966659545898438e+02 1.442792510986328125e+02 1.391458892822265625e+02 1.591202850341796875e+02 7.079117298126220703e-01 2.000000000000000000e+00
7.685148620605468750e+01 3.149613647460937500e+02 1.263182220458984375e+02 3.377848510742187500e+02 5.633482933044433594e-01 2.000000000000000000e+00
1.605091094970703125e+02 1.520413513183593750e+02 1.958618621826171875e+02 1.763408660888671875e+02 5.633389353752136230e-01 2.000000000000000000e+00
2.382742118835449219e+01 2.836768493652343750e+02 5.793386840820312500e+01 3.024912414550781250e+02 5.181713700294494629e-01 2.000000000000000000e+00
5.910348892211914062e-01 3.297453613281250000e+02 2.105295181274414062e+01 3.489223632812500000e+02 3.685654699802398682e-01 2.000000000000000000e+00
2.229176635742187500e+02 1.701112670898437500e+02 2.591021728515625000e+02 1.971567077636718750e+02 3.643163144588470459e-01 2.000000000000000000e+00
6.409185180664062500e+02 4.086569824218750000e+02 6.816848754882812500e+02 4.273717651367187500e+02 3.505348861217498779e-01 2.000000000000000000e+00
6.515947875976562500e+02 3.437049560546875000e+02 6.958934326171875000e+02 3.697596435546875000e+02 3.504525721073150635e-01 2.000000000000000000e+00
4.470954132080078125e+01 1.326136779785156250e+02 7.732688903808593750e+01 1.517944946289062500e+02 3.422781825065612793e-01 2.000000000000000000e+00
5.624989624023437500e+02 3.092171020507812500e+02 6.121214599609375000e+02 3.335994262695312500e+02 2.949789464473724365e-01 2.000000000000000000e+00
