8.588324584960937500e+02 4.954300537109375000e+02 9.809683227539062500e+02 5.498574218750000000e+02 7.785436511039733887e-01 2.000000000000000000e+00
9.170017700195312500e+02 5.810510253906250000e+02 1.038985351562500000e+03 6.479131469726562500e+02 7.621926069259643555e-01 2.000000000000000000e+00
6.352614746093750000e+02 3.688790283203125000e+02 7.374735107421875000e+02 4.200632019042968750e+02 7.375694513320922852e-01 2.000000000000000000e+00
8.682177124023437500e+02 3.755107727050781250e+02 9.786488037109375000e+02 4.360726013183593750e+02 7.064446210861206055e-01 2.000000000000000000e+00
1.532791015625000000e+03 6.612318115234375000e+02 1.646902709960937500e+03 7.301575927734375000e+02 6.862573623657226562e-01 2.000000000000000000e+00
1.358970092773437500e+03 6.665280151367187500e+02 1.489039672851562500e+03 7.329031982421875000e+02 6.533780097961425781e-01 2.000000000000000000e+00
7.571463623046875000e+02 3.732991638183593750e+02 8.664710693359375000e+02 4.226976623535156250e+02 6.317868828773498535e-01 2.000000000000000000e+00
1.001392211914062500e+03 3.757223510742187500e+02 1.093242309570312500e+03 4.225171203613281250e+02 6.193510293960571289e-01 2.000000000000000000e+00
1.785637207031250000e+03 3.747779235839843750e+02 1.881595458984375000e+03 4.229224548339843750e+02 5.834128856658935547e-01 2.000000000000000000e+00
1.325780761718750000e+03 3.801779174804687500e+02 1.425209228515625000e+03 4.233630676269531250e+02 4.912508428096771240e-01 2.000000000000000000e+00
4.034216003417968750e+02 5.833148193359375000e+02 5.228020629882812500e+02 6.386678466796875000e+02 4.688355922698974609e-01 7.000000000000000000e+00
1.573659790039062500e+03 3.762269592285156250e+02 1.668532714843750000e+03 4.250146179199218750e+02 4.684667289257049561e-01 2.000000000000000000e+00
4.812265319824218750e+02 5.423814086914062500e+02 5.998139648437500000e+02 6.024813842773437500e+02 4.602003395557403564e-01 2.000000000000000000e+00
6.418685150146484375e+01 0.000000000000000000e+00 6.383793334960937500e+02 2.785157165527343750e+02 4.445828497409820557e-01 4.000000000000000000e+00
1.461023681640625000e+03 5.769351806640625000e+02 1.532524780273437500e+03 6.250290527343750000e+02 4.335007667541503906e-01 2.000000000000000000e+00
1.890325317382812500e+03 3.805316467285156250e+02 1.916000000000000000e+03 4.165268859863281250e+02 4.330050647258758545e-01 2.000000000000000000e+00
1.556251220703125000e+02 5.771384887695312500e+02 2.726169433593750000e+02 6.359273681640625000e+02 4.163182079792022705e-01 7.000000000000000000e+00
1.002505432128906250e+03 5.367869949340820312e+01 1.075559936523437500e+03 9.544147491455078125e+01 4.133820533752441406e-01 2.000000000000000000e+00
4.784149169921875000e+02 5.451555175781250000e+02 6.024926147460937500e+02 6.054684448242187500e+02 3.820995688438415527e-01 7.000000000000000000e+00
1.046328491210937500e+03 5.630959472656250000e+02 1.149764892578125000e+03 6.404124145507812500e+02 3.647657930850982666e-01 5.800000000000000000e+01
1.341380126953125000e+03 5.857877197265625000e+02 1.425678100585937500e+03 6.315781250000000000e+02 3.128372728824615479e-01 2.000000000000000000e+00
7.866188964843750000e+02 5.737874755859375000e+02 9.055237426757812500e+02 6.334201660156250000e+02 2.859531641006469727e-01 2.000000000000000000e+00
