4.314957275390625000e+02 6.902348632812500000e+02 5.277971801757812500e+02 7.543814697265625000e+02 8.283264040946960449e-01 2.000000000000000000e+00
7.920366821289062500e+02 8.131748046875000000e+02 9.029201049804687500e+02 8.903552246093750000e+02 8.265411853790283203e-01 2.000000000000000000e+00
5.418551025390625000e+02 7.507777099609375000e+02 6.225333862304687500e+02 8.142399291992187500e+02 8.179913163185119629e-01 2.000000000000000000e+00
3.066991271972656250e+02 6.350656738281250000e+02 3.870428466796875000e+02 6.865454711914062500e+02 8.099551200866699219e-01 2.000000000000000000e+00
1.652957763671875000e+02 4.816982727050781250e+02 2.277734680175781250e+02 5.252850952148437500e+02 8.012807369232177734e-01 2.000000000000000000e+00
5.829472045898437500e+02 8.523254394531250000e+02 6.915618286132812500e+02 9.327272949218750000e+02 7.998811602592468262e-01 2.000000000000000000e+00
4.403059387207031250e+02 6.365089111328125000e+02 5.168467407226562500e+02 6.870470581054687500e+02 7.830271124839782715e-01 2.000000000000000000e+00
6.375418090820312500e+02 7.383682861328125000e+02 7.178159179687500000e+02 7.969940795898437500e+02 7.799956202507019043e-01 2.000000000000000000e+00
1.334031372070312500e+02 6.054547729492187500e+02 2.075827636718750000e+02 6.572363281250000000e+02 7.578822374343872070e-01 2.000000000000000000e+00
3.887167572975158691e-01 5.315311279296875000e+02 6.210484313964843750e+01 5.826652221679687500e+02 7.311403155326843262e-01 2.000000000000000000e+00
3.695162658691406250e+02 5.681567993164062500e+02 4.384503479003906250e+02 6.325336914062500000e+02 6.643145084381103516e-01 2.000000000000000000e+00
3.194126586914062500e+02 7.081872558593750000e+02 4.042355651855468750e+02 7.731124877929687500e+02 5.945979952812194824e-01 2.000000000000000000e+00
1.006622314453125000e+03 9.400417480468750000e+02 1.135434936523437500e+03 1.030633422851562500e+03 5.747466087341308594e-01 2.000000000000000000e+00
5.480668945312500000e+02 9.061359252929687500e+02 6.324271850585937500e+02 9.712015380859375000e+02 5.264892578125000000e-01 2.000000000000000000e+00
1.267342407226562500e+03 4.921937255859375000e+02 1.316972534179687500e+03 5.491043090820312500e+02 4.431715607643127441e-01 2.000000000000000000e+00
1.147822387695312500e+03 4.806476135253906250e+02 1.203598876953125000e+03 5.345152587890625000e+02 4.412558972835540771e-01 2.000000000000000000e+00
3.201916809082031250e+02 5.460054931640625000e+02 3.828554687500000000e+02 5.923449707031250000e+02 4.379636049270629883e-01 2.000000000000000000e+00
1.129227661132812500e+03 7.297241821289062500e+02 1.225519653320312500e+03 7.839475708007812500e+02 4.036848247051239014e-01 7.000000000000000000e+00
1.091751220703125000e+03 5.888104858398437500e+02 1.142912109375000000e+03 6.637404785156250000e+02 3.959127962589263916e-01 2.000000000000000000e+00
1.221774169921875000e+03 3.184208679199218750e+02 1.310954833984375000e+03 3.671264648437500000e+02 3.402657806873321533e-01 2.000000000000000000e+00
1.037471191406250000e+03 7.860964965820312500e+02 1.087851806640625000e+03 8.133506469726562500e+02 3.168163001537322998e-01 2.000000000000000000e+00
1.094071533203125000e+03 5.911384277343750000e+02 1.143444213867187500e+03 6.636242065429687500e+02 3.160604238510131836e-01 7.000000000000000000e+00
1.013826293945312500e+03 4.121441650390625000e+02 1.047871093750000000e+03 4.510606994628906250e+02 3.136836588382720947e-01 2.000000000000000000e+00
1.220098388671875000e+03 3.171285705566406250e+02 1.311009155273437500e+03 3.680918273925781250e+02 2.841842472553253174e-01 7.000000000000000000e+00
1.085072509765625000e+03 4.281213073730468750e+02 1.122231933593750000e+03 4.731361694335937500e+02 2.701217830181121826e-01 2.000000000000000000e+00
