5.049895019531250000e+02 5.942249679565429688e+01 5.588579711914062500e+02 1.447539367675781250e+02 6.109003424644470215e-01 5.000000000000000000e+00
9.145371093750000000e+02 1.040310592651367188e+02 9.834334716796875000e+02 2.199496459960937500e+02 4.954051971435546875e-01 7.000000000000000000e+00
9.137588500976562500e+02 1.064886169433593750e+02 9.804651489257812500e+02 2.185796966552734375e+02 4.900472164154052734e-01 5.000000000000000000e+00
9.008423461914062500e+02 6.112145423889160156e+00 9.748074951171875000e+02 1.035268402099609375e+02 4.852562844753265381e-01 7.000000000000000000e+00
5.929932861328125000e+02 8.773718261718750000e+01 6.256693115234375000e+02 1.339515533447265625e+02 4.355164468288421631e-01 2.000000000000000000e+00
6.771330566406250000e+02 1.521324157714843750e+02 7.028792724609375000e+02 1.886820831298828125e+02 4.299593865871429443e-01 2.000000000000000000e+00
8.392238159179687500e+02 1.786202697753906250e+02 8.843144531250000000e+02 3.037796936035156250e+02 4.019224643707275391e-01 5.000000000000000000e+00
6.426978149414062500e+02 1.411002807617187500e+02 6.658282470703125000e+02 1.735319519042968750e+02 3.712030351161956787e-01 2.000000000000000000e+00
7.923865966796875000e+02 1.105465698242187500e+02 8.222181396484375000e+02 1.513829193115234375e+02 3.032540678977966309e-01 2.000000000000000000e+00
8.966658325195312500e+02 4.825700759887695312e+00 9.760991821289062500e+02 1.023292694091796875e+02 2.908163368701934814e-01 5.000000000000000000e+00
5.933390502929687500e+02 8.823173522949218750e+01 6.251472778320312500e+02 1.352579956054687500e+02 2.903592586517333984e-01 5.000000000000000000e+00
