9.401665039062500000e+02 5.971228637695312500e+02 9.593115234375000000e+02 6.248478393554687500e+02 4.448482096195220947e-01 0.000000000000000000e+00
1.028949829101562500e+03 6.331027832031250000e+02 1.050599121093750000e+03 6.617515258789062500e+02 4.222425222396850586e-01 0.000000000000000000e+00
1.139900756835937500e+03 5.099800720214843750e+02 1.199237182617187500e+03 5.670863647460937500e+02 3.887355625629425049e-01 8.000000000000000000e+00
8.230507812500000000e+02 4.379989013671875000e+02 8.679426269531250000e+02 4.743703613281250000e+02 3.857822716236114502e-01 8.000000000000000000e+00
7.842031860351562500e+02 5.289725341796875000e+02 8.033482055664062500e+02 5.595472412109375000e+02 3.759354054927825928e-01 0.000000000000000000e+00
7.448401489257812500e+02 4.451134033203125000e+02 7.550397338867187500e+02 4.615433349609375000e+02 3.683538138866424561e-01 0.000000000000000000e+00
9.539016113281250000e+02 5.179591674804687500e+02 9.684919433593750000e+02 5.345654907226562500e+02 3.468268513679504395e-01 0.000000000000000000e+00
1.188016723632812500e+03 7.078279418945312500e+02 1.203153076171875000e+03 7.327704467773437500e+02 3.392247557640075684e-01 0.000000000000000000e+00
3.589731140136718750e+02 5.106044311523437500e+02 3.774077758789062500e+02 5.367395629882812500e+02 3.123828172683715820e-01 9.000000000000000000e+00
8.985675048828125000e+02 5.873912353515625000e+02 9.142627563476562500e+02 6.124135742187500000e+02 3.112069666385650635e-01 0.000000000000000000e+00
8.105305175781250000e+02 5.298934936523437500e+02 8.226480102539062500e+02 5.516387939453125000e+02 3.064517676830291748e-01 0.000000000000000000e+00
1.321763183593750000e+03 5.765324707031250000e+02 1.399278442382812500e+03 6.856032104492187500e+02 3.027218282222747803e-01 8.000000000000000000e+00
7.569645996093750000e+02 5.350303344726562500e+02 7.785162353515625000e+02 5.610081176757812500e+02 2.841689288616180420e-01 0.000000000000000000e+00
8.792573242187500000e+02 5.929508666992187500e+02 8.952443237304687500e+02 6.167722778320312500e+02 2.779574692249298096e-01 0.000000000000000000e+00
7.676468505859375000e+02 5.282904663085937500e+02 7.982241821289062500e+02 5.592524414062500000e+02 2.726512253284454346e-01 0.000000000000000000e+00
7.590952758789062500e+02 4.044708557128906250e+02 7.794672851562500000e+02 4.250921020507812500e+02 2.723261713981628418e-01 0.000000000000000000e+00
1.068801879882812500e+03 4.878356933593750000e+02 1.086015869140625000e+03 5.072756042480468750e+02 2.594497501850128174e-01 0.000000000000000000e+00
3.504397583007812500e+02 5.451369018554687500e+02 3.649225463867187500e+02 5.705029296875000000e+02 2.569505870342254639e-01 0.000000000000000000e+00
