1.591020996093750000e+03 7.869694213867187500e+02 1.690128295898437500e+03 8.548007812500000000e+02 8.013791441917419434e-01 2.000000000000000000e+00
1.445995361328125000e+03 7.150602416992187500e+02 1.562204345703125000e+03 7.916546630859375000e+02 7.517132163047790527e-01 2.000000000000000000e+00
7.595337524414062500e+02 4.626276550292968750e+02 8.367933959960937500e+02 5.223979492187500000e+02 7.252692580223083496e-01 2.000000000000000000e+00
3.641780614852905273e+00 5.494436645507812500e+02 4.395234069824218750e+02 1.039567016601562500e+03 6.386442184448242188e-01 5.000000000000000000e+00
1.702929565429687500e+03 8.724320068359375000e+02 1.831473022460937500e+03 9.796469726562500000e+02 5.946946740150451660e-01 2.000000000000000000e+00
7.663283081054687500e+02 6.535325927734375000e+02 8.544088134765625000e+02 7.129080200195312500e+02 5.837157368659973145e-01 2.000000000000000000e+00
1.538383911132812500e+03 1.849914855957031250e+02 1.600359130859375000e+03 2.267521514892578125e+02 5.461176633834838867e-01 2.000000000000000000e+00
1.026139526367187500e+03 5.064428710937500000e+02 1.091776367187500000e+03 5.495682983398437500e+02 5.012634992599487305e-01 2.000000000000000000e+00
1.798574584960937500e+03 6.070656127929687500e+02 1.906616333007812500e+03 6.732413940429687500e+02 4.854824841022491455e-01 2.000000000000000000e+00
1.118638916015625000e+03 5.477954711914062500e+02 1.189309936523437500e+03 5.948735351562500000e+02 4.656481742858886719e-01 2.000000000000000000e+00
1.303372497558593750e+02 4.119622192382812500e+02 4.116351318359375000e+02 6.040961303710937500e+02 4.639844596385955811e-01 5.000000000000000000e+00
5.749631347656250000e+02 3.023916625976562500e+02 6.414500122070312500e+02 3.476208801269531250e+02 4.470432400703430176e-01 2.000000000000000000e+00
6.051516723632812500e+02 6.393281250000000000e+02 7.746013183593750000e+02 7.770081176757812500e+02 4.351690709590911865e-01 5.000000000000000000e+00
4.461311645507812500e+02 5.506213378906250000e+02 5.245702514648437500e+02 6.160115966796875000e+02 4.333077371120452881e-01 7.000000000000000000e+00
4.395405273437500000e+02 2.250405273437500000e+02 4.881101074218750000e+02 2.609397277832031250e+02 4.297511577606201172e-01 2.000000000000000000e+00
7.690092773437500000e+02 3.890003967285156250e+02 8.379360961914062500e+02 4.350574340820312500e+02 4.126949906349182129e-01 2.000000000000000000e+00
4.741065673828125000e+02 9.439184570312500000e+02 5.992485351562500000e+02 1.065037963867187500e+03 4.056982994079589844e-01 2.000000000000000000e+00
8.261553344726562500e+02 2.283645324707031250e+02 8.745208740234375000e+02 2.598259887695312500e+02 3.998902440071105957e-01 2.000000000000000000e+00
1.840710083007812500e+03 1.976441955566406250e+02 1.916000000000000000e+03 2.791650390625000000e+02 3.987832665443420410e-01 2.000000000000000000e+00
1.860944335937500000e+03 9.197703247070312500e+02 1.916000000000000000e+03 9.787861328125000000e+02 3.769659698009490967e-01 2.000000000000000000e+00
8.456063842773437500e+02 4.267739257812500000e+02 9.182203369140625000e+02 4.754594421386718750e+02 3.697174787521362305e-01 2.000000000000000000e+00
9.691274414062500000e+02 4.842325439453125000e+02 1.016605712890625000e+03 5.181209106445312500e+02 3.589967191219329834e-01 2.000000000000000000e+00
3.490949401855468750e+02 1.869211730957031250e+02 3.985092163085937500e+02 2.160378723144531250e+02 3.299266993999481201e-01 2.000000000000000000e+00
1.020870239257812500e+03 5.006831665039062500e+02 1.072826171875000000e+03 5.362778320312500000e+02 3.260777890682220459e-01 2.000000000000000000e+00
1.115890014648437500e+03 5.484232177734375000e+02 1.193371582031250000e+03 5.997750244140625000e+02 3.254048824310302734e-01 7.000000000000000000e+00
4.764775085449218750e+02 9.385661010742187500e+02 5.998670043945312500e+02 1.063799072265625000e+03 3.247223794460296631e-01 7.000000000000000000e+00
1.823562866210937500e+03 1.920144805908203125e+02 1.894314697265625000e+03 2.456904449462890625e+02 3.227941095829010010e-01 2.000000000000000000e+00
5.023582153320312500e+02 6.013253784179687500e+02 5.821610107421875000e+02 6.427567749023437500e+02 3.210266530513763428e-01 2.000000000000000000e+00
1.717486328125000000e+03 1.711230316162109375e+02 1.797922851562500000e+03 2.156223602294921875e+02 3.186529278755187988e-01 2.000000000000000000e+00
1.583250854492187500e+03 7.821539306640625000e+02 1.647123046875000000e+03 8.233851928710937500e+02 3.052338361740112305e-01 2.000000000000000000e+00
1.540783447265625000e+03 7.720628051757812500e+02 1.594689941406250000e+03 8.341012573242187500e+02 2.893706560134887695e-01 2.000000000000000000e+00
1.573767089843750000e+03 1.077933425903320312e+02 1.623359130859375000e+03 1.444034118652343750e+02 2.724108099937438965e-01 2.000000000000000000e+00
1.771750488281250000e+03 1.709560699462890625e+02 1.836243774414062500e+03 2.125080108642578125e+02 2.654945254325866699e-01 2.000000000000000000e+00
1.294481353759765625e+02 4.105773620605468750e+02 4.105461120605468750e+02 5.930440673828125000e+02 2.619997859001159668e-01 7.000000000000000000e+00
1.332235107421875000e+03 6.569421386718750000e+02 1.421546264648437500e+03 7.181964721679687500e+02 2.506861388683319092e-01 2.000000000000000000e+00
