6.654134521484375000e+02 9.983079833984375000e+02 7.528558349609375000e+02 1.043203125000000000e+03 7.744649648666381836e-01 2.000000000000000000e+00
0.000000000000000000e+00 9.589520874023437500e+02 6.670973968505859375e+01 1.022057434082031250e+03 6.784952282905578613e-01 2.000000000000000000e+00
4.446739959716796875e+01 9.055704345703125000e+02 1.252468185424804688e+02 9.413591308593750000e+02 6.445560455322265625e-01 2.000000000000000000e+00
2.289694976806640625e+02 9.068940429687500000e+02 3.013950805664062500e+02 9.487487792968750000e+02 5.340620875358581543e-01 2.000000000000000000e+00
1.673137664794921875e+02 9.500798339843750000e+02 2.510449829101562500e+02 9.992433471679687500e+02 5.317353010177612305e-01 2.000000000000000000e+00
1.725290283203125000e+03 4.146423339843750000e+02 1.915341430664062500e+03 5.238438720703125000e+02 5.021654367446899414e-01 6.000000000000000000e+00
7.532373657226562500e+02 8.166382446289062500e+02 7.936353149414062500e+02 8.562829589843750000e+02 4.834347665309906006e-01 2.000000000000000000e+00
9.422124023437500000e+02 8.223529052734375000e+02 9.987382202148437500e+02 8.827802734375000000e+02 4.602481424808502197e-01 2.000000000000000000e+00
1.744048339843750000e+03 5.013681945800781250e+02 1.783391357421875000e+03 5.267487792968750000e+02 4.549376070499420166e-01 2.000000000000000000e+00
1.263201049804687500e+03 5.803956298828125000e+02 1.307259277343750000e+03 6.132532348632812500e+02 4.308421015739440918e-01 2.000000000000000000e+00
9.180492553710937500e+02 4.706327514648437500e+02 9.538883666992187500e+02 5.021185607910156250e+02 4.219514429569244385e-01 2.000000000000000000e+00
1.871842529296875000e+03 5.419238281250000000e+02 1.915447387695312500e+03 5.767536010742187500e+02 4.001883268356323242e-01 2.000000000000000000e+00
1.562301391601562500e+03 4.214821777343750000e+02 1.609209106445312500e+03 4.509911193847656250e+02 3.989610373973846436e-01 2.000000000000000000e+00
5.169376134872436523e-01 5.348165893554687500e+02 1.159653320312500000e+02 7.517308349609375000e+02 3.850199580192565918e-01 5.000000000000000000e+00
1.649077880859375000e+03 4.531503906250000000e+02 1.675624755859375000e+03 4.757467956542968750e+02 3.812498450279235840e-01 2.000000000000000000e+00
7.058069458007812500e+02 8.499475097656250000e+02 7.965203247070312500e+02 9.640155639648437500e+02 3.754523694515228271e-01 7.000000000000000000e+00
9.351624145507812500e+02 7.652565917968750000e+02 9.748789672851562500e+02 8.009924926757812500e+02 3.323933780193328857e-01 2.000000000000000000e+00
1.699270507812500000e+03 4.772650451660156250e+02 1.736890869140625000e+03 5.062770385742187500e+02 3.303553164005279541e-01 2.000000000000000000e+00
1.804017211914062500e+03 3.871947021484375000e+02 1.852455932617187500e+03 4.104334716796875000e+02 3.272760212421417236e-01 2.000000000000000000e+00
8.242182617187500000e+02 6.033101806640625000e+02 8.681049194335937500e+02 6.876204833984375000e+02 3.047938048839569092e-01 7.000000000000000000e+00
1.217250732421875000e+03 5.185758666992187500e+02 1.254129028320312500e+03 5.487753295898437500e+02 2.907449007034301758e-01 2.000000000000000000e+00
1.830792724609375000e+03 5.229140625000000000e+02 1.870520507812500000e+03 5.551220092773437500e+02 2.869490087032318115e-01 2.000000000000000000e+00
1.757839721679687500e+03 5.087337646484375000e+02 1.806282104492187500e+03 5.314965209960937500e+02 2.855778634548187256e-01 2.000000000000000000e+00
6.866996459960937500e+02 7.022999267578125000e+02 7.187112426757812500e+02 7.343806152343750000e+02 2.817316353321075439e-01 2.000000000000000000e+00
1.714515380859375000e+03 4.883549804687500000e+02 1.761929321289062500e+03 5.172961425781250000e+02 2.679691612720489502e-01 2.000000000000000000e+00
4.691800842285156250e+02 5.214923706054687500e+02 5.198986206054687500e+02 5.663138427734375000e+02 2.668285369873046875e-01 2.000000000000000000e+00
1.689062255859375000e+03 4.698848571777343750e+02 1.730433227539062500e+03 5.006585083007812500e+02 2.518337070941925049e-01 2.000000000000000000e+00
1.671564208984375000e+03 4.651849670410156250e+02 1.715401245117187500e+03 4.899352111816406250e+02 2.516466677188873291e-01 2.000000000000000000e+00
