6.915455932617187500e+02 5.939138183593750000e+02 7.980612792968750000e+02 8.725405883789062500e+02 8.090897798538208008e-01 6.700000000000000000e+01
7.113721313476562500e+02 1.049731540679931641e+01 7.673954467773437500e+02 6.882111358642578125e+01 7.924123406410217285e-01 2.000000000000000000e+00
9.544629516601562500e+02 7.011328125000000000e+02 1.126079467773437500e+03 9.726159057617187500e+02 7.596178650856018066e-01 6.700000000000000000e+01
3.156458435058593750e+02 4.813603515625000000e+02 4.447503967285156250e+02 7.222252807617187500e+02 7.533996701240539551e-01 2.000000000000000000e+00
7.087827148437500000e+02 1.016610183715820312e+02 7.910076904296875000e+02 2.250880432128906250e+02 7.483776807785034180e-01 2.000000000000000000e+00
7.138445434570312500e+02 2.553417510986328125e+02 8.067227783203125000e+02 4.282499084472656250e+02 7.385540008544921875e-01 6.700000000000000000e+01
1.237886718750000000e+03 7.802838134765625000e+02 1.400000000000000000e+03 9.136003417968750000e+02 7.158389091491699219e-01 6.700000000000000000e+01
7.138888549804687500e+02 2.549531250000000000e+02 8.071774902343750000e+02 4.329418640136718750e+02 5.742554664611816406e-01 2.000000000000000000e+00
5.847161254882812500e+02 2.949000854492187500e+02 6.832425537109375000e+02 4.722528076171875000e+02 5.500704646110534668e-01 2.000000000000000000e+00
5.854159545898437500e+02 2.949510803222656250e+02 6.827398071289062500e+02 4.728693542480468750e+02 5.435262918472290039e-01 6.700000000000000000e+01
7.034873046875000000e+02 1.030285110473632812e+02 7.911826782226562500e+02 2.249123992919921875e+02 4.955773949623107910e-01 6.700000000000000000e+01
9.461330566406250000e+02 1.531687927246093750e+02 1.045793579101562500e+03 2.972362365722656250e+02 3.951974809169769287e-01 2.000000000000000000e+00
9.455873413085937500e+02 1.526028137207031250e+02 1.045186035156250000e+03 2.956535034179687500e+02 3.673330247402191162e-01 7.000000000000000000e+00
9.996829833984375000e+02 6.552088928222656250e+01 1.032582641601562500e+03 1.380027313232421875e+02 2.730885744094848633e-01 0.000000000000000000e+00
