6.110495605468750000e+02 4.035192565917968750e+02 6.546926269531250000e+02 4.270497436523437500e+02 6.292015314102172852e-01 2.000000000000000000e+00
2.618981018066406250e+02 2.775446166992187500e+02 3.055940856933593750e+02 3.003923950195312500e+02 5.921646952629089355e-01 2.000000000000000000e+00
7.697122192382812500e+02 3.043193359375000000e+02 8.053995361328125000e+02 3.276126708984375000e+02 5.473300814628601074e-01 2.000000000000000000e+00
1.185450805664062500e+03 9.904010009765625000e+01 1.231552490234375000e+03 1.200502700805664062e+02 5.451507568359375000e-01 2.000000000000000000e+00
9.191423950195312500e+02 3.813950805664062500e+02 1.018319274902343750e+03 4.476481323242187500e+02 5.104069113731384277e-01 5.000000000000000000e+00
9.498947753906250000e+02 1.870335845947265625e+02 1.197241577148437500e+03 2.917884826660156250e+02 4.959286749362945557e-01 5.000000000000000000e+00
1.121276000976562500e+03 6.004156112670898438e+01 1.178035888671875000e+03 1.011778793334960938e+02 4.449881613254547119e-01 2.000000000000000000e+00
9.373129272460937500e+02 4.763506164550781250e+02 9.944758911132812500e+02 5.090159301757812500e+02 4.279080331325531006e-01 2.000000000000000000e+00
3.603566169738769531e+00 2.870961303710937500e+02 6.229312133789062500e+01 3.184254150390625000e+02 4.217922985553741455e-01 2.000000000000000000e+00
1.086670043945312500e+03 4.559799575805664062e+01 1.136940795898437500e+03 6.894049072265625000e+01 4.196836948394775391e-01 2.000000000000000000e+00
8.431351318359375000e+02 2.875697021484375000e+02 8.861191406250000000e+02 3.078233032226562500e+02 3.275383114814758301e-01 2.000000000000000000e+00
9.856997680664062500e+02 5.948676681518554688e+01 1.031507324218750000e+03 7.872178649902343750e+01 3.211969733238220215e-01 2.000000000000000000e+00
1.196268066406250000e+03 2.631393814086914062e+01 1.231179687500000000e+03 6.138142013549804688e+01 3.130337893962860107e-01 2.000000000000000000e+00
7.968078002929687500e+02 3.087475280761718750e+02 8.175433959960937500e+02 3.310281372070312500e+02 2.892335057258605957e-01 2.000000000000000000e+00
