6.571077880859375000e+02 4.450071411132812500e+02 6.853244018554687500e+02 4.777462768554687500e+02 5.579330921173095703e-01 2.000000000000000000e+00
7.964145507812500000e+02 3.409485473632812500e+02 8.226801757812500000e+02 3.707788696289062500e+02 4.590206146240234375e-01 2.000000000000000000e+00
5.801033325195312500e+02 6.145704956054687500e+02 6.200186767578125000e+02 6.542279663085937500e+02 3.804767131805419922e-01 2.000000000000000000e+00
4.627339172363281250e+02 3.613306274414062500e+02 4.791618652343750000e+02 4.063556213378906250e+02 3.785628974437713623e-01 0.000000000000000000e+00
8.853680419921875000e+02 4.123901977539062500e+02 9.091380004882812500e+02 4.384534301757812500e+02 3.776064813137054443e-01 2.000000000000000000e+00
7.994417724609375000e+02 5.155256958007812500e+02 1.056513549804687500e+03 7.790524902343750000e+02 3.623878657817840576e-01 5.000000000000000000e+00
6.340837402343750000e+02 3.964216003417968750e+02 6.610019531250000000e+02 4.198328857421875000e+02 3.401202261447906494e-01 2.000000000000000000e+00
4.756187133789062500e+02 3.398577880859375000e+02 5.163533935546875000e+02 3.676281738281250000e+02 3.120016753673553467e-01 2.000000000000000000e+00
6.888448486328125000e+02 4.590186462402343750e+02 7.183980102539062500e+02 4.924221496582031250e+02 2.879793643951416016e-01 2.000000000000000000e+00
9.083005371093750000e+02 9.225779724121093750e+01 9.244903564453125000e+02 1.088200683593750000e+02 2.802145779132843018e-01 2.000000000000000000e+00
