9.555650634765625000e+02 5.394534912109375000e+02 1.111746826171875000e+03 7.165484619140625000e+02 8.645164370536804199e-01 2.000000000000000000e+00
8.095056762695312500e+02 4.963868408203125000e+02 9.413677368164062500e+02 6.700313720703125000e+02 8.143953680992126465e-01 2.000000000000000000e+00
7.818707885742187500e+02 3.819873352050781250e+02 8.849686889648437500e+02 4.974855957031250000e+02 7.733927965164184570e-01 2.000000000000000000e+00
7.665465087890625000e+02 2.839744567871093750e+02 8.588214111328125000e+02 3.803476257324218750e+02 6.113442182540893555e-01 2.000000000000000000e+00
5.383892822265625000e+02 4.655704498291015625e+01 5.913798828125000000e+02 1.467583618164062500e+02 5.968439579010009766e-01 2.000000000000000000e+00
5.904085083007812500e+02 5.166845092773437500e+02 6.921890869140625000e+02 6.884940185546875000e+02 5.371536016464233398e-01 6.700000000000000000e+01
5.960775146484375000e+02 3.816900024414062500e+02 6.657879028320312500e+02 5.114132690429687500e+02 5.359666347503662109e-01 6.700000000000000000e+01
4.511500549316406250e+02 1.636316108703613281e+01 4.964222412109375000e+02 6.880394744873046875e+01 5.013832449913024902e-01 2.000000000000000000e+00
5.451646728515625000e+02 0.000000000000000000e+00 6.237138671875000000e+02 6.354637145996093750e+01 4.846133887767791748e-01 2.000000000000000000e+00
8.341783447265625000e+02 2.738411560058593750e+02 9.222380371093750000e+02 3.915625610351562500e+02 4.678170382976531982e-01 2.000000000000000000e+00
8.794411010742187500e+02 6.939317626953125000e+02 9.254683227539062500e+02 7.736035766601562500e+02 4.551084935665130615e-01 0.000000000000000000e+00
5.957902221679687500e+02 3.810550231933593750e+02 6.670405883789062500e+02 5.109352111816406250e+02 4.283410608768463135e-01 2.000000000000000000e+00
5.874257202148437500e+02 1.219473266601562500e+02 6.380757446289062500e+02 2.020776519775390625e+02 4.138050377368927002e-01 2.000000000000000000e+00
7.413097534179687500e+02 2.031104278564453125e+02 8.155438842773437500e+02 2.837290039062500000e+02 4.059675633907318115e-01 2.000000000000000000e+00
7.117846069335937500e+02 7.317876434326171875e+01 7.701033935546875000e+02 1.507261962890625000e+02 3.778085708618164062e-01 2.000000000000000000e+00
7.329459228515625000e+02 1.393443298339843750e+02 7.985598754882812500e+02 2.235473480224609375e+02 3.646780550479888916e-01 2.000000000000000000e+00
4.162202148437500000e+02 6.022780761718750000e+02 5.413829345703125000e+02 8.128029174804687500e+02 3.532579243183135986e-01 6.700000000000000000e+01
5.889843750000000000e+02 1.986846466064453125e+02 6.451127319335937500e+02 3.055716552734375000e+02 3.519029617309570312e-01 2.000000000000000000e+00
2.530675354003906250e+02 4.856356506347656250e+02 3.611525268554687500e+02 6.115773925781250000e+02 3.203012645244598389e-01 2.000000000000000000e+00
3.301135301589965820e+00 2.617651977539062500e+02 2.776298522949218750e+02 6.703370361328125000e+02 2.764304876327514648e-01 6.300000000000000000e+01
5.863559570312500000e+02 9.706401824951171875e+01 6.351876220703125000e+02 1.707081298828125000e+02 2.761414945125579834e-01 2.000000000000000000e+00
7.051763916015625000e+02 4.903593444824218750e+01 7.593011474609375000e+02 1.251108245849609375e+02 2.681609988212585449e-01 2.000000000000000000e+00
