1.520015380859375000e+03 8.318978881835937500e+02 1.608384887695312500e+03 9.415865478515625000e+02 6.091300249099731445e-01 2.000000000000000000e+00
2.089648842811584473e-01 7.421344604492187500e+02 8.946681213378906250e+01 7.953389282226562500e+02 5.149895548820495605e-01 2.000000000000000000e+00
1.524109252929687500e+03 6.057390747070312500e+02 1.574977050781250000e+03 6.770005493164062500e+02 5.078158378601074219e-01 2.000000000000000000e+00
1.730103759765625000e+03 3.750249633789062500e+02 1.773559936523437500e+03 4.352289123535156250e+02 4.312272965908050537e-01 2.000000000000000000e+00
1.785107543945312500e+03 6.121911621093750000e+02 1.915489135742187500e+03 9.655603637695312500e+02 3.632572293281555176e-01 5.000000000000000000e+00
1.755686035156250000e+02 3.949107666015625000e+02 2.495117034912109375e+02 4.430188903808593750e+02 3.349562883377075195e-01 2.000000000000000000e+00
1.883012084960937500e+02 7.482624511718750000e+02 3.169651184082031250e+02 8.378745117187500000e+02 3.345051705837249756e-01 2.000000000000000000e+00
1.896834564208984375e+02 7.486255493164062500e+02 3.158767700195312500e+02 8.366672363281250000e+02 3.290509879589080811e-01 7.000000000000000000e+00
1.567576538085937500e+03 7.802141113281250000e+02 1.677824218750000000e+03 9.295672607421875000e+02 3.224141001701354980e-01 2.000000000000000000e+00
2.746085929870605469e+01 6.219147949218750000e+02 1.482872314453125000e+02 6.750061645507812500e+02 2.924928665161132812e-01 7.000000000000000000e+00
3.186354255676269531e+01 6.208916015625000000e+02 1.473030853271484375e+02 6.761540527343750000e+02 2.749447822570800781e-01 2.000000000000000000e+00
1.567905151367187500e+03 7.798639526367187500e+02 1.679674438476562500e+03 9.261875000000000000e+02 2.676487267017364502e-01 7.000000000000000000e+00
