8.343803710937500000e+02 8.509750366210937500e+02 9.376708374023437500e+02 9.096867675781250000e+02 8.923717141151428223e-01 2.000000000000000000e+00
1.130023651123046875e+02 7.554461669921875000e+02 1.647799835205078125e+02 8.014838256835937500e+02 8.361281156539916992e-01 2.000000000000000000e+00
5.733610229492187500e+02 7.511552124023437500e+02 6.199830932617187500e+02 7.785913696289062500e+02 8.173547983169555664e-01 2.000000000000000000e+00
7.930725860595703125e+01 7.046365356445312500e+02 1.097836380004882812e+02 7.306207275390625000e+02 7.516224980354309082e-01 2.000000000000000000e+00
4.949005737304687500e+02 7.299962158203125000e+02 5.399083251953125000e+02 7.597103881835937500e+02 6.792423725128173828e-01 2.000000000000000000e+00
6.666497802734375000e+02 7.077920532226562500e+02 7.583411865234375000e+02 7.584516601562500000e+02 6.347381472587585449e-01 5.000000000000000000e+00
1.113237670898437500e+03 7.879734497070312500e+02 1.239358520507812500e+03 8.890178222656250000e+02 5.575539469718933105e-01 5.000000000000000000e+00
4.707828369140625000e+02 6.836185913085937500e+02 5.117519226074218750e+02 7.060275268554687500e+02 5.379493236541748047e-01 2.000000000000000000e+00
1.037337158203125000e+03 7.702110595703125000e+02 1.177533813476562500e+03 8.622661743164062500e+02 4.781504869461059570e-01 5.000000000000000000e+00
4.042544555664062500e+02 6.901407470703125000e+02 4.403501281738281250e+02 7.149004516601562500e+02 4.718581438064575195e-01 2.000000000000000000e+00
1.077856323242187500e+03 7.409912719726562500e+02 1.200260009765625000e+03 7.976152343750000000e+02 4.216645061969757080e-01 5.000000000000000000e+00
9.579937133789062500e+02 7.602419433593750000e+02 1.071837524414062500e+03 8.415152587890625000e+02 4.158135652542114258e-01 5.000000000000000000e+00
3.229690246582031250e+02 6.549121093750000000e+02 3.662891235351562500e+02 6.812617187500000000e+02 4.028316140174865723e-01 2.000000000000000000e+00
4.328184814453125000e+02 6.880620117187500000e+02 4.623333740234375000e+02 7.060382690429687500e+02 3.928257822990417480e-01 2.000000000000000000e+00
1.325325195312500000e+03 7.854283447265625000e+02 1.375010253906250000e+03 8.168453369140625000e+02 3.577252924442291260e-01 2.000000000000000000e+00
9.041665039062500000e+02 7.452824707031250000e+02 1.017083068847656250e+03 8.201962280273437500e+02 3.383620679378509521e-01 5.000000000000000000e+00
9.037468872070312500e+02 7.451738891601562500e+02 1.019710449218750000e+03 8.215496826171875000e+02 3.285497725009918213e-01 7.000000000000000000e+00
3.321752319335937500e+02 1.021434631347656250e+03 4.127322692871093750e+02 1.050000000000000000e+03 3.108467459678649902e-01 2.000000000000000000e+00
