3.509979248046875000e+02 5.315655517578125000e+01 4.022840576171875000e+02 9.555902862548828125e+01 6.789916157722473145e-01 2.000000000000000000e+00
7.719263305664062500e+02 1.519437713623046875e+02 7.975214233398437500e+02 1.832665405273437500e+02 6.486176252365112305e-01 2.000000000000000000e+00
1.153461669921875000e+03 2.302474517822265625e+02 1.399517211914062500e+03 6.040341186523437500e+02 6.382080912590026855e-01 5.000000000000000000e+00
3.744848022460937500e+02 5.020907402038574219e+00 4.203171081542968750e+02 2.841611099243164062e+01 5.872722268104553223e-01 2.000000000000000000e+00
8.351484985351562500e+02 3.296350708007812500e+02 8.627205200195312500e+02 3.682915039062500000e+02 5.804011821746826172e-01 2.000000000000000000e+00
7.280440673828125000e+02 1.322156982421875000e+02 7.514653320312500000e+02 1.580723419189453125e+02 5.671440362930297852e-01 2.000000000000000000e+00
7.812808837890625000e+02 2.509942016601562500e+02 8.073768310546875000e+02 2.872518310546875000e+02 5.510894656181335449e-01 2.000000000000000000e+00
2.570099792480468750e+02 1.501689453125000000e+02 2.848148193359375000e+02 1.873946228027343750e+02 5.065651535987854004e-01 2.000000000000000000e+00
7.336321411132812500e+02 3.402186279296875000e+02 7.616307983398437500e+02 3.859475097656250000e+02 4.929178357124328613e-01 2.000000000000000000e+00
7.258635864257812500e+02 6.729904174804687500e+01 7.498284912109375000e+02 9.040688323974609375e+01 4.616144895553588867e-01 2.000000000000000000e+00
2.206785583496093750e+02 1.927533111572265625e+02 2.534052429199218750e+02 2.302222900390625000e+02 4.342359602451324463e-01 2.000000000000000000e+00
6.628582763671875000e+02 4.940858078002929688e+01 6.855487670898437500e+02 7.604497528076171875e+01 4.129515886306762695e-01 2.000000000000000000e+00
2.724398193359375000e+02 6.685696411132812500e+01 3.003491516113281250e+02 9.969649505615234375e+01 4.076225757598876953e-01 2.000000000000000000e+00
1.960704803466796875e+02 1.108817977905273438e+02 2.243467864990234375e+02 1.395077209472656250e+02 3.794444501399993896e-01 2.000000000000000000e+00
4.122639465332031250e+02 6.946471405029296875e+01 4.539108886718750000e+02 9.271170806884765625e+01 3.722822368144989014e-01 2.000000000000000000e+00
2.528891448974609375e+02 9.749916076660156250e+00 2.793152465820312500e+02 3.492248916625976562e+01 3.719199001789093018e-01 2.000000000000000000e+00
1.475370483398437500e+02 3.169838333129882812e+01 1.869641265869140625e+02 7.049230957031250000e+01 3.650915026664733887e-01 2.000000000000000000e+00
2.179649200439453125e+02 7.761282348632812500e+01 2.462165679931640625e+02 1.070231933593750000e+02 3.447839021682739258e-01 2.000000000000000000e+00
9.048297119140625000e+02 4.810641174316406250e+02 9.361241455078125000e+02 5.181362915039062500e+02 3.404621779918670654e-01 2.000000000000000000e+00
1.733769531250000000e+02 3.545162963867187500e+01 2.064182281494140625e+02 6.765371704101562500e+01 3.286965191364288330e-01 2.000000000000000000e+00
7.218066406250000000e+02 5.025101013183593750e+02 7.554677734375000000e+02 5.573066406250000000e+02 3.246859312057495117e-01 2.000000000000000000e+00
2.475127577781677246e-02 6.256107177734375000e+02 2.962829780578613281e+01 6.493363647460937500e+02 2.920232117176055908e-01 2.000000000000000000e+00
2.558481903076171875e+02 1.887540588378906250e+02 2.848176269531250000e+02 2.255743560791015625e+02 2.820183336734771729e-01 2.000000000000000000e+00
6.979730834960937500e+02 3.255603637695312500e+02 7.266510620117187500e+02 3.596774902343750000e+02 2.715566158294677734e-01 2.000000000000000000e+00
2.210187225341796875e+02 1.793065948486328125e+02 2.539228515625000000e+02 2.294399108886718750e+02 2.665590643882751465e-01 7.000000000000000000e+00
6.695083618164062500e+02 1.566334075927734375e+02 6.930544433593750000e+02 1.847508087158203125e+02 2.612128257751464844e-01 2.000000000000000000e+00
3.591701049804687500e+02 7.367554473876953125e+01 5.132630004882812500e+02 2.597437133789062500e+02 2.575657665729522705e-01 5.000000000000000000e+00
