7.011389160156250000e+02 3.385932922363281250e+02 7.832656250000000000e+02 3.842639770507812500e+02 8.179454207420349121e-01 2.000000000000000000e+00
2.917458801269531250e+02 6.014820556640625000e+02 4.065612792968750000e+02 7.311218872070312500e+02 7.708473205566406250e-01 2.000000000000000000e+00
1.770113220214843750e+02 7.826955566406250000e+02 3.424197692871093750e+02 1.000290649414062500e+03 7.687584757804870605e-01 2.000000000000000000e+00
5.233880615234375000e+02 3.286268920898437500e+02 6.165406494140625000e+02 3.669555358886718750e+02 7.670739889144897461e-01 2.000000000000000000e+00
5.268210220336914062e+01 2.039530334472656250e+02 1.064924697875976562e+02 2.450501708984375000e+02 6.012061834335327148e-01 2.000000000000000000e+00
1.127726898193359375e+02 2.000091400146484375e+02 1.573113403320312500e+02 2.372898254394531250e+02 5.036740303039550781e-01 2.000000000000000000e+00
2.700140380859375000e+02 3.057050781250000000e+02 3.659682006835937500e+02 3.533715515136718750e+02 4.439738094806671143e-01 2.000000000000000000e+00
7.665448608398437500e+02 4.482158508300781250e+02 7.982964477539062500e+02 4.933088073730468750e+02 4.403851330280303955e-01 0.000000000000000000e+00
5.934824218750000000e+02 6.765852661132812500e+02 6.153911743164062500e+02 7.424967651367187500e+02 4.240462183952331543e-01 0.000000000000000000e+00
2.151513519287109375e+02 2.466938781738281250e+02 2.298201446533203125e+02 2.807768554687500000e+02 3.385611176490783691e-01 0.000000000000000000e+00
2.018250427246093750e+02 2.482378082275390625e+02 2.286571960449218750e+02 2.830635681152343750e+02 2.942864298820495605e-01 0.000000000000000000e+00
