7.977241821289062500e+02 4.100941162109375000e+02 8.556315307617187500e+02 4.408610534667968750e+02 7.459463477134704590e-01 2.000000000000000000e+00
8.712780761718750000e+02 3.898882141113281250e+02 9.400675048828125000e+02 4.318640747070312500e+02 7.443484663963317871e-01 2.000000000000000000e+00
9.655349121093750000e+02 3.524695129394531250e+02 1.028269165039062500e+03 4.008211669921875000e+02 6.950930953025817871e-01 2.000000000000000000e+00
6.258769531250000000e+02 4.270450744628906250e+02 6.983958129882812500e+02 4.666582641601562500e+02 6.653144359588623047e-01 2.000000000000000000e+00
5.625641479492187500e+02 4.401635437011718750e+02 6.298363037109375000e+02 4.718287658691406250e+02 5.898453593254089355e-01 2.000000000000000000e+00
7.179528198242187500e+02 4.175991516113281250e+02 7.801505126953125000e+02 4.537537841796875000e+02 5.147302746772766113e-01 2.000000000000000000e+00
2.000148010253906250e+02 5.106637573242187500e+02 2.817712402343750000e+02 5.492173461914062500e+02 4.365943670272827148e-01 2.000000000000000000e+00
8.432429809570312500e+02 3.370755615234375000e+02 9.246396484375000000e+02 3.842537536621093750e+02 3.395830690860748291e-01 2.000000000000000000e+00
8.976040649414062500e+02 5.036251068115234375e+01 9.483320312500000000e+02 7.190676116943359375e+01 3.374962806701660156e-01 2.000000000000000000e+00
8.414772949218750000e+02 5.545328903198242188e+01 8.768239746093750000e+02 7.554391479492187500e+01 2.622088491916656494e-01 2.000000000000000000e+00
