1.073230346679687500e+03 6.519218750000000000e+02 1.322151855468750000e+03 7.935094604492187500e+02 8.955339789390563965e-01 2.000000000000000000e+00
9.445757446289062500e+02 4.889204711914062500e+02 1.129510131835937500e+03 5.749110107421875000e+02 7.839664220809936523e-01 2.000000000000000000e+00
7.241378784179687500e+02 2.823855895996093750e+02 8.212557373046875000e+02 3.482601928710937500e+02 7.287857532501220703e-01 2.000000000000000000e+00
5.297674560546875000e+02 1.040046157836914062e+02 6.128745727539062500e+02 1.616655578613281250e+02 6.749045252799987793e-01 2.000000000000000000e+00
7.976145172119140625e+01 2.314596710205078125e+02 1.751383209228515625e+02 2.942898254394531250e+02 6.710516810417175293e-01 2.000000000000000000e+00
2.043913879394531250e+02 1.916597442626953125e+02 3.035630798339843750e+02 2.458560028076171875e+02 5.691761970520019531e-01 2.000000000000000000e+00
8.009471435546875000e+02 8.330345458984375000e+02 8.444883422851562500e+02 9.117866821289062500e+02 4.691300690174102783e-01 0.000000000000000000e+00
8.338808593750000000e+02 2.664847717285156250e+02 8.602415161132812500e+02 3.105266723632812500e+02 4.588083326816558838e-01 9.000000000000000000e+00
8.336946105957031250e+01 1.516467895507812500e+02 2.073746337890625000e+02 2.246385803222656250e+02 4.398470520973205566e-01 2.000000000000000000e+00
8.968088989257812500e+02 6.986105957031250000e+02 9.432614746093750000e+02 7.684436645507812500e+02 4.062367975711822510e-01 9.000000000000000000e+00
1.314611358642578125e+02 1.135297698974609375e+02 2.295134735107421875e+02 1.544959411621093750e+02 3.851436078548431396e-01 2.000000000000000000e+00
4.452639465332031250e+02 1.870091247558593750e+02 5.629637451171875000e+02 2.552925872802734375e+02 3.841728568077087402e-01 2.000000000000000000e+00
6.791128540039062500e+02 1.271271591186523438e+02 7.523145141601562500e+02 1.663326263427734375e+02 3.738757371902465820e-01 2.000000000000000000e+00
8.970130004882812500e+02 6.988843383789062500e+02 9.440291748046875000e+02 7.687314453125000000e+02 3.397575318813323975e-01 0.000000000000000000e+00
5.698755493164062500e+02 1.789021759033203125e+02 6.576926269531250000e+02 2.434579620361328125e+02 2.902908921241760254e-01 2.000000000000000000e+00
1.330821411132812500e+03 6.728670043945312500e+02 1.399574829101562500e+03 7.557738647460937500e+02 2.886879146099090576e-01 2.000000000000000000e+00
6.644746704101562500e+02 9.766893310546875000e+02 8.227727050781250000e+02 1.050000000000000000e+03 2.743520438671112061e-01 2.000000000000000000e+00
