1.227965209960937500e+03 5.225782470703125000e+02 1.290613281250000000e+03 6.135412597656250000e+02 6.186099052429199219e-01 2.000000000000000000e+00
1.171629272460937500e+03 5.311430664062500000e+02 1.230553955078125000e+03 6.155802001953125000e+02 5.982248187065124512e-01 2.000000000000000000e+00
1.040886108398437500e+03 4.929263610839843750e+02 1.133472290039062500e+03 5.419630737304687500e+02 5.860555171966552734e-01 2.000000000000000000e+00
1.387635375976562500e+03 4.902064208984375000e+02 1.456749389648437500e+03 5.827553100585937500e+02 5.315322875976562500e-01 2.000000000000000000e+00
1.315518066406250000e+03 6.849642333984375000e+02 1.391973022460937500e+03 8.011622314453125000e+02 5.232388973236083984e-01 2.000000000000000000e+00
6.018508911132812500e+00 6.589016113281250000e+02 7.551219177246093750e+01 7.505963745117187500e+02 5.137822628021240234e-01 2.000000000000000000e+00
2.322946624755859375e+02 6.806542968750000000e+02 2.544339141845703125e+02 7.236604003906250000e+02 4.829009473323822021e-01 0.000000000000000000e+00
5.478567504882812500e+02 4.330464782714843750e+02 6.354208374023437500e+02 4.762855529785156250e+02 4.589574337005615234e-01 2.000000000000000000e+00
7.182741699218750000e+02 4.119718933105468750e+02 7.909190063476562500e+02 4.539651794433593750e+02 3.627861142158508301e-01 8.000000000000000000e+00
2.558630218505859375e+02 7.044146728515625000e+02 6.354918823242187500e+02 9.404360961914062500e+02 3.396104276180267334e-01 7.000000000000000000e+00
9.667334594726562500e+02 6.207637329101562500e+02 9.821215820312500000e+02 6.622632446289062500e+02 3.261050879955291748e-01 0.000000000000000000e+00
1.387356689453125000e+03 4.917108764648437500e+02 1.455423583984375000e+03 5.782828369140625000e+02 3.210881948471069336e-01 7.000000000000000000e+00
1.220817749023437500e+03 2.261654663085937500e+02 1.269464965820312500e+03 2.761969909667968750e+02 3.111336827278137207e-01 2.000000000000000000e+00
1.138662475585937500e+03 2.238564453125000000e+02 1.181847412109375000e+03 2.849569396972656250e+02 2.998102903366088867e-01 2.000000000000000000e+00
5.480947265625000000e+02 4.315119628906250000e+02 6.362963867187500000e+02 4.760116271972656250e+02 2.967054843902587891e-01 7.000000000000000000e+00
1.881803894042968750e+02 7.358203125000000000e+02 2.523449707031250000e+02 7.937896728515625000e+02 2.598816156387329102e-01 7.000000000000000000e+00
