2.578660888671875000e+02 3.413236389160156250e+02 2.923445739746093750e+02 3.852150268554687500e+02 6.954943537712097168e-01 2.000000000000000000e+00
5.425228881835937500e+02 4.766564331054687500e+02 7.373628540039062500e+02 6.266266479492187500e+02 6.365483403205871582e-01 7.000000000000000000e+00
2.743090515136718750e+02 2.384015350341796875e+02 3.036576232910156250e+02 2.706891174316406250e+02 5.576324462890625000e-01 2.000000000000000000e+00
4.312385253906250000e+02 2.637384643554687500e+02 4.582704772949218750e+02 2.970150756835937500e+02 5.468073487281799316e-01 2.000000000000000000e+00
7.998867187500000000e+02 2.828683776855468750e+02 8.509650878906250000e+02 3.427608032226562500e+02 5.187416076660156250e-01 5.800000000000000000e+01
3.951981811523437500e+02 2.664567565917968750e+02 4.192980651855468750e+02 3.001217651367187500e+02 3.388442695140838623e-01 2.000000000000000000e+00
2.213729705810546875e+02 2.675391540527343750e+02 2.541813049316406250e+02 3.132611083984375000e+02 3.164217770099639893e-01 2.000000000000000000e+00
4.270985107421875000e+02 1.748720397949218750e+02 4.520607910156250000e+02 2.037380523681640625e+02 3.062365949153900146e-01 2.000000000000000000e+00
1.332619476318359375e+02 1.734871673583984375e+02 1.574177398681640625e+02 1.979364624023437500e+02 2.739542126655578613e-01 2.000000000000000000e+00
1.306786346435546875e+02 3.476492614746093750e+02 1.644387969970703125e+02 3.912445373535156250e+02 2.700108885765075684e-01 2.000000000000000000e+00
5.419580688476562500e+02 4.819295043945312500e+02 7.353229370117187500e+02 6.271088256835937500e+02 2.618201971054077148e-01 5.000000000000000000e+00
4.790170593261718750e+02 2.553065032958984375e+02 5.147399291992187500e+02 3.037834472656250000e+02 2.616506218910217285e-01 2.000000000000000000e+00
