2.912731933593750000e+02 8.823657226562500000e+02 3.526429443359375000e+02 9.436475219726562500e+02 8.471141457557678223e-01 2.000000000000000000e+00
3.642446289062500000e+02 8.714148559570312500e+02 4.273941345214843750e+02 9.383328247070312500e+02 8.004567027091979980e-01 2.000000000000000000e+00
4.659326171875000000e+02 7.808126220703125000e+02 5.048723144531250000e+02 8.207313842773437500e+02 7.603425979614257812e-01 2.000000000000000000e+00
3.767665405273437500e+02 7.790847778320312500e+02 4.198103637695312500e+02 8.176057128906250000e+02 7.463502287864685059e-01 2.000000000000000000e+00
6.260103759765625000e+02 8.481942138671875000e+02 6.612459106445312500e+02 8.917706909179687500e+02 7.376386523246765137e-01 2.000000000000000000e+00
9.784902954101562500e+02 8.384485473632812500e+02 1.045159179687500000e+03 8.780845947265625000e+02 7.274983525276184082e-01 2.000000000000000000e+00
5.656786499023437500e+02 8.606386718750000000e+02 6.050140991210937500e+02 9.121706542968750000e+02 7.162108421325683594e-01 2.000000000000000000e+00
5.150892944335937500e+02 7.038878173828125000e+02 5.451394653320312500e+02 7.300635375976562500e+02 6.658121347427368164e-01 2.000000000000000000e+00
5.880942382812500000e+02 7.119696044921875000e+02 6.129277954101562500e+02 7.395795898437500000e+02 6.414329409599304199e-01 2.000000000000000000e+00
9.404553833007812500e+02 9.149270019531250000e+02 1.041144531250000000e+03 9.672536010742187500e+02 6.287281513214111328e-01 2.000000000000000000e+00
1.009110900878906250e+03 1.011265380859375000e+03 1.137254882812500000e+03 1.049956298828125000e+03 6.182749271392822266e-01 2.000000000000000000e+00
5.020880126953125000e+01 8.278863525390625000e+02 2.160220642089843750e+02 8.902463989257812500e+02 6.148083209991455078e-01 5.000000000000000000e+00
9.078018798828125000e+02 8.623450317382812500e+02 9.945925292968750000e+02 9.085971069335937500e+02 5.920678377151489258e-01 2.000000000000000000e+00
9.728565063476562500e+02 9.714315795898437500e+02 1.075219116210937500e+03 1.026656372070312500e+03 5.831628441810607910e-01 2.000000000000000000e+00
9.081817016601562500e+02 8.120038452148437500e+02 9.541766357421875000e+02 8.441818847656250000e+02 5.698158144950866699e-01 2.000000000000000000e+00
8.170215454101562500e+02 7.784141845703125000e+02 8.580286254882812500e+02 8.064542236328125000e+02 5.386244654655456543e-01 2.000000000000000000e+00
6.312745361328125000e+02 7.014520263671875000e+02 6.522957153320312500e+02 7.252091674804687500e+02 5.332548618316650391e-01 2.000000000000000000e+00
9.446435546875000000e+02 8.290239257812500000e+02 9.944839477539062500e+02 8.619987792968750000e+02 5.093290805816650391e-01 2.000000000000000000e+00
0.000000000000000000e+00 8.860120849609375000e+02 1.177521972656250000e+02 9.598958740234375000e+02 4.967044889926910400e-01 7.000000000000000000e+00
5.612575073242187500e+02 6.823716430664062500e+02 5.855074462890625000e+02 7.022852783203125000e+02 4.268255233764648438e-01 2.000000000000000000e+00
8.507811889648437500e+02 7.945583496093750000e+02 8.904290161132812500e+02 8.192631835937500000e+02 4.134665429592132568e-01 2.000000000000000000e+00
5.034144592285156250e+01 8.277929077148437500e+02 2.171732940673828125e+02 8.901481323242187500e+02 3.941976428031921387e-01 7.000000000000000000e+00
7.833934326171875000e+02 7.702113647460937500e+02 8.198611450195312500e+02 7.983295898437500000e+02 3.656086623668670654e-01 2.000000000000000000e+00
9.619746093750000000e+02 9.314760131835937500e+02 1.062606689453125000e+03 9.955069580078125000e+02 3.534730672836303711e-01 2.000000000000000000e+00
9.314011230468750000e+02 8.937067260742187500e+02 1.018359191894531250e+03 9.428233032226562500e+02 3.327893018722534180e-01 2.000000000000000000e+00
7.434452514648437500e+02 7.563758544921875000e+02 7.864058837890625000e+02 7.859465942382812500e+02 3.260332643985748291e-01 2.000000000000000000e+00
4.003387689590454102e-01 7.751958618164062500e+02 5.280014801025390625e+01 8.034242553710937500e+02 3.008216917514801025e-01 2.000000000000000000e+00
2.086058259010314941e-01 7.746331176757812500e+02 5.302391052246093750e+01 8.035818481445312500e+02 2.887355685234069824e-01 8.000000000000000000e+00
1.106287963867187500e+03 9.716011352539062500e+02 1.125004394531250000e+03 1.013182312011718750e+03 2.768356204032897949e-01 0.000000000000000000e+00
9.233241577148437500e+02 8.760861206054687500e+02 1.009169738769531250e+03 9.224387207031250000e+02 2.607175111770629883e-01 2.000000000000000000e+00
