1.173815185546875000e+03 3.392040405273437500e+02 1.249164306640625000e+03 4.023346252441406250e+02 7.669164538383483887e-01 2.000000000000000000e+00
3.683157348632812500e+01 4.144352111816406250e+02 3.550230102539062500e+02 6.416709594726562500e+02 6.748285293579101562e-01 7.000000000000000000e+00
1.308501220703125000e+03 2.413482971191406250e+02 1.377496582031250000e+03 2.904919738769531250e+02 5.918014049530029297e-01 2.000000000000000000e+00
1.749720825195312500e+03 5.334537353515625000e+02 1.907098388671875000e+03 6.805045776367187500e+02 5.114325284957885742e-01 2.000000000000000000e+00
3.437928390502929688e+01 4.736594200134277344e+00 9.274291229248046875e+01 5.265688705444335938e+01 5.070909857749938965e-01 2.000000000000000000e+00
1.214858032226562500e+03 2.741694030761718750e+02 1.294170288085937500e+03 3.385773315429687500e+02 4.967131912708282471e-01 2.000000000000000000e+00
1.440344116210937500e+03 1.405576019287109375e+02 1.518351562500000000e+03 1.877732086181640625e+02 4.846929013729095459e-01 2.000000000000000000e+00
1.367404174804687500e+02 1.250776824951171875e+02 2.011317443847656250e+02 1.961744995117187500e+02 4.231607615947723389e-01 2.000000000000000000e+00
1.467607788085937500e+03 1.330536041259765625e+02 1.533602905273437500e+03 1.781999053955078125e+02 3.502382040023803711e-01 2.000000000000000000e+00
8.825681762695312500e+02 6.785182495117187500e+02 1.043887451171875000e+03 8.135213012695312500e+02 3.331058919429779053e-01 7.000000000000000000e+00
1.467596313476562500e+03 6.177958297729492188e+01 1.515773925781250000e+03 9.311204528808593750e+01 3.078556954860687256e-01 2.000000000000000000e+00
4.821531295776367188e+01 4.089804382324218750e+02 3.413659057617187500e+02 6.385697631835937500e+02 2.805361151695251465e-01 5.000000000000000000e+00
1.151043548583984375e+02 9.537349700927734375e+01 1.502673339843750000e+02 1.331242370605468750e+02 2.696763575077056885e-01 2.000000000000000000e+00
3.886704711914062500e+02 8.954255371093750000e+02 5.291784057617187500e+02 1.047530883789062500e+03 2.594287395477294922e-01 7.000000000000000000e+00
7.750398254394531250e+01 5.790092468261718750e+01 1.218746032714843750e+02 9.425102996826171875e+01 2.527111768722534180e-01 2.000000000000000000e+00
