3.264107360839843750e+02 8.771708984375000000e+02 4.429255676269531250e+02 9.868641967773437500e+02 7.480714917182922363e-01 2.000000000000000000e+00
7.050906372070312500e+02 6.214686279296875000e+02 7.639666137695312500e+02 6.766927490234375000e+02 7.270177602767944336e-01 2.000000000000000000e+00
8.337880859375000000e+02 5.878239746093750000e+02 8.792226562500000000e+02 6.317139282226562500e+02 6.686714887619018555e-01 2.000000000000000000e+00
8.633925170898437500e+02 5.373289184570312500e+02 9.074826049804687500e+02 5.829884643554687500e+02 6.258664131164550781e-01 2.000000000000000000e+00
6.247665405273437500e+02 7.078265380859375000e+02 6.880167236328125000e+02 7.694642944335937500e+02 6.255888938903808594e-01 2.000000000000000000e+00
9.024348754882812500e+02 5.041156311035156250e+02 9.341402587890625000e+02 5.319743041992187500e+02 6.111837625503540039e-01 2.000000000000000000e+00
8.468972778320312500e+02 4.890956115722656250e+02 8.802861938476562500e+02 5.234165039062500000e+02 6.095561385154724121e-01 2.000000000000000000e+00
5.338475341796875000e+02 7.570881958007812500e+02 6.354481811523437500e+02 8.776505126953125000e+02 5.982046127319335938e-01 7.000000000000000000e+00
1.342847778320312500e+03 5.351541748046875000e+02 1.398996704101562500e+03 5.732516479492187500e+02 5.973705649375915527e-01 2.000000000000000000e+00
8.139573974609375000e+02 5.264389648437500000e+02 8.573439941406250000e+02 5.659114990234375000e+02 5.934552550315856934e-01 2.000000000000000000e+00
7.817985839843750000e+02 5.756508789062500000e+02 8.265469970703125000e+02 6.170913696289062500e+02 5.904656648635864258e-01 2.000000000000000000e+00
8.902526245117187500e+02 4.624415893554687500e+02 9.255213623046875000e+02 4.961322937011718750e+02 5.568785071372985840e-01 2.000000000000000000e+00
6.621103515625000000e+02 7.204373779296875000e+02 7.635672607421875000e+02 8.388701171875000000e+02 5.506663918495178223e-01 7.000000000000000000e+00
4.783402709960937500e+02 6.932055664062500000e+02 5.528677978515625000e+02 7.663875122070312500e+02 5.298112630844116211e-01 7.000000000000000000e+00
1.245779541015625000e+03 5.278736572265625000e+02 1.312855834960937500e+03 5.754665527343750000e+02 5.234014987945556641e-01 2.000000000000000000e+00
2.956705932617187500e+02 1.017043151855468750e+03 3.586947326660156250e+02 1.050000000000000000e+03 4.822963774204254150e-01 2.000000000000000000e+00
7.579995727539062500e+02 6.501246337890625000e+02 8.117852172851562500e+02 7.075559692382812500e+02 4.401702582836151123e-01 2.000000000000000000e+00
4.609119262695312500e+02 9.004962158203125000e+02 5.420216064453125000e+02 9.793550415039062500e+02 4.318310320377349854e-01 2.000000000000000000e+00
9.341834106445312500e+02 4.484980773925781250e+02 9.815025024414062500e+02 4.910313110351562500e+02 4.198150336742401123e-01 2.000000000000000000e+00
4.666452636718750000e+02 9.577478027343750000e+02 5.550497436523437500e+02 1.049041381835937500e+03 3.215649127960205078e-01 2.000000000000000000e+00
9.152791137695312500e+02 4.201442260742187500e+02 9.509207763671875000e+02 4.508449401855468750e+02 3.170861601829528809e-01 2.000000000000000000e+00
7.051578979492187500e+02 5.893163452148437500e+02 7.186279296875000000e+02 6.120501098632812500e+02 2.518502175807952881e-01 0.000000000000000000e+00
