9.421532592773437500e+02 3.811344604492187500e+02 1.029462402343750000e+03 4.400594482421875000e+02 7.781980633735656738e-01 2.000000000000000000e+00
1.022692443847656250e+03 4.157908935546875000e+02 1.099540893554687500e+03 4.719242553710937500e+02 6.360065937042236328e-01 2.000000000000000000e+00
6.981737670898437500e+02 2.449848327636718750e+02 7.636296997070312500e+02 2.977976379394531250e+02 6.334788203239440918e-01 2.000000000000000000e+00
4.037174377441406250e+02 7.867981719970703125e+01 4.779751892089843750e+02 1.548975524902343750e+02 6.278254985809326172e-01 7.000000000000000000e+00
4.320912170410156250e+02 3.193407592773437500e+02 4.968985900878906250e+02 3.807002563476562500e+02 5.824877619743347168e-01 2.000000000000000000e+00
1.119960205078125000e+03 4.660793151855468750e+02 1.288351562500000000e+03 5.818513183593750000e+02 5.557870268821716309e-01 2.000000000000000000e+00
6.355231323242187500e+02 2.414996337890625000e+02 6.958388671875000000e+02 2.845574035644531250e+02 5.230973362922668457e-01 2.000000000000000000e+00
1.108828735351562500e+03 4.545443420410156250e+02 1.174849853515625000e+03 5.039470825195312500e+02 4.832810759544372559e-01 2.000000000000000000e+00
4.841894531250000000e+02 1.371699981689453125e+02 5.337897949218750000e+02 1.851265869140625000e+02 4.787472486495971680e-01 2.000000000000000000e+00
3.268980102539062500e+02 6.579901123046875000e+01 3.654570312500000000e+02 9.491614532470703125e+01 4.331938624382019043e-01 2.000000000000000000e+00
1.856761336326599121e+00 9.754992675781250000e+01 1.234608993530273438e+02 4.505834960937500000e+02 4.127464294433593750e-01 5.000000000000000000e+00
1.858840332031250000e+03 4.666777343750000000e+02 1.915334106445312500e+03 5.492532958984375000e+02 3.165370225906372070e-01 2.000000000000000000e+00
3.262040710449218750e+02 2.651053161621093750e+02 3.763997802734375000e+02 3.062568664550781250e+02 3.153439760208129883e-01 2.000000000000000000e+00
1.605230271816253662e-01 1.003883590698242188e+02 1.221565322875976562e+02 4.399237060546875000e+02 3.075002133846282959e-01 6.000000000000000000e+00
3.091138305664062500e+02 1.943867187500000000e+02 3.712491149902343750e+02 2.426878509521484375e+02 3.036486208438873291e-01 2.000000000000000000e+00
5.553249511718750000e+02 1.974514465332031250e+02 6.094133911132812500e+02 2.282619934082031250e+02 2.929300963878631592e-01 2.000000000000000000e+00
8.346841430664062500e+02 5.630387573242187500e+02 8.716132202148437500e+02 6.292501220703125000e+02 2.514262497425079346e-01 0.000000000000000000e+00
