5.780325927734375000e+02 5.780715332031250000e+02 6.571031494140625000e+02 6.466314086914062500e+02 7.423208951950073242e-01 2.000000000000000000e+00
8.989862060546875000e+02 1.993041229248046875e+02 9.284135742187500000e+02 2.435755004882812500e+02 7.120823264122009277e-01 2.000000000000000000e+00
8.961777954101562500e+02 2.873631896972656250e+02 9.289028320312500000e+02 3.362585754394531250e+02 6.628323793411254883e-01 2.000000000000000000e+00
7.987074584960937500e+02 1.803928222656250000e+02 8.300422363281250000e+02 2.159750518798828125e+02 5.562127232551574707e-01 2.000000000000000000e+00
9.045905151367187500e+02 1.283903808593750000e+02 9.327789916992187500e+02 1.593700408935546875e+02 5.343297719955444336e-01 2.000000000000000000e+00
3.123587646484375000e+02 6.019989624023437500e+02 3.995620117187500000e+02 6.460681762695312500e+02 4.669781327247619629e-01 7.000000000000000000e+00
7.588693237304687500e+02 3.073262329101562500e+02 7.963937988281250000e+02 3.525428161621093750e+02 4.626203179359436035e-01 2.000000000000000000e+00
1.089744506835937500e+03 2.729798583984375000e+02 1.120892822265625000e+03 3.158619384765625000e+02 4.467660188674926758e-01 2.000000000000000000e+00
1.925200195312500000e+02 5.381051025390625000e+02 2.268026580810546875e+02 5.762133178710937500e+02 4.383919537067413330e-01 2.000000000000000000e+00
1.081918823242187500e+03 1.453877563476562500e+02 1.106147583007812500e+03 1.790304870605468750e+02 4.343326091766357422e-01 2.000000000000000000e+00
1.038428222656250000e+03 5.125523757934570312e+01 1.065079101562500000e+03 8.815581512451171875e+01 3.653266727924346924e-01 2.000000000000000000e+00
8.048951416015625000e+02 7.247506713867187500e+01 8.266163330078125000e+02 9.889434051513671875e+01 3.652896285057067871e-01 2.000000000000000000e+00
9.837951049804687500e+02 1.781797180175781250e+02 1.023572082519531250e+03 2.430571899414062500e+02 2.953363358974456787e-01 2.000000000000000000e+00
1.048328979492187500e+03 2.405136871337890625e+02 1.079215087890625000e+03 2.920386352539062500e+02 2.940901517868041992e-01 2.000000000000000000e+00
1.092531982421875000e+03 2.168569946289062500e+02 1.120714355468750000e+03 2.546325988769531250e+02 2.928969860076904297e-01 2.000000000000000000e+00
3.138125000000000000e+02 6.027853393554687500e+02 3.962292480468750000e+02 6.462229614257812500e+02 2.672739923000335693e-01 2.000000000000000000e+00
1.200428100585937500e+03 6.810757517814636230e-01 1.336082031250000000e+03 1.369600677490234375e+02 2.599174678325653076e-01 5.800000000000000000e+01
