7.140563964843750000e+02 6.468900756835937500e+02 7.978121337890625000e+02 8.387860717773437500e+02 7.396975755691528320e-01 6.700000000000000000e+01
5.078684082031250000e+02 2.622503662109375000e+02 5.960886840820312500e+02 4.361230163574218750e+02 6.629444360733032227e-01 6.700000000000000000e+01
1.010642028808593750e+03 3.416470336914062500e+02 1.114359619140625000e+03 4.907151489257812500e+02 6.415960788726806641e-01 2.000000000000000000e+00
8.225473632812500000e+02 1.873463134765625000e+02 9.106318969726562500e+02 3.797538452148437500e+02 5.855495929718017578e-01 2.000000000000000000e+00
4.882062683105468750e+02 4.095386047363281250e+02 5.728125610351562500e+02 5.831901245117187500e+02 5.749740600585937500e-01 6.700000000000000000e+01
4.126806030273437500e+02 2.240382690429687500e+02 4.823207702636718750e+02 3.601308288574218750e+02 5.535625219345092773e-01 6.700000000000000000e+01
7.183511352539062500e+02 4.372513732910156250e+02 7.916712646484375000e+02 5.955028076171875000e+02 4.833398759365081787e-01 6.700000000000000000e+01
4.433688964843750000e+02 6.098141479492187500e+02 5.433766479492187500e+02 8.118070068359375000e+02 4.663096070289611816e-01 2.800000000000000000e+01
4.117076721191406250e+02 2.264812164306640625e+02 4.847855224609375000e+02 3.631677856445312500e+02 4.204995632171630859e-01 2.000000000000000000e+00
7.217866210937500000e+02 9.611813354492187500e+02 8.162126464843750000e+02 1.049412231445312500e+03 4.196662306785583496e-01 6.700000000000000000e+01
7.098011474609375000e+02 2.763566894531250000e+02 7.848481445312500000e+02 4.387058105468750000e+02 4.194397032260894775e-01 2.000000000000000000e+00
7.078758544921875000e+02 2.761186828613281250e+02 7.864193115234375000e+02 4.390075683593750000e+02 4.107448160648345947e-01 6.700000000000000000e+01
1.048479248046875000e+03 1.038409271240234375e+02 1.172759277343750000e+03 1.966402740478515625e+02 3.552627265453338623e-01 2.000000000000000000e+00
7.160917358398437500e+02 1.530110778808593750e+02 7.402664184570312500e+02 2.164882659912109375e+02 3.394868969917297363e-01 0.000000000000000000e+00
1.008645080566406250e+03 1.760382843017578125e+01 1.141932006835937500e+03 1.096573638916015625e+02 3.294455707073211670e-01 2.000000000000000000e+00
4.053914184570312500e+02 8.630246582031250000e+02 5.254703369140625000e+02 1.050000000000000000e+03 3.052821457386016846e-01 6.700000000000000000e+01
7.384990234375000000e+02 1.431304473876953125e+02 7.556234130859375000e+02 1.757384643554687500e+02 2.645053565502166748e-01 0.000000000000000000e+00
7.711113281250000000e+02 1.347818756103515625e+02 7.901050415039062500e+02 1.763784484863281250e+02 2.586101889610290527e-01 0.000000000000000000e+00
