7.349346313476562500e+02 5.039958190917968750e+02 8.172949218750000000e+02 5.498038330078125000e+02 7.727392315864562988e-01 2.000000000000000000e+00
3.482059326171875000e+02 4.957924194335937500e+02 4.320012512207031250e+02 5.435557250976562500e+02 7.660248875617980957e-01 2.000000000000000000e+00
7.453992309570312500e+02 4.200611267089843750e+02 8.323234252929687500e+02 4.639087829589843750e+02 7.469921112060546875e-01 2.000000000000000000e+00
1.262361679077148438e+02 3.641623840332031250e+02 1.965029449462890625e+02 4.179052124023437500e+02 6.969392299652099609e-01 2.000000000000000000e+00
1.672576293945312500e+02 3.138502807617187500e+02 2.413934020996093750e+02 3.525188293457031250e+02 6.907994747161865234e-01 2.000000000000000000e+00
8.269973144531250000e+02 2.558642883300781250e+02 8.664625854492187500e+02 2.915653686523437500e+02 5.807296037673950195e-01 2.000000000000000000e+00
7.936833496093750000e+02 2.807766723632812500e+02 8.705184326171875000e+02 3.911132202148437500e+02 5.218966007232666016e-01 7.000000000000000000e+00
3.290268249511718750e+02 3.267277526855468750e+02 4.072332763671875000e+02 3.696055908203125000e+02 5.118572115898132324e-01 2.000000000000000000e+00
2.927644042968750000e+02 3.610250549316406250e+02 3.713395080566406250e+02 4.037000427246093750e+02 4.717016220092773438e-01 2.000000000000000000e+00
1.007990905761718750e+03 2.026292266845703125e+02 1.048903686523437500e+03 2.412129974365234375e+02 4.329878985881805420e-01 2.000000000000000000e+00
1.073598999023437500e+03 8.801326293945312500e+02 1.151968383789062500e+03 9.868858032226562500e+02 4.325369000434875488e-01 2.000000000000000000e+00
7.527734985351562500e+02 1.322448272705078125e+02 7.891937255859375000e+02 1.662785034179687500e+02 3.839384019374847412e-01 2.000000000000000000e+00
1.664056518554687500e+03 3.041508789062500000e+02 1.717684204101562500e+03 3.402438964843750000e+02 3.617391288280487061e-01 2.000000000000000000e+00
1.678708195686340332e+00 3.600007324218750000e+02 2.372133178710937500e+02 7.731110229492187500e+02 3.563383817672729492e-01 7.000000000000000000e+00
1.661310302734375000e+03 8.124509887695312500e+02 1.811868652343750000e+03 9.651614990234375000e+02 3.519444465637207031e-01 2.000000000000000000e+00
1.535883789062500000e+03 7.087933349609375000e+02 1.672857055664062500e+03 7.626365966796875000e+02 3.397860229015350342e-01 7.000000000000000000e+00
2.934999694824218750e+02 3.381070251464843750e+02 4.047629089355468750e+02 4.005791625976562500e+02 3.230973482131958008e-01 2.000000000000000000e+00
8.800537109375000000e+02 4.091555480957031250e+02 9.206907958984375000e+02 4.747934570312500000e+02 3.162886202335357666e-01 2.000000000000000000e+00
8.915361328125000000e+02 2.689674682617187500e+02 9.295389404296875000e+02 3.190507507324218750e+02 3.025843501091003418e-01 2.000000000000000000e+00
1.383572998046875000e+03 8.374698486328125000e+02 1.498358764648437500e+03 9.784161987304687500e+02 2.919198870658874512e-01 2.000000000000000000e+00
1.375093505859375000e+03 1.344216537475585938e+01 1.429897094726562500e+03 4.737145233154296875e+01 2.815916538238525391e-01 2.000000000000000000e+00
1.015589782714843750e+03 2.696560058593750000e+02 1.064913574218750000e+03 3.253164062500000000e+02 2.813215255737304688e-01 2.000000000000000000e+00
