1.102669799804687500e+03 2.887204895019531250e+02 1.160025756835937500e+03 3.481418762207031250e+02 6.052430868148803711e-01 2.000000000000000000e+00
8.162239379882812500e+02 2.476875915527343750e+02 8.631566772460937500e+02 3.094000854492187500e+02 5.806635618209838867e-01 2.000000000000000000e+00
4.396401977539062500e+02 2.136327209472656250e+02 4.793890380859375000e+02 2.669075622558593750e+02 5.736572742462158203e-01 2.000000000000000000e+00
9.795762329101562500e+02 5.129250335693359375e+01 1.057483642578125000e+03 1.366291809082031250e+02 4.819637238979339600e-01 7.000000000000000000e+00
1.147100830078125000e+03 2.472766876220703125e+02 1.215785522460937500e+03 3.208085327148437500e+02 4.471362233161926270e-01 7.000000000000000000e+00
1.144824340820312500e+03 2.486793670654296875e+02 1.216188842773437500e+03 3.211340942382812500e+02 4.416595399379730225e-01 2.000000000000000000e+00
7.455866088867187500e+02 2.362170867919921875e+02 7.787219848632812500e+02 2.912842407226562500e+02 3.653875589370727539e-01 2.000000000000000000e+00
1.052527832031250000e+03 1.163617172241210938e+02 1.087353271484375000e+03 1.433655395507812500e+02 2.957925200462341309e-01 2.000000000000000000e+00
1.194322021484375000e+03 7.043875122070312500e+01 1.211946655273437500e+03 1.034777908325195312e+02 2.854403257369995117e-01 0.000000000000000000e+00
7.438781127929687500e+02 2.440432128906250000e+02 7.807396850585937500e+02 3.087681579589843750e+02 2.773071825504302979e-01 3.000000000000000000e+00
