2.925324096679687500e+02 6.685981445312500000e+02 3.983241271972656250e+02 7.518654785156250000e+02 7.919216752052307129e-01 2.000000000000000000e+00
1.204521789550781250e+02 4.178354187011718750e+02 1.815934448242187500e+02 4.586161499023437500e+02 7.087457180023193359e-01 2.000000000000000000e+00
1.495961608886718750e+02 4.898768005371093750e+02 2.457116851806640625e+02 5.503499145507812500e+02 6.464131474494934082e-01 2.000000000000000000e+00
1.044015258789062500e+03 5.086631469726562500e+02 1.235332275390625000e+03 6.933903808593750000e+02 6.008319258689880371e-01 7.000000000000000000e+00
2.946454286575317383e-01 5.857949829101562500e+02 7.263871002197265625e+01 6.729613037109375000e+02 5.156193375587463379e-01 2.000000000000000000e+00
1.045307861328125000e+03 5.065732727050781250e+02 1.234875366210937500e+03 6.988583374023437500e+02 4.773457050323486328e-01 5.000000000000000000e+00
1.257564640045166016e+01 3.565106506347656250e+02 8.149892425537109375e+01 3.916745605468750000e+02 4.437015950679779053e-01 2.000000000000000000e+00
3.763114013671875000e+02 7.506264038085937500e+02 4.945046386718750000e+02 8.671873779296875000e+02 4.214417338371276855e-01 2.000000000000000000e+00
5.851811523437500000e+02 8.236313476562500000e+02 6.296651000976562500e+02 8.904259033203125000e+02 4.041097164154052734e-01 0.000000000000000000e+00
8.766464233398437500e+02 6.703386840820312500e+02 1.223830932617187500e+03 1.049635131835937500e+03 3.130604326725006104e-01 5.000000000000000000e+00
9.932501831054687500e+02 6.525404052734375000e+02 1.074256713867187500e+03 7.029631958007812500e+02 3.038015067577362061e-01 2.000000000000000000e+00
2.118439674377441406e+00 3.307067871093750000e+02 7.401521301269531250e+01 3.614268493652343750e+02 2.966214716434478760e-01 2.000000000000000000e+00
1.171966918945312500e+03 4.255738830566406250e+02 1.400000000000000000e+03 6.150309448242187500e+02 2.582792341709136963e-01 8.000000000000000000e+00
3.773176269531250000e+02 7.497808837890625000e+02 4.932581176757812500e+02 8.691851196289062500e+02 2.580541968345642090e-01 7.000000000000000000e+00
8.759117431640625000e+02 6.674091186523437500e+02 1.219966308593750000e+03 1.050000000000000000e+03 2.509690523147583008e-01 7.000000000000000000e+00
