5.800687255859375000e+02 5.943179931640625000e+02 6.218742675781250000e+02 6.664390258789062500e+02 4.510549008846282959e-01 7.000000000000000000e+00
4.886998596191406250e+02 2.103294830322265625e+02 5.207260742187500000e+02 2.523396911621093750e+02 3.974197804927825928e-01 2.000000000000000000e+00
4.859307861328125000e+02 1.735160217285156250e+02 5.209528198242187500e+02 2.477756652832031250e+02 3.371104896068572998e-01 7.000000000000000000e+00
5.363895263671875000e+02 2.498287963867187500e+02 5.608449707031250000e+02 2.811216125488281250e+02 3.307659924030303955e-01 2.000000000000000000e+00
1.125278808593750000e+03 7.365396728515625000e+02 1.138859863281250000e+03 7.703359375000000000e+02 3.016223013401031494e-01 0.000000000000000000e+00
3.740489482879638672e-01 2.593941955566406250e+02 9.000217437744140625e+01 4.451336059570312500e+02 2.737799286842346191e-01 6.000000000000000000e+00
4.707688598632812500e+02 5.138046875000000000e+02 5.154789428710937500e+02 5.624556884765625000e+02 2.699951231479644775e-01 2.000000000000000000e+00
5.149373779296875000e+02 1.439022521972656250e+02 5.365793457031250000e+02 1.676913604736328125e+02 2.617192864418029785e-01 2.000000000000000000e+00
4.675911254882812500e+02 4.270170288085937500e+02 5.196314697265625000e+02 5.547222900390625000e+02 2.581264376640319824e-01 6.000000000000000000e+00
6.034945068359375000e+02 2.890552673339843750e+02 6.307867431640625000e+02 3.247419433593750000e+02 2.503904998302459717e-01 2.000000000000000000e+00
