1.128122314453125000e+03 4.787383117675781250e+02 1.149242431640625000e+03 5.034561767578125000e+02 3.611457347869873047e-01 0.000000000000000000e+00
6.943946533203125000e+02 2.578939208984375000e+02 7.127132568359375000e+02 2.908251037597656250e+02 3.320016860961914062e-01 0.000000000000000000e+00
9.503220825195312500e+02 3.921945495605468750e+02 9.669979248046875000e+02 4.112312927246093750e+02 3.199076056480407715e-01 0.000000000000000000e+00
8.484595947265625000e+02 5.305869750976562500e+02 8.625742187500000000e+02 5.511538085937500000e+02 3.130737543106079102e-01 0.000000000000000000e+00
6.734148559570312500e+02 3.959193115234375000e+02 6.875659179687500000e+02 4.154006652832031250e+02 3.018351793289184570e-01 0.000000000000000000e+00
8.038188476562500000e+02 3.216394042968750000e+02 8.195833129882812500e+02 3.404268798828125000e+02 2.951879799365997314e-01 0.000000000000000000e+00
5.439215087890625000e+02 2.620454711914062500e+02 5.555481567382812500e+02 2.792353210449218750e+02 2.845044732093811035e-01 0.000000000000000000e+00
7.264470825195312500e+02 2.579395141601562500e+02 7.465572509765625000e+02 3.006791381835937500e+02 2.753273546695709229e-01 0.000000000000000000e+00
4.959767818450927734e+00 3.342189331054687500e+02 3.405916213989257812e+01 3.678108825683593750e+02 2.691937088966369629e-01 0.000000000000000000e+00
7.171496582031250000e+02 2.656000671386718750e+02 7.410869140625000000e+02 3.007316589355468750e+02 2.607109546661376953e-01 0.000000000000000000e+00
