9.089569702148437500e+02 5.646548461914062500e+02 9.935786743164062500e+02 6.895032348632812500e+02 8.343141674995422363e-01 2.000000000000000000e+00
7.690692138671875000e+02 4.215040283203125000e+02 8.566372680664062500e+02 5.404479980468750000e+02 8.077952861785888672e-01 2.000000000000000000e+00
9.494912109375000000e+02 4.573220214843750000e+02 1.019020202636718750e+03 5.574528198242187500e+02 7.159242033958435059e-01 2.000000000000000000e+00
1.088473388671875000e+03 1.761300048828125000e+02 1.140990112304687500e+03 2.495536346435546875e+02 7.149953842163085938e-01 2.000000000000000000e+00
7.869033813476562500e+02 9.066339111328125000e+02 8.986837768554687500e+02 1.049647338867187500e+03 6.959774494171142578e-01 2.000000000000000000e+00
1.012752258300781250e+03 4.625345764160156250e+02 1.090754272460937500e+03 5.632200317382812500e+02 6.931204795837402344e-01 2.000000000000000000e+00
5.128167724609375000e+02 9.922977294921875000e+02 6.121404418945312500e+02 1.049423217773437500e+03 5.287222266197204590e-01 0.000000000000000000e+00
7.212405395507812500e+02 5.496878051757812500e+02 8.342169799804687500e+02 6.734057006835937500e+02 5.126649141311645508e-01 2.000000000000000000e+00
1.019484191894531250e+03 1.752052612304687500e+02 1.080851074218750000e+03 2.584721984863281250e+02 3.927283287048339844e-01 2.000000000000000000e+00
1.005986999511718750e+03 1.821250915527343750e+02 1.075952636718750000e+03 3.327406921386718750e+02 3.812455832958221436e-01 2.000000000000000000e+00
1.062809936523437500e+03 6.596823120117187500e+01 1.112309204101562500e+03 1.640567016601562500e+02 3.714618980884552002e-01 2.000000000000000000e+00
9.716945190429687500e+02 1.966742277145385742e+00 1.023596008300781250e+03 6.058802795410156250e+01 3.496523797512054443e-01 2.000000000000000000e+00
1.060729858398437500e+03 9.057829589843750000e+02 1.263350585937500000e+03 1.043276123046875000e+03 3.151502907276153564e-01 2.000000000000000000e+00
7.451145629882812500e+02 7.409877319335937500e+02 8.643900756835937500e+02 9.078708496093750000e+02 2.830263972282409668e-01 2.000000000000000000e+00
