8.966442871093750000e+02 4.538320617675781250e+02 9.728422241210937500e+02 5.164251708984375000e+02 7.980237603187561035e-01 2.000000000000000000e+00
1.062666137695312500e+03 8.802316894531250000e+02 1.188355590820312500e+03 1.001035949707031250e+03 7.311023473739624023e-01 2.000000000000000000e+00
7.985990600585937500e+02 3.381864318847656250e+02 8.794591674804687500e+02 4.140122985839843750e+02 6.826627850532531738e-01 2.000000000000000000e+00
7.943919677734375000e+02 5.471373291015625000e+02 8.843062133789062500e+02 6.393019409179687500e+02 6.528126001358032227e-01 2.000000000000000000e+00
5.355323486328125000e+02 1.052185974121093750e+02 6.108598632812500000e+02 1.543988342285156250e+02 5.944048166275024414e-01 2.000000000000000000e+00
7.312053833007812500e+02 4.750578613281250000e+02 8.046708374023437500e+02 5.384091796875000000e+02 5.886656641960144043e-01 2.000000000000000000e+00
9.443617553710937500e+02 7.211072387695312500e+02 1.099114868164062500e+03 9.062686157226562500e+02 5.763089060783386230e-01 2.000000000000000000e+00
9.360684814453125000e+02 7.220491333007812500e+02 1.042220336914062500e+03 8.192992553710937500e+02 5.699173212051391602e-01 2.000000000000000000e+00
6.888710937500000000e+02 4.250552062988281250e+02 7.647355957031250000e+02 4.932785034179687500e+02 5.150662064552307129e-01 2.000000000000000000e+00
9.109249267578125000e+02 2.647613525390625000e+02 1.016108520507812500e+03 3.513161010742187500e+02 4.699282050132751465e-01 2.000000000000000000e+00
6.181020507812500000e+02 3.362076721191406250e+02 7.025347900390625000e+02 4.164006652832031250e+02 4.583001434803009033e-01 2.000000000000000000e+00
8.538087768554687500e+02 6.130131835937500000e+02 9.469218139648437500e+02 7.113651123046875000e+02 4.193559885025024414e-01 2.000000000000000000e+00
7.081898803710937500e+02 5.966181182861328125e+01 7.545865478515625000e+02 9.572833251953125000e+01 4.048503637313842773e-01 2.000000000000000000e+00
1.207144287109375000e+03 8.214951171875000000e+02 1.389531372070312500e+03 9.886821289062500000e+02 3.776578605175018311e-01 7.000000000000000000e+00
7.494345092773437500e+02 6.782437133789062500e+01 7.977719726562500000e+02 1.030459899902343750e+02 3.603394627571105957e-01 2.000000000000000000e+00
1.731218872070312500e+03 1.014276245117187500e+03 1.815177612304687500e+03 1.075613647460937500e+03 3.585838973522186279e-01 2.000000000000000000e+00
6.451804199218750000e+02 3.795582885742187500e+02 7.190393676757812500e+02 4.363647766113281250e+02 3.559141159057617188e-01 2.000000000000000000e+00
6.655644531250000000e+02 1.859147491455078125e+02 7.140470581054687500e+02 2.280166015625000000e+02 3.430187702178955078e-01 2.000000000000000000e+00
4.989057617187500000e+02 1.799524230957031250e+02 5.386394653320312500e+02 2.191211395263671875e+02 3.399904668331146240e-01 2.000000000000000000e+00
6.948646850585937500e+02 4.263058776855468750e+02 8.044527587890625000e+02 5.353139648437500000e+02 3.341578543186187744e-01 2.000000000000000000e+00
8.432796630859375000e+02 1.165413208007812500e+02 9.128693847656250000e+02 1.509125976562500000e+02 3.331844806671142578e-01 2.000000000000000000e+00
1.141438232421875000e+03 6.758975219726562500e+02 1.337253906250000000e+03 8.242091064453125000e+02 3.105362057685852051e-01 7.000000000000000000e+00
3.485578002929687500e+02 2.191919326782226562e+01 4.330782165527343750e+02 6.199084854125976562e+01 2.833478152751922607e-01 2.000000000000000000e+00
6.219614868164062500e+02 7.786318969726562500e+01 7.117199096679687500e+02 1.237488479614257812e+02 2.777182161808013916e-01 2.000000000000000000e+00
6.008868408203125000e+02 8.500255584716796875e+01 6.771124877929687500e+02 1.280642089843750000e+02 2.673499584197998047e-01 2.000000000000000000e+00
1.235051757812500000e+03 2.678859472274780273e+00 1.304089355468750000e+03 3.558995437622070312e+01 2.671437263488769531e-01 2.000000000000000000e+00
1.142797973632812500e+03 6.810310668945312500e+02 1.341628173828125000e+03 8.234547729492187500e+02 2.654274404048919678e-01 2.000000000000000000e+00
8.811098022460937500e+02 3.070865478515625000e+02 1.190980834960937500e+03 5.795324707031250000e+02 2.628789842128753662e-01 7.000000000000000000e+00
8.001494140625000000e+02 4.360648345947265625e+01 8.493326416015625000e+02 8.040357971191406250e+01 2.526311576366424561e-01 2.000000000000000000e+00
