2.545295104980468750e+02 2.515990600585937500e+02 3.153331909179687500e+02 2.952572937011718750e+02 5.450799465179443359e-01 2.000000000000000000e+00
3.237923583984375000e+02 2.291392517089843750e+02 3.692704467773437500e+02 2.633779602050781250e+02 4.961243569850921631e-01 2.000000000000000000e+00
4.232795410156250000e+02 1.797423400878906250e+02 4.758817443847656250e+02 2.212638854980468750e+02 4.637506902217864990e-01 2.000000000000000000e+00
4.819375305175781250e+02 1.423287353515625000e+02 5.201422119140625000e+02 1.830522003173828125e+02 4.302718341350555420e-01 2.000000000000000000e+00
3.392714233398437500e+02 4.282361145019531250e+02 3.822496948242187500e+02 4.805847473144531250e+02 4.231350719928741455e-01 2.000000000000000000e+00
1.277625198364257812e+02 2.877953796386718750e+02 2.685606079101562500e+02 3.693542480468750000e+02 3.670958280563354492e-01 2.000000000000000000e+00
2.226520080566406250e+02 2.095819244384765625e+02 3.238769226074218750e+02 2.641147460937500000e+02 3.153883814811706543e-01 2.000000000000000000e+00
3.898121948242187500e+02 1.510413055419921875e+02 4.475953674316406250e+02 1.951960601806640625e+02 3.072364032268524170e-01 2.000000000000000000e+00
2.008093109130859375e+02 2.784463806152343750e+02 2.677142333984375000e+02 3.221158752441406250e+02 2.826575040817260742e-01 2.000000000000000000e+00
7.919744110107421875e+01 3.184119873046875000e+02 1.342503967285156250e+02 3.412497558593750000e+02 2.810991704463958740e-01 2.000000000000000000e+00
