8.648838500976562500e+02 1.952943878173828125e+02 9.468293457031250000e+02 2.655314331054687500e+02 4.678406417369842529e-01 2.000000000000000000e+00
1.260345703125000000e+03 6.154372558593750000e+02 1.357409057617187500e+03 6.693283081054687500e+02 4.649716317653656006e-01 7.000000000000000000e+00
1.142134277343750000e+03 3.117674255371093750e+02 1.471171264648437500e+03 4.562049865722656250e+02 3.905855715274810791e-01 7.000000000000000000e+00
6.386392211914062500e+02 3.671507596969604492e+00 6.906686401367187500e+02 4.282721710205078125e+01 3.532003462314605713e-01 2.000000000000000000e+00
5.882275390625000000e+02 1.105419006347656250e+02 6.541459350585937500e+02 1.653627929687500000e+02 2.970094680786132812e-01 2.000000000000000000e+00
6.458556518554687500e+02 1.464006805419921875e+02 6.814487304687500000e+02 2.273642272949218750e+02 2.941713333129882812e-01 0.000000000000000000e+00
8.677886352539062500e+02 1.889131164550781250e+02 9.377362670898437500e+02 2.347176361083984375e+02 2.676373720169067383e-01 2.000000000000000000e+00
1.497945922851562500e+03 6.138751220703125000e+02 1.614526000976562500e+03 6.742664184570312500e+02 2.671785950660705566e-01 7.000000000000000000e+00
7.741708984375000000e+02 1.134346466064453125e+02 8.185070190429687500e+02 1.560582427978515625e+02 2.626472413539886475e-01 2.000000000000000000e+00
7.710126953125000000e+02 4.049497375488281250e+02 8.627708129882812500e+02 4.825296020507812500e+02 2.545294761657714844e-01 2.000000000000000000e+00
1.131987670898437500e+03 2.131645812988281250e+02 1.151298706054687500e+03 2.467734680175781250e+02 2.527883648872375488e-01 0.000000000000000000e+00
