5.310084838867187500e+02 5.093184661865234375e+01 6.467354125976562500e+02 1.136548767089843750e+02 7.486230134963989258e-01 7.000000000000000000e+00
1.065040893554687500e+03 5.921623535156250000e+02 1.151719360351562500e+03 6.431540527343750000e+02 6.881349086761474609e-01 2.000000000000000000e+00
9.742458496093750000e+02 6.405537719726562500e+02 1.048518310546875000e+03 6.973310546875000000e+02 6.479115486145019531e-01 2.000000000000000000e+00
8.796237182617187500e+02 1.026181411743164062e+02 9.612232055664062500e+02 1.426811828613281250e+02 6.375151872634887695e-01 7.000000000000000000e+00
3.358660278320312500e+02 1.571475982666015625e+02 4.572875671386718750e+02 2.095502319335937500e+02 6.281787157058715820e-01 7.000000000000000000e+00
6.344303588867187500e+02 1.958410644531250000e+02 7.179786987304687500e+02 2.364897308349609375e+02 6.157928109169006348e-01 2.000000000000000000e+00
6.757016754150390625e+01 2.040029602050781250e+02 1.388209228515625000e+02 2.395111236572265625e+02 6.023788452148437500e-01 2.000000000000000000e+00
9.526687622070312500e+01 1.649666137695312500e+02 1.605140075683593750e+02 1.980222015380859375e+02 5.950472354888916016e-01 2.000000000000000000e+00
6.313518676757812500e+02 1.393820495605468750e+02 7.028536376953125000e+02 1.763131866455078125e+02 5.896047949790954590e-01 2.000000000000000000e+00
1.056067993164062500e+03 6.971192016601562500e+02 1.154504638671875000e+03 7.759342651367187500e+02 5.720985531806945801e-01 2.000000000000000000e+00
5.075800476074218750e+02 5.678820800781250000e+02 5.790379638671875000e+02 6.421359863281250000e+02 5.250749588012695312e-01 2.000000000000000000e+00
5.884149551391601562e+01 1.243112945556640625e+02 1.263354644775390625e+02 1.549188537597656250e+02 5.052993297576904297e-01 2.000000000000000000e+00
9.260731811523437500e+02 1.680309143066406250e+02 1.005649230957031250e+03 2.100812683105468750e+02 4.863311350345611572e-01 7.000000000000000000e+00
1.359092163085937500e+03 1.310518493652343750e+02 1.400000000000000000e+03 1.645171203613281250e+02 4.806939065456390381e-01 2.000000000000000000e+00
1.254171142578125000e+03 2.521235504150390625e+02 1.349834228515625000e+03 2.938149719238281250e+02 4.728723764419555664e-01 2.000000000000000000e+00
9.268012695312500000e+02 1.699425048828125000e+02 1.003116088867187500e+03 2.086468353271484375e+02 4.572580158710479736e-01 2.000000000000000000e+00
1.093226928710937500e+03 3.550466613769531250e+02 1.176295288085937500e+03 3.981835632324218750e+02 4.483999013900756836e-01 7.000000000000000000e+00
8.695356445312500000e+02 2.094730682373046875e+02 9.463124389648437500e+02 2.527084655761718750e+02 4.207654893398284912e-01 7.000000000000000000e+00
1.320682373046875000e+03 3.715829467773437500e+02 1.400000000000000000e+03 4.170390625000000000e+02 4.172547161579132080e-01 2.000000000000000000e+00
8.695104370117187500e+02 2.089963073730468750e+02 9.374771118164062500e+02 2.509697875976562500e+02 3.943457305431365967e-01 2.000000000000000000e+00
9.431415405273437500e+02 5.890283813476562500e+02 1.018140747070312500e+03 6.425923461914062500e+02 3.558146655559539795e-01 2.000000000000000000e+00
9.550555419921875000e+02 6.115801391601562500e+02 1.035875488281250000e+03 6.786217651367187500e+02 3.507614731788635254e-01 2.000000000000000000e+00
5.448020019531250000e+02 2.900791931152343750e+02 6.145125122070312500e+02 3.467178039550781250e+02 3.256667852401733398e-01 2.000000000000000000e+00
