5.325701904296875000e+02 4.607654113769531250e+02 6.131721801757812500e+02 6.371328735351562500e+02 6.262699961662292480e-01 6.000000000000000000e+00
3.648084411621093750e+02 3.738262634277343750e+02 4.176318054199218750e+02 4.247329711914062500e+02 5.006422996520996094e-01 5.800000000000000000e+01
6.160897216796875000e+02 3.591516113281250000e+02 6.516964111328125000e+02 3.994645385742187500e+02 4.681442975997924805e-01 2.000000000000000000e+00
5.819300537109375000e+02 2.413919372558593750e+02 6.360842895507812500e+02 3.426495971679687500e+02 3.371067941188812256e-01 6.000000000000000000e+00
9.966951293945312500e+02 6.259058837890625000e+02 1.019752136230468750e+03 6.563015136718750000e+02 3.356755077838897705e-01 0.000000000000000000e+00
8.580158691406250000e+02 4.384978637695312500e+02 8.910983886718750000e+02 4.811456298828125000e+02 2.775348126888275146e-01 2.000000000000000000e+00
5.235054321289062500e+02 3.416374816894531250e+02 5.664141235351562500e+02 3.885593261718750000e+02 2.681605815887451172e-01 2.000000000000000000e+00
8.228802490234375000e+02 5.258067016601562500e+02 8.917062377929687500e+02 7.226975097656250000e+02 2.639982700347900391e-01 7.000000000000000000e+00
5.236118164062500000e+02 3.418471069335937500e+02 5.667929687500000000e+02 3.886047058105468750e+02 2.616414129734039307e-01 7.000000000000000000e+00
5.234069213867187500e+02 3.406096191406250000e+02 5.678348999023437500e+02 3.891424560546875000e+02 2.591997981071472168e-01 1.300000000000000000e+01
