8.091584472656250000e+02 4.183143920898437500e+02 8.991051025390625000e+02 6.008016357421875000e+02 7.284692525863647461e-01 6.700000000000000000e+01
6.159598999023437500e+02 2.186130523681640625e+02 6.975889892578125000e+02 4.094187622070312500e+02 7.260211110115051270e-01 6.700000000000000000e+01
5.643909301757812500e+02 4.688077087402343750e+02 6.399709472656250000e+02 6.599414672851562500e+02 7.036510109901428223e-01 6.700000000000000000e+01
4.030201110839843750e+02 2.335419921875000000e+02 5.825030517578125000e+02 3.214769287109375000e+02 6.875928044319152832e-01 6.700000000000000000e+01
6.017070922851562500e+02 1.557362079620361328e-01 6.716680908203125000e+02 7.917426300048828125e+01 6.791832447052001953e-01 6.700000000000000000e+01
4.486660461425781250e+02 4.639006652832031250e+02 5.447367553710937500e+02 6.660449218750000000e+02 6.533256769180297852e-01 6.700000000000000000e+01
7.085833129882812500e+02 3.233429260253906250e+02 7.875203857421875000e+02 4.902917175292968750e+02 5.480428934097290039e-01 6.700000000000000000e+01
7.173949584960937500e+02 1.379921112060546875e+02 7.917039184570312500e+02 2.661794738769531250e+02 5.437058806419372559e-01 2.000000000000000000e+00
4.001065368652343750e+02 2.326154479980468750e+02 5.822824096679687500e+02 3.211878662109375000e+02 4.905934631824493408e-01 2.000000000000000000e+00
8.095021972656250000e+02 4.167151184082031250e+02 8.992539062500000000e+02 6.015793457031250000e+02 3.711479008197784424e-01 2.000000000000000000e+00
