1.064368896484375000e+03 5.095585021972656250e+02 1.205452270507812500e+03 5.873364257812500000e+02 8.437724709510803223e-01 2.000000000000000000e+00
5.163691406250000000e+02 5.360289001464843750e+01 6.096937866210937500e+02 1.026580429077148438e+02 7.455925345420837402e-01 2.000000000000000000e+00
8.961754150390625000e+02 3.846689147949218750e+02 9.740231323242187500e+02 4.408115844726562500e+02 6.711561083793640137e-01 2.000000000000000000e+00
7.844036865234375000e+02 7.495372009277343750e+01 9.411070556640625000e+02 1.677612762451171875e+02 6.664333939552307129e-01 7.000000000000000000e+00
1.014416198730468750e+03 4.108513488769531250e+02 1.136524291992187500e+03 4.887019958496093750e+02 5.826879143714904785e-01 7.000000000000000000e+00
1.004981567382812500e+03 1.501088409423828125e+02 1.089498291015625000e+03 2.060533599853515625e+02 5.657995343208312988e-01 2.000000000000000000e+00
1.549222656250000000e+03 2.635678710937500000e+02 1.653188964843750000e+03 3.346358642578125000e+02 5.535958409309387207e-01 2.000000000000000000e+00
3.761816101074218750e+02 2.091815948486328125e+02 5.162760009765625000e+02 2.921090087890625000e+02 4.941262602806091309e-01 7.000000000000000000e+00
1.018181823730468750e+03 4.088530883789062500e+02 1.135855102539062500e+03 4.888310852050781250e+02 4.834370911121368408e-01 2.000000000000000000e+00
1.568270141601562500e+03 6.287769165039062500e+02 1.675823730468750000e+03 7.051815795898437500e+02 4.153370261192321777e-01 7.000000000000000000e+00
2.760234355926513672e+00 1.022460083007812500e+03 1.282537536621093750e+02 1.077913208007812500e+03 3.151816427707672119e-01 2.000000000000000000e+00
2.717830505371093750e+02 7.649340820312500000e+02 3.097865600585937500e+02 8.120131225585937500e+02 3.093187212944030762e-01 0.000000000000000000e+00
