7.235639648437500000e+02 3.508170776367187500e+02 7.534705200195312500e+02 4.313739318847656250e+02 8.355426192283630371e-01 0.000000000000000000e+00
5.309047241210937500e+02 4.658406982421875000e+02 6.721990356445312500e+02 6.803599243164062500e+02 8.229386806488037109e-01 2.000000000000000000e+00
6.879077758789062500e+02 3.687369689941406250e+02 7.142149658203125000e+02 4.435383605957031250e+02 7.729293107986450195e-01 0.000000000000000000e+00
5.768312377929687500e+02 2.729367065429687500e+02 6.522537841796875000e+02 3.678094482421875000e+02 6.807626485824584961e-01 2.000000000000000000e+00
2.877235412597656250e-01 1.974116668701171875e+02 1.303809204101562500e+02 3.361780395507812500e+02 6.092928647994995117e-01 2.000000000000000000e+00
5.471196899414062500e+02 1.742035827636718750e+02 6.562061157226562500e+02 2.434031066894531250e+02 5.877978801727294922e-01 2.000000000000000000e+00
5.249944305419921875e+01 8.088964843750000000e+01 1.730634918212890625e+02 1.609742584228515625e+02 4.086064398288726807e-01 2.000000000000000000e+00
3.986529541015625000e+02 2.783067932128906250e+02 5.093349914550781250e+02 5.075938110351562500e+02 4.028104245662689209e-01 0.000000000000000000e+00
1.080562011718750000e+03 1.019136596679687500e+03 1.134011352539062500e+03 1.050000000000000000e+03 3.509764671325683594e-01 0.000000000000000000e+00
2.243341064453125000e+02 5.566944580078125000e+02 3.955967712402343750e+02 7.754373779296875000e+02 3.103857040405273438e-01 7.000000000000000000e+00
1.580287322998046875e+02 1.043268203735351562e+02 2.389705352783203125e+02 1.742901153564453125e+02 3.043395578861236572e-01 3.000000000000000000e+00
2.240159454345703125e+02 4.072146606445312500e+01 3.117322387695312500e+02 1.156979293823242188e+02 2.991067171096801758e-01 3.000000000000000000e+00
3.332390136718750000e+02 5.437311530113220215e-01 4.022421264648437500e+02 5.573672103881835938e+01 2.723292112350463867e-01 2.000000000000000000e+00
6.866840820312500000e+02 3.575664062500000000e+02 7.537307128906250000e+02 4.360364074707031250e+02 2.588916718959808350e-01 0.000000000000000000e+00
