8.755934448242187500e+02 5.813845825195312500e+02 9.156835937500000000e+02 6.086983032226562500e+02 5.624201893806457520e-01 2.000000000000000000e+00
4.535686035156250000e+02 5.488291015625000000e+02 4.797851562500000000e+02 5.809431762695312500e+02 4.270243942737579346e-01 2.000000000000000000e+00
5.827174682617187500e+02 4.820998229980468750e+02 6.274519042968750000e+02 5.115400085449218750e+02 4.260500073432922363e-01 2.000000000000000000e+00
3.531015625000000000e+02 3.043000793457031250e+02 3.747001342773437500e+02 3.310405578613281250e+02 4.064196646213531494e-01 2.000000000000000000e+00
3.931078186035156250e+02 5.847554931640625000e+02 4.196665039062500000e+02 6.152750244140625000e+02 3.977724611759185791e-01 2.000000000000000000e+00
6.713345336914062500e+02 4.258046569824218750e+02 7.070914306640625000e+02 4.552934570312500000e+02 3.923101127147674561e-01 2.000000000000000000e+00
7.602858886718750000e+02 6.963941650390625000e+02 7.889326171875000000e+02 7.215163574218750000e+02 3.417387604713439941e-01 2.000000000000000000e+00
9.503632812500000000e+02 6.099242553710937500e+02 9.901323852539062500e+02 6.313842773437500000e+02 3.388291597366333008e-01 2.000000000000000000e+00
6.321297607421875000e+02 4.176656188964843750e+02 6.493521728515625000e+02 4.361943054199218750e+02 3.247518241405487061e-01 2.000000000000000000e+00
1.189417846679687500e+03 6.648543090820312500e+02 1.234419433593750000e+03 6.986658935546875000e+02 3.189075887203216553e-01 2.000000000000000000e+00
4.954908752441406250e+02 5.689352416992187500e+02 5.207283325195312500e+02 5.977745971679687500e+02 3.030374646186828613e-01 2.000000000000000000e+00
5.244855957031250000e+02 7.103968505859375000e+02 5.535299072265625000e+02 7.385737304687500000e+02 2.960687577724456787e-01 2.000000000000000000e+00
7.137545166015625000e+02 7.144886474609375000e+02 7.389167480468750000e+02 7.443902587890625000e+02 2.912404537200927734e-01 2.000000000000000000e+00
1.222192993164062500e+03 6.835426025390625000e+02 1.281586059570312500e+03 7.103998413085937500e+02 2.901104390621185303e-01 2.000000000000000000e+00
5.642520141601562500e+02 2.276642761230468750e+02 5.871548461914062500e+02 2.422126007080078125e+02 2.764625251293182373e-01 2.000000000000000000e+00
3.781378479003906250e+02 2.700501708984375000e+02 4.042861328125000000e+02 2.945775756835937500e+02 2.707200646400451660e-01 2.000000000000000000e+00
