7.645979003906250000e+02 2.593935012817382812e+01 8.237673950195312500e+02 5.983083724975585938e+01 6.018347740173339844e-01 2.000000000000000000e+00
0.000000000000000000e+00 4.990450134277343750e+02 4.579434967041015625e+01 5.569942626953125000e+02 5.671859383583068848e-01 8.000000000000000000e+00
7.247747802734375000e+02 7.800530242919921875e+01 7.874589233398437500e+02 1.121987228393554688e+02 5.524181723594665527e-01 2.000000000000000000e+00
1.204393798828125000e+03 1.030525665283203125e+02 1.266015991210937500e+03 1.472461242675781250e+02 5.385444760322570801e-01 2.000000000000000000e+00
1.218784545898437500e+03 4.067615127563476562e+01 1.282559692382812500e+03 7.036495971679687500e+01 4.978935122489929199e-01 2.000000000000000000e+00
3.394296875000000000e+02 6.763394775390625000e+02 4.469653320312500000e+02 7.513305664062500000e+02 4.807136952877044678e-01 8.000000000000000000e+00
2.110016784667968750e+02 4.435075988769531250e+02 3.077963256835937500e+02 4.875656433105468750e+02 4.682145118713378906e-01 8.000000000000000000e+00
1.167520141601562500e+03 6.891220703125000000e+02 1.214920043945312500e+03 7.331732788085937500e+02 4.470613300800323486e-01 3.000000000000000000e+00
1.569526977539062500e+03 5.573981323242187500e+02 1.668302490234375000e+03 6.017010498046875000e+02 4.357939958572387695e-01 2.000000000000000000e+00
1.840234008789062500e+03 5.706350097656250000e+02 1.916000000000000000e+03 6.112419433593750000e+02 4.034168124198913574e-01 2.000000000000000000e+00
1.409590454101562500e+03 5.419817504882812500e+02 1.521423339843750000e+03 6.005765991210937500e+02 4.018635153770446777e-01 7.000000000000000000e+00
1.331237426757812500e+03 6.141377563476562500e+02 1.438123168945312500e+03 6.716488647460937500e+02 4.001760184764862061e-01 8.000000000000000000e+00
7.087261352539062500e+02 4.861552124023437500e+02 7.905165405273437500e+02 5.316206665039062500e+02 3.811073601245880127e-01 2.000000000000000000e+00
1.413683471679687500e+03 5.438290405273437500e+02 1.522468750000000000e+03 5.936347045898437500e+02 3.752387166023254395e-01 2.000000000000000000e+00
1.944779396057128906e+01 4.310480651855468750e+02 1.974198303222656250e+02 4.695284423828125000e+02 3.676753640174865723e-01 8.000000000000000000e+00
1.639539184570312500e+03 9.788712768554687500e+02 1.774375976562500000e+03 1.076442260742187500e+03 3.607300817966461182e-01 7.000000000000000000e+00
1.329701538085937500e+03 6.123817749023437500e+02 1.441477661132812500e+03 6.731857910156250000e+02 3.401279151439666748e-01 7.000000000000000000e+00
4.679840698242187500e+02 4.755438232421875000e+02 5.610527343750000000e+02 5.119368591308593750e+02 2.982229292392730713e-01 8.000000000000000000e+00
9.331975708007812500e+02 5.005512390136718750e+02 1.025290527343750000e+03 5.504255981445312500e+02 2.865858674049377441e-01 7.000000000000000000e+00
1.711359863281250000e+03 5.700666503906250000e+02 1.760045288085937500e+03 6.036782226562500000e+02 2.852135002613067627e-01 2.000000000000000000e+00
1.143132690429687500e+03 2.982965698242187500e+02 1.234669311523437500e+03 3.421444702148437500e+02 2.780019938945770264e-01 2.000000000000000000e+00
1.312428100585937500e+03 7.675494995117187500e+02 1.432367187500000000e+03 8.360783081054687500e+02 2.718712985515594482e-01 7.000000000000000000e+00
1.710848510742187500e+03 5.666857910156250000e+02 1.811704101562500000e+03 6.029235839843750000e+02 2.688747346401214600e-01 2.000000000000000000e+00
1.064367431640625000e+03 5.168233032226562500e+02 1.162784423828125000e+03 5.619882812500000000e+02 2.637813687324523926e-01 2.000000000000000000e+00
1.096692199707031250e+02 9.747171630859375000e+02 2.469964752197265625e+02 1.048917846679687500e+03 2.594363987445831299e-01 8.000000000000000000e+00
7.032119140625000000e+02 4.874687500000000000e+02 7.865086669921875000e+02 5.313874511718750000e+02 2.592543363571166992e-01 7.000000000000000000e+00
