1.529336700439453125e+02 5.510775146484375000e+02 1.899263763427734375e+02 5.760545654296875000e+02 6.842559576034545898e-01 2.000000000000000000e+00
1.558070983886718750e+02 1.014391113281250000e+03 1.720089111328125000e+02 1.049138916015625000e+03 6.234272122383117676e-01 0.000000000000000000e+00
2.051718750000000000e+02 5.344116210937500000e+02 2.390953674316406250e+02 5.558395996093750000e+02 6.128939986228942871e-01 2.000000000000000000e+00
5.750159912109375000e+02 6.433159179687500000e+02 6.122484741210937500e+02 6.737030029296875000e+02 5.626388788223266602e-01 2.000000000000000000e+00
3.412229614257812500e+02 6.197321166992187500e+02 3.673501892089843750e+02 6.494567260742187500e+02 5.545461773872375488e-01 2.000000000000000000e+00
2.426007843017578125e+02 5.544222412109375000e+02 2.887563171386718750e+02 5.916148681640625000e+02 5.427043437957763672e-01 2.000000000000000000e+00
4.352097167968750000e+02 7.151087036132812500e+02 4.613202819824218750e+02 7.534502563476562500e+02 5.422072410583496094e-01 2.000000000000000000e+00
3.826372985839843750e+02 6.745014038085937500e+02 4.094573364257812500e+02 7.054875488281250000e+02 4.980708062648773193e-01 2.000000000000000000e+00
1.254311523437500000e+03 6.500196533203125000e+02 1.295805053710937500e+03 6.719158935546875000e+02 4.899740815162658691e-01 2.000000000000000000e+00
4.200387573242187500e+02 6.492850341796875000e+02 4.412178649902343750e+02 6.767773437500000000e+02 4.882511198520660400e-01 2.000000000000000000e+00
1.831712493896484375e+02 9.117865600585937500e+02 1.965020294189453125e+02 9.411085815429687500e+02 4.870876669883728027e-01 0.000000000000000000e+00
2.945189819335937500e+02 9.390750732421875000e+02 3.105924682617187500e+02 9.774351196289062500e+02 4.758752882480621338e-01 0.000000000000000000e+00
4.694874572753906250e+02 7.147061767578125000e+02 4.982343750000000000e+02 7.521989135742187500e+02 4.669837653636932373e-01 2.000000000000000000e+00
2.309945678710937500e+02 9.135057373046875000e+02 2.456814270019531250e+02 9.465803222656250000e+02 4.527203142642974854e-01 0.000000000000000000e+00
4.487395019531250000e+02 6.007221069335937500e+02 4.740022277832031250e+02 6.309594726562500000e+02 4.446761906147003174e-01 2.000000000000000000e+00
1.031625000000000000e+03 7.708602905273437500e+02 1.077698730468750000e+03 8.024337768554687500e+02 4.041185975074768066e-01 2.000000000000000000e+00
8.494281616210937500e+02 8.133900146484375000e+02 9.125065307617187500e+02 8.607596435546875000e+02 3.750734031200408936e-01 2.000000000000000000e+00
1.566710357666015625e+02 5.426627807617187500e+02 2.015176544189453125e+02 5.712813110351562500e+02 3.731869757175445557e-01 2.000000000000000000e+00
2.309027252197265625e+02 5.049511413574218750e+02 2.630864562988281250e+02 5.256347045898437500e+02 3.639198839664459229e-01 2.000000000000000000e+00
1.497063293457031250e+02 6.076453247070312500e+02 1.877645721435546875e+02 6.565161743164062500e+02 3.550812602043151855e-01 2.000000000000000000e+00
3.534638977050781250e+02 6.867255859375000000e+02 3.764743652343750000e+02 7.178929443359375000e+02 3.512129187583923340e-01 2.000000000000000000e+00
2.744764099121093750e+02 1.009334350585937500e+03 3.125675964355468750e+02 1.050000000000000000e+03 3.444067537784576416e-01 0.000000000000000000e+00
1.088766845703125000e+03 6.997569580078125000e+02 1.134463256835937500e+03 7.270558471679687500e+02 3.410341739654541016e-01 2.000000000000000000e+00
3.545277404785156250e+02 9.180036621093750000e+02 3.693299560546875000e+02 9.532856445312500000e+02 3.366800546646118164e-01 0.000000000000000000e+00
8.468409423828125000e+02 7.466508789062500000e+02 9.603033447265625000e+02 7.984692993164062500e+02 3.226641118526458740e-01 7.000000000000000000e+00
1.867212829589843750e+02 5.061420288085937500e+02 2.177090759277343750e+02 5.252991333007812500e+02 2.936226427555084229e-01 2.000000000000000000e+00
4.638327331542968750e+02 8.428941040039062500e+02 4.809054260253906250e+02 8.738577270507812500e+02 2.928288578987121582e-01 0.000000000000000000e+00
4.322716369628906250e+02 6.033041992187500000e+02 4.687241516113281250e+02 6.312100219726562500e+02 2.903808951377868652e-01 2.000000000000000000e+00
7.477656860351562500e+02 9.327827758789062500e+02 7.738405151367187500e+02 9.654674682617187500e+02 2.901528179645538330e-01 0.000000000000000000e+00
7.266290893554687500e+02 8.902468261718750000e+02 7.490072021484375000e+02 9.246792602539062500e+02 2.838210761547088623e-01 0.000000000000000000e+00
3.744469604492187500e+02 8.203484497070312500e+02 3.882240905761718750e+02 8.513561401367187500e+02 2.709411382675170898e-01 0.000000000000000000e+00
1.715595092773437500e+02 5.254014282226562500e+02 2.072748565673828125e+02 5.565269775390625000e+02 2.703963816165924072e-01 2.000000000000000000e+00
4.310495300292968750e+02 5.550372314453125000e+02 4.534240722656250000e+02 5.768286743164062500e+02 2.674157917499542236e-01 2.000000000000000000e+00
2.171921234130859375e+02 8.257075195312500000e+02 2.324478149414062500e+02 8.659343872070312500e+02 2.557601332664489746e-01 0.000000000000000000e+00
3.760730285644531250e+02 6.149572143554687500e+02 3.999397888183593750e+02 6.387676391601562500e+02 2.522681653499603271e-01 2.000000000000000000e+00
