3.078123168945312500e+02 4.358829956054687500e+02 3.818321533203125000e+02 4.801065673828125000e+02 6.666160225868225098e-01 2.000000000000000000e+00
8.939641723632812500e+02 4.530294799804687500e+02 9.436136474609375000e+02 5.188629760742187500e+02 5.403985381126403809e-01 2.000000000000000000e+00
8.614451293945312500e+02 3.130249328613281250e+02 8.886095581054687500e+02 3.449687194824218750e+02 4.574717283248901367e-01 9.000000000000000000e+00
9.063850097656250000e+02 2.035589294433593750e+02 9.340243530273437500e+02 2.300658111572265625e+02 4.383829236030578613e-01 2.000000000000000000e+00
7.249978184700012207e-01 4.240281372070312500e+02 6.041637039184570312e+01 4.879477539062500000e+02 4.238304495811462402e-01 2.000000000000000000e+00
9.178502197265625000e+02 3.611630249023437500e+02 9.541067504882812500e+02 4.202888793945312500e+02 3.859941661357879639e-01 2.000000000000000000e+00
9.203432006835937500e+02 2.693876953125000000e+02 9.505153198242187500e+02 2.993495483398437500e+02 3.691810667514801025e-01 2.000000000000000000e+00
9.551214599609375000e+02 1.460521087646484375e+02 1.015815612792968750e+03 1.826614532470703125e+02 3.282575011253356934e-01 2.000000000000000000e+00
9.417907714843750000e+02 2.023100128173828125e+02 9.882645874023437500e+02 2.449615325927734375e+02 3.215565979480743408e-01 2.000000000000000000e+00
1.588859252929687500e+02 0.000000000000000000e+00 4.449563903808593750e+02 2.202111816406250000e+02 2.778825759887695312e-01 6.200000000000000000e+01
9.632726440429687500e+02 5.964488983154296875e+01 9.944254150390625000e+02 8.648793029785156250e+01 2.773430049419403076e-01 2.000000000000000000e+00
