1.183693847656250000e+03 5.163138427734375000e+02 1.295240112304687500e+03 5.858964233398437500e+02 8.008539080619812012e-01 2.000000000000000000e+00
1.619743530273437500e+03 5.799161987304687500e+02 1.769599853515625000e+03 6.718201904296875000e+02 7.593194842338562012e-01 2.000000000000000000e+00
9.614259033203125000e+02 4.411025085449218750e+02 1.082845092773437500e+03 5.159482421875000000e+02 7.209689021110534668e-01 2.000000000000000000e+00
1.017588317871093750e+03 5.628890380859375000e+02 1.233298217773437500e+03 7.920064697265625000e+02 6.350332498550415039e-01 2.000000000000000000e+00
1.638255859375000000e+03 2.572146606445312500e+02 1.750198852539062500e+03 3.518677978515625000e+02 5.789972543716430664e-01 2.000000000000000000e+00
8.608496704101562500e+02 2.688835144042968750e+00 1.028434448242187500e+03 1.761968994140625000e+02 4.708554446697235107e-01 2.000000000000000000e+00
1.753297241210937500e+03 4.967680053710937500e+02 1.821791748046875000e+03 5.471343994140625000e+02 4.383230805397033691e-01 2.000000000000000000e+00
6.989073486328125000e+02 0.000000000000000000e+00 7.961015014648437500e+02 4.457653045654296875e+01 4.323391914367675781e-01 2.000000000000000000e+00
5.721113891601562500e+02 2.463521881103515625e+02 7.074024658203125000e+02 3.946476440429687500e+02 3.370422422885894775e-01 5.000000000000000000e+00
9.944622802734375000e+02 1.980187225341796875e+02 1.155264770507812500e+03 3.262503051757812500e+02 3.347049057483673096e-01 2.000000000000000000e+00
1.750160644531250000e+03 3.993594360351562500e+02 1.821433593750000000e+03 4.470661010742187500e+02 3.163033425807952881e-01 2.000000000000000000e+00
4.179135437011718750e+02 4.944924926757812500e+01 5.103218078613281250e+02 1.354958496093750000e+02 2.922030985355377197e-01 7.000000000000000000e+00
