3.434887084960937500e+02 6.244257812500000000e+02 4.154352111816406250e+02 7.110560302734375000e+02 8.106800317764282227e-01 2.000000000000000000e+00
4.656174621582031250e+02 5.884054565429687500e+02 5.250776977539062500e+02 6.661779785156250000e+02 7.051501274108886719e-01 2.000000000000000000e+00
2.542605895996093750e+02 7.299856567382812500e+02 2.807671508789062500e+02 7.850888061523437500e+02 5.688946843147277832e-01 0.000000000000000000e+00
9.480109252929687500e+02 9.612028808593750000e+02 1.090831787109375000e+03 1.024737548828125000e+03 5.504307150840759277e-01 2.000000000000000000e+00
1.193713867187500000e+03 9.401481323242187500e+02 1.322330078125000000e+03 1.003538269042968750e+03 4.725564122200012207e-01 8.000000000000000000e+00
7.911201171875000000e+02 9.190563964843750000e+02 9.114564819335937500e+02 9.888959350585937500e+02 4.618577659130096436e-01 7.000000000000000000e+00
3.101681823730468750e+02 8.555227518081665039e-01 3.979631652832031250e+02 5.392665481567382812e+01 4.077681005001068115e-01 2.000000000000000000e+00
3.351427612304687500e+02 9.573193969726562500e+02 3.595479125976562500e+02 1.006155334472656250e+03 3.983724713325500488e-01 0.000000000000000000e+00
1.988965911865234375e+02 7.591948852539062500e+02 2.209550018310546875e+02 7.966654052734375000e+02 3.951598107814788818e-01 0.000000000000000000e+00
8.449724121093750000e+02 0.000000000000000000e+00 9.232554931640625000e+02 6.360994338989257812e+01 3.681044280529022217e-01 7.000000000000000000e+00
7.927521362304687500e+02 9.188680419921875000e+02 9.111336059570312500e+02 9.875064697265625000e+02 3.477191925048828125e-01 2.000000000000000000e+00
6.868231811523437500e+02 7.773779907226562500e+02 7.340625610351562500e+02 8.533679809570312500e+02 3.400385379791259766e-01 2.000000000000000000e+00
6.918629760742187500e+02 8.651726531982421875e+01 1.384944946289062500e+03 7.140229492187500000e+02 3.091894686222076416e-01 8.000000000000000000e+00
8.485518188476562500e+02 5.057483911514282227e-01 9.218773803710937500e+02 6.492234039306640625e+01 2.868666946887969971e-01 2.000000000000000000e+00
