1.642505187988281250e+02 4.877300720214843750e+02 2.484787902832031250e+02 5.468616333007812500e+02 7.177441716194152832e-01 2.000000000000000000e+00
3.418002014160156250e+02 5.421418457031250000e+02 5.083529663085937500e+02 6.345350341796875000e+02 6.807892918586730957e-01 2.000000000000000000e+00
5.077434997558593750e+02 4.558275451660156250e+02 5.711517944335937500e+02 5.045967712402343750e+02 6.279034018516540527e-01 2.000000000000000000e+00
4.642126464843750000e+02 3.472091979980468750e+02 5.222130737304687500e+02 3.810484924316406250e+02 5.808093547821044922e-01 2.000000000000000000e+00
3.513417358398437500e+02 4.369254760742187500e+02 4.607067260742187500e+02 4.852070922851562500e+02 5.645682811737060547e-01 2.000000000000000000e+00
3.325509948730468750e+02 3.319076538085937500e+02 3.777515563964843750e+02 3.601546936035156250e+02 5.343074798583984375e-01 2.000000000000000000e+00
4.020323486328125000e+02 3.745628967285156250e+02 4.920853576660156250e+02 4.336202697753906250e+02 5.229489207267761230e-01 2.000000000000000000e+00
5.971154785156250000e+02 5.412758178710937500e+02 7.316268310546875000e+02 6.809340209960937500e+02 5.181145668029785156e-01 7.000000000000000000e+00
6.751854858398437500e+02 4.656340332031250000e+02 7.450446166992187500e+02 5.258200683593750000e+02 5.139510631561279297e-01 2.000000000000000000e+00
7.029416503906250000e+02 4.105064086914062500e+02 7.551225585937500000e+02 4.441996459960937500e+02 4.388646185398101807e-01 2.000000000000000000e+00
3.132831420898437500e+02 6.270104980468750000e+02 4.759457397460937500e+02 7.299109497070312500e+02 4.370748400688171387e-01 2.000000000000000000e+00
2.278077697753906250e+02 4.214809265136718750e+02 2.975886230468750000e+02 4.554004211425781250e+02 4.211062192916870117e-01 2.000000000000000000e+00
5.681626586914062500e+02 3.718867797851562500e+02 6.659591674804687500e+02 4.249819335937500000e+02 4.172456860542297363e-01 2.000000000000000000e+00
4.275789489746093750e+02 3.323252563476562500e+02 4.760449523925781250e+02 3.618222656250000000e+02 3.959551453590393066e-01 2.000000000000000000e+00
8.536286926269531250e+01 6.307637939453125000e+02 1.634014739990234375e+02 7.047379760742187500e+02 3.374133706092834473e-01 2.000000000000000000e+00
7.599740600585937500e+02 5.084187316894531250e+02 8.240249023437500000e+02 5.495540161132812500e+02 2.948112785816192627e-01 2.000000000000000000e+00
4.325030822753906250e+02 3.379206542968750000e+02 5.065020446777343750e+02 3.728806762695312500e+02 2.831449210643768311e-01 2.000000000000000000e+00
6.505616760253906250e+01 5.008415527343750000e+02 1.550159301757812500e+02 5.810488891601562500e+02 2.816493809223175049e-01 2.000000000000000000e+00
