1.167776611328125000e+03 8.830234985351562500e+02 1.351424682617187500e+03 1.047751831054687500e+03 8.888846635818481445e-01 2.000000000000000000e+00
9.362072143554687500e+02 5.874917602539062500e+02 1.078733154296875000e+03 7.715706176757812500e+02 8.470458388328552246e-01 2.000000000000000000e+00
9.730709228515625000e+02 7.834000854492187500e+02 1.141848999023437500e+03 1.050000000000000000e+03 8.234881758689880371e-01 2.000000000000000000e+00
7.076882934570312500e+02 5.730996093750000000e+02 7.908327636718750000e+02 7.521177368164062500e+02 7.684652209281921387e-01 2.000000000000000000e+00
1.011468750000000000e+03 4.609974060058593750e+02 1.126360107421875000e+03 6.152539062500000000e+02 7.684563994407653809e-01 2.000000000000000000e+00
9.355435180664062500e+02 4.579259338378906250e+02 1.030572265625000000e+03 5.800469360351562500e+02 7.627006173133850098e-01 2.000000000000000000e+00
8.983343505859375000e+02 2.565617675781250000e+02 9.634900512695312500e+02 3.464752197265625000e+02 7.572107315063476562e-01 2.000000000000000000e+00
7.228429565429687500e+02 3.217971496582031250e+02 7.879101562500000000e+02 4.033752441406250000e+02 7.369612455368041992e-01 2.000000000000000000e+00
7.191989135742187500e+02 4.118534240722656250e+02 7.910985717773437500e+02 5.520345458984375000e+02 6.907786726951599121e-01 2.000000000000000000e+00
8.088699951171875000e+02 3.726609497070312500e+02 8.786977539062500000e+02 4.730151367187500000e+02 6.877830028533935547e-01 2.000000000000000000e+00
6.744412841796875000e+02 7.489461059570312500e+02 8.067425537109375000e+02 1.031874877929687500e+03 5.919785499572753906e-01 6.700000000000000000e+01
1.120824462890625000e+03 4.474998779296875000e+02 1.145635742187500000e+03 5.046296386718750000e+02 5.417732596397399902e-01 0.000000000000000000e+00
9.051212158203125000e+02 3.446769714355468750e+02 9.898666992187500000e+02 4.553899841308593750e+02 5.404382348060607910e-01 2.000000000000000000e+00
5.987791137695312500e+02 7.528081512451171875e+01 6.476006469726562500e+02 1.319651336669921875e+02 5.311721563339233398e-01 2.000000000000000000e+00
7.300116577148437500e+02 2.420885620117187500e+02 7.882247314453125000e+02 3.142298889160156250e+02 5.228968262672424316e-01 2.000000000000000000e+00
4.891945495605468750e+02 7.996069946289062500e+02 6.185241088867187500e+02 1.033396240234375000e+03 4.831164777278900146e-01 6.700000000000000000e+01
8.770748291015625000e+02 1.872079162597656250e+02 9.355804443359375000e+02 2.617315368652343750e+02 4.765202105045318604e-01 2.000000000000000000e+00
6.902659301757812500e+02 1.171372985839843750e+02 7.399483642578125000e+02 1.990892333984375000e+02 4.684422612190246582e-01 2.000000000000000000e+00
2.639780273437500000e+02 6.553569946289062500e+02 4.166486816406250000e+02 8.467458496093750000e+02 4.523301124572753906e-01 2.000000000000000000e+00
6.803672485351562500e+02 1.789138641357421875e+02 7.349316406250000000e+02 2.376887664794921875e+02 4.510545730590820312e-01 2.000000000000000000e+00
7.343607788085937500e+02 1.842058563232421875e+02 7.878679199218750000e+02 2.507037963867187500e+02 4.189502298831939697e-01 2.000000000000000000e+00
1.009891845703125000e+03 2.256479339599609375e+02 1.031628906250000000e+03 2.735465698242187500e+02 4.160892963409423828e-01 0.000000000000000000e+00
5.599577026367187500e+02 6.380970458984375000e+02 5.854349975585937500e+02 6.890847167968750000e+02 3.579490780830383301e-01 0.000000000000000000e+00
4.969977111816406250e+02 1.211748886108398438e+02 5.756818237304687500e+02 2.463350219726562500e+02 3.450709879398345947e-01 2.000000000000000000e+00
7.031381225585937500e+02 4.802221679687500000e+01 7.501409301757812500e+02 1.067107315063476562e+02 3.446888029575347900e-01 2.000000000000000000e+00
7.409593505859375000e+02 8.184269714355468750e+01 7.854865112304687500e+02 1.404801940917968750e+02 3.398681282997131348e-01 2.000000000000000000e+00
7.046038818359375000e+02 4.763707733154296875e+01 7.816942138671875000e+02 1.340274047851562500e+02 2.806687653064727783e-01 2.000000000000000000e+00
5.244645996093750000e+02 6.457403564453125000e+02 5.513004150390625000e+02 6.893986206054687500e+02 2.667228877544403076e-01 0.000000000000000000e+00
