1.159203735351562500e+03 3.570986328125000000e+02 1.257341308593750000e+03 4.062033081054687500e+02 7.850178480148315430e-01 2.000000000000000000e+00
1.211616821289062500e+03 4.990502014160156250e+02 1.304798950195312500e+03 5.526426391601562500e+02 7.620437145233154297e-01 2.000000000000000000e+00
1.585321777343750000e+03 2.356186676025390625e+02 1.657782470703125000e+03 2.739878234863281250e+02 6.019723415374755859e-01 2.000000000000000000e+00
1.426108886718750000e+03 4.422450561523437500e+02 1.512530883789062500e+03 4.933131408691406250e+02 6.011719107627868652e-01 2.000000000000000000e+00
5.829693603515625000e+02 1.465019989013671875e+02 6.307844238281250000e+02 1.807138824462890625e+02 5.779367685317993164e-01 2.000000000000000000e+00
9.283770751953125000e+02 4.531064453125000000e+02 9.944423828125000000e+02 5.044392089843750000e+02 5.674316883087158203e-01 2.000000000000000000e+00
1.324228515625000000e+03 3.122759399414062500e+02 1.403008911132812500e+03 3.601807861328125000e+02 5.316664576530456543e-01 2.000000000000000000e+00
1.716180297851562500e+03 7.111481933593750000e+02 1.796675781250000000e+03 7.729688110351562500e+02 4.686174392700195312e-01 7.000000000000000000e+00
5.163378295898437500e+02 8.262986755371093750e+01 5.737835693359375000e+02 1.184814605712890625e+02 4.568680822849273682e-01 2.000000000000000000e+00
5.212996826171875000e+02 1.187986221313476562e+02 5.672510986328125000e+02 1.609275360107421875e+02 4.430797994136810303e-01 2.000000000000000000e+00
1.462148925781250000e+03 2.417918090820312500e+02 1.559450073242187500e+03 3.094938049316406250e+02 4.410014748573303223e-01 2.000000000000000000e+00
1.407229858398437500e+03 2.876668701171875000e+02 1.468110717773437500e+03 3.309168701171875000e+02 4.068450927734375000e-01 2.000000000000000000e+00
1.621038818359375000e+02 1.043941268920898438e+02 2.392572784423828125e+02 1.721563415527343750e+02 3.542173802852630615e-01 2.000000000000000000e+00
5.690825805664062500e+02 2.118058013916015625e+02 9.577758178710937500e+02 4.018865966796875000e+02 3.535414040088653564e-01 5.000000000000000000e+00
6.283605957031250000e+02 1.046831512451171875e+02 6.990252685546875000e+02 1.464259185791015625e+02 3.407670557498931885e-01 2.000000000000000000e+00
9.990310668945312500e+02 6.024923706054687500e+02 1.105962036132812500e+03 6.689854736328125000e+02 3.268730938434600830e-01 2.000000000000000000e+00
6.357202758789062500e+02 1.490865478515625000e+02 6.936291503906250000e+02 1.849624786376953125e+02 3.238179385662078857e-01 2.000000000000000000e+00
1.883248779296875000e+03 3.553202209472656250e+02 1.916000000000000000e+03 3.912875976562500000e+02 3.232147991657257080e-01 2.000000000000000000e+00
1.668489013671875000e+03 4.339441833496093750e+02 1.748476074218750000e+03 4.816274719238281250e+02 3.042219877243041992e-01 2.000000000000000000e+00
1.859629150390625000e+03 1.451636810302734375e+02 1.914971069335937500e+03 1.797002410888671875e+02 2.942019999027252197e-01 2.000000000000000000e+00
1.710099121093750000e+03 1.930632324218750000e+02 1.768570434570312500e+03 2.291257781982421875e+02 2.808953821659088135e-01 2.000000000000000000e+00
6.365408935546875000e+02 5.244512176513671875e+01 7.005703125000000000e+02 8.230526733398437500e+01 2.567933797836303711e-01 2.000000000000000000e+00
