1.508747406005859375e+02 7.385390625000000000e+02 3.007074890136718750e+02 8.446406860351562500e+02 5.953752398490905762e-01 2.000000000000000000e+00
1.087884033203125000e+03 2.227603912353515625e+02 1.173223754882812500e+03 2.868882751464843750e+02 5.782027840614318848e-01 2.000000000000000000e+00
1.055044799804687500e+03 3.254188537597656250e+02 1.399818847656250000e+03 7.306165161132812500e+02 5.199778676033020020e-01 7.000000000000000000e+00
7.308683471679687500e+02 4.150497436523437500e+02 7.862377929687500000e+02 4.516529235839843750e+02 3.556261360645294189e-01 2.000000000000000000e+00
6.963769531250000000e+02 5.225912475585937500e+02 7.108679199218750000e+02 5.582815551757812500e+02 3.481413424015045166e-01 0.000000000000000000e+00
3.972693176269531250e+02 5.849542236328125000e+02 4.448716735839843750e+02 6.165640258789062500e+02 3.385982513427734375e-01 2.000000000000000000e+00
1.085602783203125000e+03 2.220187988281250000e+02 1.176198242187500000e+03 2.893321533203125000e+02 3.038917481899261475e-01 7.000000000000000000e+00
9.464126586914062500e+02 6.823063659667968750e+01 1.230122436523437500e+03 2.784645080566406250e+02 2.851157188415527344e-01 7.000000000000000000e+00
3.072319641113281250e+02 5.923366699218750000e+02 3.317187805175781250e+02 6.390805664062500000e+02 2.849261462688446045e-01 0.000000000000000000e+00
3.211580810546875000e+02 6.219537963867187500e+02 3.887356567382812500e+02 6.593345336914062500e+02 2.764471769332885742e-01 2.000000000000000000e+00
2.955963439941406250e+02 5.935017700195312500e+02 3.202486572265625000e+02 6.394771728515625000e+02 2.698678374290466309e-01 0.000000000000000000e+00
