5.400831909179687500e+02 7.018497467041015625e+01 6.586741333007812500e+02 1.308782958984375000e+02 7.609562873840332031e-01 2.000000000000000000e+00
2.088747711181640625e+02 8.370786743164062500e+02 3.429642944335937500e+02 1.037269287109375000e+03 7.088611721992492676e-01 2.000000000000000000e+00
8.041824340820312500e+02 1.589429931640625000e+02 8.603488769531250000e+02 2.410503082275390625e+02 7.061544060707092285e-01 2.000000000000000000e+00
6.308522338867187500e+02 2.841251220703125000e+02 6.904146118164062500e+02 3.864055786132812500e+02 6.056429743766784668e-01 2.000000000000000000e+00
6.206109008789062500e+02 4.204903259277343750e+02 6.951560058593750000e+02 5.487464599609375000e+02 5.826905369758605957e-01 2.000000000000000000e+00
4.825352172851562500e+02 6.276345825195312500e+02 5.799811401367187500e+02 8.158227539062500000e+02 5.762441754341125488e-01 2.000000000000000000e+00
8.357351684570312500e+02 4.712952575683593750e+02 9.155964965820312500e+02 6.189448242187500000e+02 5.425572395324707031e-01 2.000000000000000000e+00
6.372601318359375000e+02 1.734118957519531250e+02 6.926608276367187500e+02 2.707361755371093750e+02 4.914145469665527344e-01 2.000000000000000000e+00
9.618662719726562500e+02 8.555082397460937500e+02 1.190027465820312500e+03 9.565177612304687500e+02 4.296765029430389404e-01 2.000000000000000000e+00
5.686875610351562500e+02 1.638510742187500000e+02 6.388930664062500000e+02 2.633609008789062500e+02 3.844177126884460449e-01 2.000000000000000000e+00
4.651000671386718750e+02 0.000000000000000000e+00 5.946428222656250000e+02 4.456704711914062500e+01 3.457351624965667725e-01 2.000000000000000000e+00
6.194521484375000000e+02 4.251283264160156250e+02 6.938842773437500000e+02 5.438404541015625000e+02 3.212005496025085449e-01 6.700000000000000000e+01
1.026653686523437500e+03 7.556231079101562500e+02 1.092269409179687500e+03 8.561591796875000000e+02 2.558055520057678223e-01 0.000000000000000000e+00
