8.144877624511718750e+01 2.505009765625000000e+02 1.645992126464843750e+02 3.130368041992187500e+02 7.268001437187194824e-01 2.000000000000000000e+00
1.024017930030822754e+00 2.939454650878906250e+02 3.343239593505859375e+01 3.526759338378906250e+02 7.085129618644714355e-01 2.000000000000000000e+00
2.482794952392578125e+01 3.987620544433593750e+02 1.055872116088867188e+02 4.750377197265625000e+02 6.379792094230651855e-01 2.000000000000000000e+00
3.973550109863281250e+02 3.441505126953125000e+02 5.414320678710937500e+02 5.009671630859375000e+02 4.947217106819152832e-01 2.000000000000000000e+00
5.632215576171875000e+02 2.521132812500000000e+02 6.779129638671875000e+02 3.714452514648437500e+02 4.849955141544342041e-01 5.000000000000000000e+00
1.643218231201171875e+02 4.982618103027343750e+02 3.470502929687500000e+02 6.796707763671875000e+02 4.842753410339355469e-01 7.000000000000000000e+00
4.053389587402343750e+02 1.148812255859375000e+02 4.580095825195312500e+02 1.613246459960937500e+02 4.361545145511627197e-01 2.000000000000000000e+00
8.899956512451171875e+01 3.482747497558593750e+02 2.503408355712890625e+02 4.495622558593750000e+02 3.971017301082611084e-01 2.000000000000000000e+00
2.821843566894531250e+02 2.641149597167968750e+02 4.327270507812500000e+02 3.657221679687500000e+02 3.333368897438049316e-01 7.000000000000000000e+00
4.056971740722656250e+01 1.693505706787109375e+02 1.234679946899414062e+02 2.406005249023437500e+02 3.324167430400848389e-01 2.000000000000000000e+00
2.633465270996093750e+02 2.600728759765625000e+02 4.297719421386718750e+02 3.689564208984375000e+02 2.789371013641357422e-01 2.000000000000000000e+00
1.778360443115234375e+02 2.468244781494140625e+02 2.361669158935546875e+02 2.912346496582031250e+02 2.658287882804870605e-01 2.000000000000000000e+00
2.720166625976562500e+02 6.023729324340820312e+01 3.247962646484375000e+02 1.069990081787109375e+02 2.604708075523376465e-01 2.000000000000000000e+00
