6.640502319335937500e+02 6.033852539062500000e+02 7.613393554687500000e+02 6.920880737304687500e+02 7.372465133666992188e-01 2.000000000000000000e+00
5.273084716796875000e+02 4.975189590454101562e+01 5.531574096679687500e+02 7.168858337402343750e+01 5.886215567588806152e-01 2.000000000000000000e+00
4.401915893554687500e+02 2.451481475830078125e+02 4.775472412109375000e+02 2.825734252929687500e+02 5.575789809226989746e-01 2.000000000000000000e+00
5.680300903320312500e+02 1.376192169189453125e+02 6.185244140625000000e+02 2.600591735839843750e+02 5.538960695266723633e-01 5.000000000000000000e+00
4.916947631835937500e+02 1.230766220092773438e+02 5.238775024414062500e+02 1.558988494873046875e+02 5.490754842758178711e-01 2.000000000000000000e+00
5.250022583007812500e+02 1.374589538574218750e+02 5.503951416015625000e+02 1.632957763671875000e+02 4.479524791240692139e-01 2.000000000000000000e+00
4.952638244628906250e+02 3.407743453979492188e+01 5.138228149414062500e+02 5.213843536376953125e+01 4.097014367580413818e-01 2.000000000000000000e+00
7.688763427734375000e+02 2.430417938232421875e+02 7.929503173828125000e+02 2.840478210449218750e+02 2.951587736606597900e-01 2.000000000000000000e+00
6.298231811523437500e+02 3.469671325683593750e+02 6.907596435546875000e+02 4.758553771972656250e+02 2.916174829006195068e-01 5.000000000000000000e+00
5.683361206054687500e+02 2.304567337036132812e+01 5.945260009765625000e+02 4.719862747192382812e+01 2.516672909259796143e-01 2.000000000000000000e+00
