7.346758422851562500e+02 2.453009338378906250e+02 8.379711303710937500e+02 3.274091491699218750e+02 5.542464256286621094e-01 5.000000000000000000e+00
5.377236328125000000e+02 6.064585571289062500e+02 5.861578979492187500e+02 6.508410034179687500e+02 5.322155356407165527e-01 2.000000000000000000e+00
3.684974365234375000e+02 4.701411132812500000e+02 4.199217834472656250e+02 5.171447143554687500e+02 4.700543880462646484e-01 2.000000000000000000e+00
4.523850402832031250e+02 5.331164550781250000e+02 5.010910949707031250e+02 5.783533325195312500e+02 4.189564883708953857e-01 2.000000000000000000e+00
1.017557373046875000e+03 1.116438369750976562e+02 1.042346069335937500e+03 1.365494384765625000e+02 3.624979853630065918e-01 2.000000000000000000e+00
5.537539672851562500e+02 6.265281982421875000e+02 6.072310791015625000e+02 6.804891357421875000e+02 3.494728803634643555e-01 2.000000000000000000e+00
7.022063598632812500e+02 3.054427795410156250e+02 7.257489624023437500e+02 3.283297424316406250e+02 3.305119276046752930e-01 2.000000000000000000e+00
6.396438598632812500e+02 1.888820648193359375e+02 6.671387939453125000e+02 2.113867797851562500e+02 3.304486870765686035e-01 2.000000000000000000e+00
3.392424011230468750e+01 2.161124725341796875e+02 7.385938262939453125e+01 2.474481964111328125e+02 2.893065214157104492e-01 2.000000000000000000e+00
5.999868774414062500e+02 6.632078857421875000e+02 6.445635986328125000e+02 7.120881958007812500e+02 2.846607565879821777e-01 2.000000000000000000e+00
7.508208007812500000e+02 7.406916046142578125e+01 7.800114135742187500e+02 9.733431243896484375e+01 2.808099091053009033e-01 2.000000000000000000e+00
6.231706542968750000e+02 3.950368347167968750e+02 6.986590576171875000e+02 4.341119689941406250e+02 2.633062303066253662e-01 5.000000000000000000e+00
1.533176803588867188e+01 6.729023437500000000e+02 7.357722473144531250e+01 7.161289062500000000e+02 2.632310092449188232e-01 2.000000000000000000e+00
8.361607666015625000e+02 1.378770923614501953e+01 8.616612548828125000e+02 3.931081390380859375e+01 2.614611089229583740e-01 2.000000000000000000e+00
