4.514472351074218750e+02 5.135178375244140625e+01 5.509761352539062500e+02 1.193890228271484375e+02 5.032323598861694336e-01 6.200000000000000000e+01
6.294476928710937500e+02 3.156806030273437500e+02 6.684066772460937500e+02 3.559885253906250000e+02 4.442155063152313232e-01 2.000000000000000000e+00
4.157696228027343750e+02 3.368159790039062500e+02 4.884335021972656250e+02 3.848524780273437500e+02 4.432385563850402832e-01 2.000000000000000000e+00
5.635213623046875000e+02 3.477391357421875000e+02 5.894271850585937500e+02 3.776134338378906250e+02 4.037932753562927246e-01 2.000000000000000000e+00
4.556430358886718750e+02 3.463846130371093750e+02 5.171894531250000000e+02 3.961150817871093750e+02 3.952153027057647705e-01 2.000000000000000000e+00
1.634014320373535156e+01 2.552552337646484375e+02 2.718621826171875000e+02 4.272614440917968750e+02 3.445070683956146240e-01 7.000000000000000000e+00
6.257991943359375000e+02 3.946988830566406250e+02 6.478070068359375000e+02 4.226986694335937500e+02 3.211190402507781982e-01 2.000000000000000000e+00
4.860119934082031250e+02 2.864199523925781250e+02 5.424570922851562500e+02 3.203757324218750000e+02 3.175134360790252686e-01 2.000000000000000000e+00
7.616933593750000000e+02 2.088646392822265625e+02 7.989957885742187500e+02 2.299128875732421875e+02 3.054627776145935059e-01 2.000000000000000000e+00
5.958479614257812500e+02 3.783381347656250000e+02 6.193352661132812500e+02 4.070649414062500000e+02 2.966956496238708496e-01 2.000000000000000000e+00
4.238501892089843750e+02 5.794798583984375000e+02 4.697424316406250000e+02 6.571541748046875000e+02 2.717576622962951660e-01 0.000000000000000000e+00
6.084032592773437500e+02 4.265246887207031250e+02 6.483048095703125000e+02 4.960645141601562500e+02 2.670321762561798096e-01 2.000000000000000000e+00
