7.870263671875000000e+02 4.441604919433593750e+02 8.333776245117187500e+02 4.827388305664062500e+02 6.023697853088378906e-01 2.000000000000000000e+00
4.759295959472656250e+02 5.267705078125000000e+02 5.291904907226562500e+02 5.767134399414062500e+02 5.750508308410644531e-01 2.000000000000000000e+00
3.117792701721191406e+01 2.500531921386718750e+02 7.003269958496093750e+01 2.796266784667968750e+02 5.290525555610656738e-01 2.000000000000000000e+00
6.360285034179687500e+02 6.938016357421875000e+02 6.972106933593750000e+02 7.559874877929687500e+02 4.754320383071899414e-01 2.000000000000000000e+00
8.656749877929687500e+02 3.816975402832031250e+02 9.068962402343750000e+02 4.149762268066406250e+02 4.275429546833038330e-01 2.000000000000000000e+00
1.234352783203125000e+03 5.615938110351562500e+02 1.330864013671875000e+03 6.353362426757812500e+02 4.005123376846313477e-01 2.000000000000000000e+00
3.533977966308593750e+02 4.296284790039062500e+02 3.880292968750000000e+02 4.556487121582031250e+02 3.817212283611297607e-01 2.000000000000000000e+00
3.569898681640625000e+02 5.968392333984375000e+02 4.103130493164062500e+02 6.384025268554687500e+02 3.295746445655822754e-01 2.000000000000000000e+00
4.125155334472656250e+02 3.020316772460937500e+02 7.486536865234375000e+02 4.615213623046875000e+02 3.174048066139221191e-01 7.000000000000000000e+00
2.928178100585937500e+02 5.932655029296875000e+02 3.490427856445312500e+02 6.440758666992187500e+02 2.987017631530761719e-01 2.000000000000000000e+00
2.932388305664062500e+02 5.923314208984375000e+02 3.480010070800781250e+02 6.432911987304687500e+02 2.791425287723541260e-01 9.000000000000000000e+00
1.239623489379882812e+02 4.659465026855468750e+02 1.724013061523437500e+02 5.074917907714843750e+02 2.571598589420318604e-01 2.000000000000000000e+00
7.391320800781250000e+02 5.978077392578125000e+02 7.792503662109375000e+02 6.651021728515625000e+02 2.511038780212402344e-01 2.000000000000000000e+00
