1.049089355468750000e+03 7.314527893066406250e+01 1.167533203125000000e+03 1.765134582519531250e+02 5.109159946441650391e-01 2.000000000000000000e+00
7.832218017578125000e+02 3.239876098632812500e+02 8.358590698242187500e+02 3.800091247558593750e+02 4.983096718788146973e-01 2.000000000000000000e+00
4.894935913085937500e+02 4.569910583496093750e+02 5.557103271484375000e+02 5.003052673339843750e+02 4.587760567665100098e-01 2.000000000000000000e+00
3.432529602050781250e+02 2.553554687500000000e+02 4.095668945312500000e+02 2.832136535644531250e+02 4.517896175384521484e-01 2.000000000000000000e+00
6.323961181640625000e+02 4.546419067382812500e+02 6.874931030273437500e+02 5.000316162109375000e+02 4.389979541301727295e-01 2.000000000000000000e+00
1.019475250244140625e+02 6.136594238281250000e+02 1.836691589355468750e+02 6.581652832031250000e+02 4.367697834968566895e-01 2.000000000000000000e+00
6.433129882812500000e+02 3.781816101074218750e+02 7.658913574218750000e+02 4.605335083007812500e+02 4.013682007789611816e-01 2.000000000000000000e+00
4.293652954101562500e+02 4.735632629394531250e+02 4.917021789550781250e+02 5.177907714843750000e+02 3.727701008319854736e-01 2.000000000000000000e+00
7.768361816406250000e+02 3.918610229492187500e+02 8.240234985351562500e+02 4.398157348632812500e+02 3.617485463619232178e-01 2.000000000000000000e+00
6.005283813476562500e+02 2.950777893066406250e+02 6.728568725585937500e+02 3.378132629394531250e+02 3.496400713920593262e-01 2.000000000000000000e+00
9.420641479492187500e+02 1.881047363281250000e+02 1.000570129394531250e+03 2.314622039794921875e+02 3.120261430740356445e-01 2.000000000000000000e+00
5.731136474609375000e+02 4.340238647460937500e+02 6.277572021484375000e+02 4.716862487792968750e+02 2.724964320659637451e-01 2.000000000000000000e+00
