4.158337402343750000e+02 6.745559082031250000e+02 6.204605712890625000e+02 7.880000000000000000e+02 6.966211199760437012e-01 2.000000000000000000e+00
7.004247436523437500e+02 5.284580078125000000e+02 8.909500732421875000e+02 6.578683471679687500e+02 5.905410647392272949e-01 2.000000000000000000e+00
1.093697631835937500e+03 4.908258361816406250e+02 1.181061645507812500e+03 5.593280639648437500e+02 5.595015287399291992e-01 2.000000000000000000e+00
2.680321044921875000e+02 6.326284790039062500e+01 3.642755432128906250e+02 1.530286712646484375e+02 5.232212543487548828e-01 2.000000000000000000e+00
1.032599609375000000e+03 4.086796875000000000e+02 1.114627319335937500e+03 4.687669677734375000e+02 5.100185275077819824e-01 2.000000000000000000e+00
4.327596740722656250e+02 2.183526458740234375e+02 5.023898315429687500e+02 3.091297912597656250e+02 4.585882723331451416e-01 2.000000000000000000e+00
1.175183105468750000e+03 3.149583435058593750e+02 1.284335449218750000e+03 4.042036437988281250e+02 3.798628151416778564e-01 2.000000000000000000e+00
4.479137573242187500e+02 1.486939392089843750e+02 5.088154296875000000e+02 2.166787109375000000e+02 3.743005394935607910e-01 2.000000000000000000e+00
1.232836181640625000e+03 3.771631164550781250e+02 1.383389160156250000e+03 4.977680053710937500e+02 3.422168195247650146e-01 2.000000000000000000e+00
7.467341918945312500e+02 6.267506713867187500e+02 9.740513916015625000e+02 7.413711547851562500e+02 3.017620444297790527e-01 2.000000000000000000e+00
5.838925781250000000e+02 4.008204650878906250e+02 6.978547363281250000e+02 5.098303527832031250e+02 2.595217525959014893e-01 2.000000000000000000e+00
6.228449707031250000e+02 3.062180480957031250e+02 7.358440551757812500e+02 4.015058288574218750e+02 2.567022144794464111e-01 2.000000000000000000e+00
