5.891680908203125000e+02 3.948307495117187500e+02 6.341026611328125000e+02 4.488823242187500000e+02 7.343328595161437988e-01 2.000000000000000000e+00
7.960378417968750000e+02 4.829075012207031250e+02 8.637124023437500000e+02 5.363700561523437500e+02 5.898755192756652832e-01 2.000000000000000000e+00
6.518775634765625000e+02 4.920686340332031250e+02 7.061557006835937500e+02 5.512990722656250000e+02 5.602798461914062500e-01 2.000000000000000000e+00
5.661119384765625000e+02 3.540572204589843750e+02 6.134440307617187500e+02 3.905257263183593750e+02 5.319278240203857422e-01 2.000000000000000000e+00
1.537567138671875000e+03 1.803481292724609375e+02 1.916000000000000000e+03 4.821237487792968750e+02 4.622264504432678223e-01 5.000000000000000000e+00
2.855193176269531250e+02 2.567322692871093750e+02 3.262440490722656250e+02 2.900106811523437500e+02 4.222531020641326904e-01 2.000000000000000000e+00
3.826104125976562500e+02 4.076346435546875000e+02 4.418776550292968750e+02 4.525563049316406250e+02 3.790650367736816406e-01 2.000000000000000000e+00
7.964918212890625000e+02 4.847044677734375000e+02 8.615202026367187500e+02 5.364895629882812500e+02 3.500165045261383057e-01 7.000000000000000000e+00
1.437405639648437500e+03 4.979465637207031250e+02 1.609344238281250000e+03 5.983004150390625000e+02 3.338375091552734375e-01 8.000000000000000000e+00
5.381768798828125000e+02 3.270838012695312500e+02 5.840531005859375000e+02 3.607491455078125000e+02 2.832292318344116211e-01 2.000000000000000000e+00
4.784270477294921875e+01 3.963497924804687500e+02 3.067417602539062500e+02 5.244638671875000000e+02 2.501156330108642578e-01 5.000000000000000000e+00
