1.025689208984375000e+03 6.397904663085937500e+02 1.079453979492187500e+03 6.893679809570312500e+02 5.524823069572448730e-01 2.000000000000000000e+00
9.957512817382812500e+02 5.959560546875000000e+02 1.038400756835937500e+03 6.402539672851562500e+02 5.206353664398193359e-01 2.000000000000000000e+00
4.370196838378906250e+02 2.515591735839843750e+02 4.974884338378906250e+02 2.966013793945312500e+02 4.469781816005706787e-01 2.000000000000000000e+00
4.767626647949218750e+02 1.801077880859375000e+02 5.209719848632812500e+02 2.253209075927734375e+02 4.102715551853179932e-01 2.000000000000000000e+00
1.061168334960937500e+03 6.916408081054687500e+02 1.120476196289062500e+03 7.482849731445312500e+02 3.967131376266479492e-01 2.000000000000000000e+00
5.657579345703125000e+02 2.553399810791015625e+02 6.110905151367187500e+02 3.200842590332031250e+02 3.751848638057708740e-01 2.000000000000000000e+00
9.331304321289062500e+02 4.969456481933593750e+02 9.862448730468750000e+02 5.561016845703125000e+02 3.507498204708099365e-01 2.000000000000000000e+00
5.637821044921875000e+02 1.587985534667968750e+02 6.039289550781250000e+02 2.161716613769531250e+02 3.229829072952270508e-01 2.000000000000000000e+00
9.199301147460937500e+02 6.140065307617187500e+02 9.608651123046875000e+02 6.600491943359375000e+02 3.214879333972930908e-01 2.000000000000000000e+00
7.946572265625000000e+02 4.147492980957031250e+02 8.384129638671875000e+02 4.517442016601562500e+02 2.909570336341857910e-01 2.000000000000000000e+00
6.091666259765625000e+02 2.100079498291015625e+02 6.344308471679687500e+02 2.480300445556640625e+02 2.875077426433563232e-01 2.000000000000000000e+00
