8.878611450195312500e+02 6.452247924804687500e+02 9.442376098632812500e+02 7.113045043945312500e+02 8.017792701721191406e-01 2.000000000000000000e+00
5.863297729492187500e+02 6.249656982421875000e+02 6.457029418945312500e+02 6.962351684570312500e+02 7.879109382629394531e-01 2.000000000000000000e+00
8.694694824218750000e+02 7.231036987304687500e+02 9.259510498046875000e+02 7.976463012695312500e+02 7.501897811889648438e-01 2.000000000000000000e+00
7.236900634765625000e+02 6.040861816406250000e+02 7.709135742187500000e+02 6.729518432617187500e+02 7.368559241294860840e-01 2.000000000000000000e+00
5.245769042968750000e+02 6.887848510742187500e+02 5.857933959960937500e+02 7.777368164062500000e+02 7.244402170181274414e-01 2.000000000000000000e+00
6.055249633789062500e+02 4.055628967285156250e+02 6.783097534179687500e+02 4.828086547851562500e+02 7.036030888557434082e-01 7.000000000000000000e+00
1.262794677734375000e+03 9.054997558593750000e+02 1.345754394531250000e+03 9.888728027343750000e+02 6.995483040809631348e-01 2.000000000000000000e+00
1.140817749023437500e+03 6.186123657226562500e+02 1.218703369140625000e+03 6.579527587890625000e+02 6.941184401512145996e-01 2.000000000000000000e+00
7.773914794921875000e+02 3.884252014160156250e+02 8.057155151367187500e+02 4.232846984863281250e+02 6.716614365577697754e-01 2.000000000000000000e+00
1.025482666015625000e+03 8.912617187500000000e+02 1.108373413085937500e+03 9.798254394531250000e+02 6.708184480667114258e-01 2.000000000000000000e+00
8.722125244140625000e+02 5.083779907226562500e+02 9.306193847656250000e+02 5.536545410156250000e+02 6.380665302276611328e-01 2.000000000000000000e+00
9.257929077148437500e+02 4.725897216796875000e+02 9.559093017578125000e+02 5.101524658203125000e+02 6.201531887054443359e-01 2.000000000000000000e+00
7.408660278320312500e+02 8.403389892578125000e+02 8.042045898437500000e+02 9.553824462890625000e+02 5.973320007324218750e-01 2.000000000000000000e+00
8.319743652343750000e+02 4.104110717773437500e+02 8.634152832031250000e+02 4.460290832519531250e+02 5.806229114532470703e-01 2.000000000000000000e+00
9.847575073242187500e+02 7.812415161132812500e+02 1.060657470703125000e+03 8.685379028320312500e+02 5.719597935676574707e-01 2.000000000000000000e+00
7.104377441406250000e+02 4.610917358398437500e+02 7.481763916015625000e+02 5.058127136230468750e+02 5.582768917083740234e-01 2.000000000000000000e+00
8.759954223632812500e+02 4.613016052246093750e+02 9.116129150390625000e+02 4.997393493652343750e+02 5.566880106925964355e-01 2.000000000000000000e+00
9.802243041992187500e+02 7.043504028320312500e+02 1.028076416015625000e+03 7.717392578125000000e+02 5.434866547584533691e-01 2.000000000000000000e+00
9.572169799804687500e+02 6.376923217773437500e+02 1.000002197265625000e+03 6.985895385742187500e+02 5.003497004508972168e-01 2.000000000000000000e+00
7.309570922851562500e+02 3.645568542480468750e+02 7.592680664062500000e+02 3.993300781250000000e+02 4.810181856155395508e-01 2.000000000000000000e+00
1.321837158203125000e+03 8.973165283203125000e+02 1.400000000000000000e+03 9.808792114257812500e+02 4.588458836078643799e-01 2.000000000000000000e+00
8.031095581054687500e+02 4.731120605468750000e+02 8.549020996093750000e+02 5.356835327148437500e+02 4.439940452575683594e-01 2.000000000000000000e+00
2.662060546875000000e+02 9.555798339843750000e+02 3.132673339843750000e+02 1.016249267578125000e+03 3.968424797058105469e-01 0.000000000000000000e+00
3.191978931427001953e+00 1.400333309173583984e+01 1.943522949218750000e+02 2.331247558593750000e+02 3.511399030685424805e-01 0.000000000000000000e+00
8.736089477539062500e+02 4.259757995605468750e+02 9.055487060546875000e+02 4.561563415527343750e+02 3.393534421920776367e-01 2.000000000000000000e+00
6.899766235351562500e+02 1.031306274414062500e+03 7.081044921875000000e+02 1.049409423828125000e+03 3.256542384624481201e-01 0.000000000000000000e+00
9.080731811523437500e+02 1.855095100402832031e+01 1.129927612304687500e+03 2.169189758300781250e+02 3.217372596263885498e-01 5.000000000000000000e+00
1.176960693359375000e+03 9.288322753906250000e+02 1.266321899414062500e+03 9.948088378906250000e+02 2.926877737045288086e-01 2.000000000000000000e+00
1.169788208007812500e+03 9.377223510742187500e+02 1.297317626953125000e+03 1.044114379882812500e+03 2.855068743228912354e-01 2.000000000000000000e+00
5.986361083984375000e+02 5.876917114257812500e+02 6.237233276367187500e+02 6.122800903320312500e+02 2.815500795841217041e-01 2.000000000000000000e+00
9.447457275390625000e+02 8.906410522460937500e+02 1.008211669921875000e+03 1.002187255859375000e+03 2.542755901813507080e-01 7.000000000000000000e+00
6.755764770507812500e+02 4.116070556640625000e+02 7.158720703125000000e+02 4.501414489746093750e+02 2.505157589912414551e-01 2.000000000000000000e+00
