6.269824218750000000e+02 4.939961853027343750e+02 7.157071533203125000e+02 5.909775390625000000e+02 8.637555837631225586e-01 2.000000000000000000e+00
1.946109313964843750e+02 4.910908508300781250e+01 2.731269226074218750e+02 1.055260772705078125e+02 7.678214311599731445e-01 2.000000000000000000e+00
2.220810089111328125e+02 9.573567504882812500e+02 3.853114624023437500e+02 1.049575927734375000e+03 6.944534182548522949e-01 2.000000000000000000e+00
3.939422302246093750e+02 7.717684326171875000e+02 5.434515380859375000e+02 9.353142700195312500e+02 6.771335601806640625e-01 2.000000000000000000e+00
1.535208892822265625e+02 8.048983764648437500e+01 2.191795654296875000e+02 1.282351684570312500e+02 6.679114699363708496e-01 2.000000000000000000e+00
3.409208068847656250e+02 9.934611511230468750e+01 4.206895446777343750e+02 1.606080627441406250e+02 6.587268114089965820e-01 7.000000000000000000e+00
9.322430419921875000e+01 0.000000000000000000e+00 1.366019439697265625e+02 1.616628646850585938e+01 5.969099402427673340e-01 2.000000000000000000e+00
1.353293657302856445e+00 7.013787841796875000e+01 1.636731719970703125e+02 1.976979217529296875e+02 5.714029073715209961e-01 7.000000000000000000e+00
1.022019409179687500e+03 6.195139160156250000e+02 1.155026977539062500e+03 7.479280395507812500e+02 4.790512621402740479e-01 5.000000000000000000e+00
4.524419555664062500e+02 5.734805297851562500e+02 4.937929687500000000e+02 6.170422973632812500e+02 4.748881161212921143e-01 3.000000000000000000e+00
7.717409667968750000e+02 4.849445190429687500e+02 7.968719482421875000e+02 5.253557128906250000e+02 4.448488950729370117e-01 0.000000000000000000e+00
4.289255981445312500e+02 6.317199096679687500e+02 4.610659179687500000e+02 6.905308837890625000e+02 4.234617650508880615e-01 0.000000000000000000e+00
5.622116088867187500e+02 5.060632934570312500e+02 5.896860351562500000e+02 5.770149536132812500e+02 4.035794138908386230e-01 0.000000000000000000e+00
2.041742858886718750e+02 6.047962036132812500e+02 3.161957397460937500e+02 7.012388916015625000e+02 3.316169977188110352e-01 1.300000000000000000e+01
2.826553955078125000e+02 3.538918762207031250e+02 3.722776184082031250e+02 4.512296142578125000e+02 3.228661715984344482e-01 7.000000000000000000e+00
4.444602966308593750e+02 1.807388305664062500e+02 4.595434875488281250e+02 2.044692077636718750e+02 3.108820915222167969e-01 0.000000000000000000e+00
4.474751892089843750e+02 2.731784667968750000e+02 7.067711181640625000e+02 4.121593627929687500e+02 3.000574111938476562e-01 5.000000000000000000e+00
2.814863586425781250e+02 1.988869171142578125e+02 4.710981750488281250e+02 3.267713623046875000e+02 2.865208685398101807e-01 7.000000000000000000e+00
2.325276641845703125e+02 3.274052124023437500e+02 3.313414611816406250e+02 4.016812133789062500e+02 2.553088963031768799e-01 7.000000000000000000e+00
