3.349350891113281250e+02 2.657626953125000000e+02 3.789218139648437500e+02 2.917062072753906250e+02 5.681884884834289551e-01 2.000000000000000000e+00
6.097341537475585938e+01 3.223918151855468750e+02 1.196861419677734375e+02 3.511575622558593750e+02 5.192856192588806152e-01 2.000000000000000000e+00
9.342607855796813965e-01 3.390364685058593750e+02 4.715480804443359375e+01 3.662031860351562500e+02 4.741742312908172607e-01 2.000000000000000000e+00
2.402504119873046875e+02 2.828682861328125000e+02 2.776718444824218750e+02 3.073047485351562500e+02 4.299380481243133545e-01 2.000000000000000000e+00
1.204710235595703125e+02 3.122690429687500000e+02 1.731105346679687500e+02 3.372949829101562500e+02 3.469555377960205078e-01 2.000000000000000000e+00
2.214538879394531250e+02 3.890776062011718750e+02 2.682944030761718750e+02 4.230569458007812500e+02 3.462233841419219971e-01 2.000000000000000000e+00
2.909433593750000000e+02 2.729461364746093750e+02 3.345544433593750000e+02 2.990896606445312500e+02 3.370333015918731689e-01 2.000000000000000000e+00
5.462536621093750000e+02 2.184054412841796875e+02 5.736329345703125000e+02 2.345597229003906250e+02 3.145238161087036133e-01 2.000000000000000000e+00
1.793010864257812500e+02 3.894202270507812500e+02 2.683275451660156250e+02 4.295201416015625000e+02 3.023174405097961426e-01 2.000000000000000000e+00
4.124239807128906250e+02 2.484949340820312500e+02 4.532059020996093750e+02 2.706179504394531250e+02 2.996799945831298828e-01 2.000000000000000000e+00
5.034602050781250000e+02 2.235120697021484375e+02 5.368678588867187500e+02 2.428627777099609375e+02 2.970834374427795410e-01 2.000000000000000000e+00
5.954288330078125000e+02 5.845230712890625000e+02 6.234096069335937500e+02 6.353801879882812500e+02 2.598934173583984375e-01 2.000000000000000000e+00
3.918995666503906250e+02 4.095065612792968750e+02 4.392330017089843750e+02 4.300447387695312500e+02 2.539758086204528809e-01 2.000000000000000000e+00
