5.708478393554687500e+02 5.440264892578125000e+02 7.636356811523437500e+02 6.745092773437500000e+02 8.576563596725463867e-01 2.000000000000000000e+00
1.651859893798828125e+02 3.043432312011718750e+02 2.395583801269531250e+02 3.826360778808593750e+02 8.122224807739257812e-01 2.000000000000000000e+00
1.083738525390625000e+03 5.884768676757812500e+02 1.306208007812500000e+03 7.204506835937500000e+02 8.046261072158813477e-01 2.000000000000000000e+00
1.071936157226562500e+03 5.033096618652343750e+02 1.262304687500000000e+03 6.073226928710937500e+02 7.867311835289001465e-01 2.000000000000000000e+00
1.883229827880859375e+02 2.137597198486328125e+02 2.527314300537109375e+02 2.905949707031250000e+02 7.486155629158020020e-01 2.000000000000000000e+00
9.746104125976562500e+02 3.932167968750000000e+02 1.130434448242187500e+03 4.733884582519531250e+02 7.256842255592346191e-01 2.000000000000000000e+00
4.190617675781250000e+02 2.067196350097656250e+02 4.811008911132812500e+02 2.650113220214843750e+02 7.021809220314025879e-01 2.000000000000000000e+00
7.332781219482421875e+01 3.006263732910156250e+02 1.532239837646484375e+02 3.792938537597656250e+02 6.945266723632812500e-01 2.000000000000000000e+00
3.346461791992187500e+02 5.715234375000000000e+01 3.812564392089843750e+02 9.689362335205078125e+01 6.765477657318115234e-01 2.000000000000000000e+00
1.253021972656250000e+03 4.657864685058593750e+02 1.398488647460937500e+03 5.510104980468750000e+02 6.358461976051330566e-01 2.000000000000000000e+00
6.176789550781250000e+02 3.825846862792968750e+02 6.907018432617187500e+02 4.463283996582031250e+02 6.332418322563171387e-01 2.000000000000000000e+00
1.128741088867187500e+03 3.513386840820312500e+02 1.280825683593750000e+03 4.368660583496093750e+02 6.249691247940063477e-01 2.000000000000000000e+00
9.135382080078125000e+02 9.904739379882812500e+02 9.541392822265625000e+02 1.049837524414062500e+03 6.116861104965209961e-01 0.000000000000000000e+00
2.022534608840942383e+00 2.428754730224609375e+02 1.311468505859375000e+02 3.359914245605468750e+02 6.051247715950012207e-01 2.000000000000000000e+00
5.011053466796875000e+02 2.236881561279296875e+02 5.650316162109375000e+02 2.829408569335937500e+02 5.843266248703002930e-01 2.000000000000000000e+00
9.204129638671875000e+02 6.455574951171875000e+02 9.541604614257812500e+02 7.055095825195312500e+02 5.737916231155395508e-01 0.000000000000000000e+00
9.317789306640625000e+02 2.500723114013671875e+02 1.052168579101562500e+03 3.097042846679687500e+02 5.704060792922973633e-01 2.000000000000000000e+00
4.962787170410156250e+02 2.861117553710937500e+02 5.796514282226562500e+02 3.690315551757812500e+02 5.699658989906311035e-01 2.000000000000000000e+00
4.320078430175781250e+02 3.833513488769531250e+02 4.560602722167968750e+02 4.319300537109375000e+02 5.674686431884765625e-01 0.000000000000000000e+00
4.125773010253906250e+02 1.414255676269531250e+02 4.606661071777343750e+02 1.884408264160156250e+02 4.740702509880065918e-01 2.000000000000000000e+00
4.862246704101562500e+01 3.753159790039062500e+02 8.389979553222656250e+01 4.358834533691406250e+02 4.716596305370330811e-01 0.000000000000000000e+00
6.097435951232910156e-01 1.753035125732421875e+02 5.483628845214843750e+01 2.268601989746093750e+02 4.688663184642791748e-01 2.000000000000000000e+00
1.168063598632812500e+03 8.367675170898437500e+02 1.205781372070312500e+03 9.048068847656250000e+02 4.457318186759948730e-01 0.000000000000000000e+00
2.017826995849609375e+02 1.609013824462890625e+02 2.504820098876953125e+02 2.146932983398437500e+02 4.283814430236816406e-01 2.000000000000000000e+00
9.498768310546875000e+02 5.217537841796875000e+02 9.895560913085937500e+02 6.025418701171875000e+02 4.184341132640838623e-01 0.000000000000000000e+00
1.222009277343750000e+03 8.574650878906250000e+02 1.306803955078125000e+03 9.329601440429687500e+02 4.137894809246063232e-01 2.000000000000000000e+00
8.765338745117187500e+02 5.216887817382812500e+02 8.983805541992187500e+02 5.787121582031250000e+02 3.552650809288024902e-01 0.000000000000000000e+00
8.669224853515625000e+02 9.793496704101562500e+02 9.070186157226562500e+02 1.050000000000000000e+03 3.547995388507843018e-01 0.000000000000000000e+00
9.570064697265625000e+02 3.068807678222656250e+02 1.045508789062500000e+03 3.699145202636718750e+02 3.430142402648925781e-01 2.000000000000000000e+00
3.399294128417968750e+02 1.587362170219421387e+00 3.744234619140625000e+02 3.144360923767089844e+01 3.383127152919769287e-01 2.000000000000000000e+00
7.796942138671875000e+02 6.027747802734375000e+02 8.150856933593750000e+02 6.560081787109375000e+02 3.326465785503387451e-01 0.000000000000000000e+00
1.279401367187500000e+03 3.213348083496093750e+02 1.399806030273437500e+03 4.048113098144531250e+02 3.281935155391693115e-01 2.000000000000000000e+00
9.662270507812500000e+02 1.016667602539062500e+03 1.021029785156250000e+03 1.049923950195312500e+03 3.243253231048583984e-01 0.000000000000000000e+00
9.431372680664062500e+02 2.670558776855468750e+02 1.049780029296875000e+03 3.446318969726562500e+02 2.916385531425476074e-01 2.000000000000000000e+00
9.601536560058593750e+01 4.095849914550781250e+02 1.414803161621093750e+02 4.579239501953125000e+02 2.609972059726715088e-01 0.000000000000000000e+00
7.561366577148437500e+02 3.666572570800781250e+02 7.787089843750000000e+02 4.441332702636718750e+02 2.518768012523651123e-01 0.000000000000000000e+00
