9.872862548828125000e+02 4.576509704589843750e+02 1.129282714843750000e+03 6.002556762695312500e+02 8.493210077285766602e-01 2.000000000000000000e+00
2.789316711425781250e+02 7.465493774414062500e+02 4.022731018066406250e+02 9.667802124023437500e+02 7.972456216812133789e-01 2.000000000000000000e+00
7.778828735351562500e+02 2.412164306640625000e+02 8.558135375976562500e+02 3.248213500976562500e+02 7.873460650444030762e-01 2.000000000000000000e+00
8.154963378906250000e+02 8.018380737304687500e+01 8.915437622070312500e+02 1.706750183105468750e+02 7.643110752105712891e-01 2.000000000000000000e+00
9.972962036132812500e+02 2.479303131103515625e+02 1.114823974609375000e+03 3.783882446289062500e+02 7.636260390281677246e-01 2.000000000000000000e+00
9.003826293945312500e+02 2.872229309082031250e+02 9.952828979492187500e+02 3.707500610351562500e+02 7.173588871955871582e-01 2.000000000000000000e+00
1.164137084960937500e+03 7.759746093750000000e+02 1.373899902343750000e+03 9.898493652343750000e+02 6.635996103286743164e-01 2.000000000000000000e+00
5.424417724609375000e+02 5.916950683593750000e+02 6.391260375976562500e+02 7.848169555664062500e+02 6.558403968811035156e-01 2.000000000000000000e+00
6.908914794921875000e+02 6.548252868652343750e+01 7.491250000000000000e+02 1.076015701293945312e+02 6.524323225021362305e-01 2.000000000000000000e+00
3.311708984375000000e+02 5.184826660156250000e+02 4.275535278320312500e+02 7.012053222656250000e+02 5.842254757881164551e-01 7.000000000000000000e+00
1.099229614257812500e+03 8.510545043945312500e+02 1.284222534179687500e+03 1.050000000000000000e+03 5.581176280975341797e-01 6.700000000000000000e+01
9.745917968750000000e+02 3.842585144042968750e+02 1.062073730468750000e+03 4.601911010742187500e+02 4.992233216762542725e-01 2.000000000000000000e+00
1.098035034179687500e+03 8.454640502929687500e+02 1.286340698242187500e+03 1.050000000000000000e+03 4.837627410888671875e-01 2.000000000000000000e+00
1.045505493164062500e+03 1.634572906494140625e+02 1.074286499023437500e+03 2.231240081787109375e+02 4.354526996612548828e-01 0.000000000000000000e+00
7.952994384765625000e+02 4.821399688720703125e+01 8.331813354492187500e+02 1.103223571777343750e+02 4.190545082092285156e-01 2.000000000000000000e+00
2.288565368652343750e+02 5.614489364624023438e+01 3.080233764648437500e+02 1.214467849731445312e+02 3.826487064361572266e-01 8.000000000000000000e+00
2.216178741455078125e+02 1.351287384033203125e+02 2.511431732177734375e+02 2.081411132812500000e+02 2.626563608646392822e-01 0.000000000000000000e+00
