3.623603820800781250e+02 3.050242004394531250e+02 4.368054809570312500e+02 3.444946594238281250e+02 6.637262701988220215e-01 2.000000000000000000e+00
2.934096374511718750e+02 7.217352905273437500e+02 4.094799194335937500e+02 7.873418579101562500e+02 6.531990766525268555e-01 2.000000000000000000e+00
3.375502929687500000e+02 5.494997558593750000e+02 4.358190307617187500e+02 6.275610961914062500e+02 6.197293400764465332e-01 2.000000000000000000e+00
5.206758975982666016e-01 5.105788879394531250e+02 3.536596679687500000e+01 5.592828369140625000e+02 5.785676836967468262e-01 2.000000000000000000e+00
1.294398040771484375e+02 5.091970214843750000e+02 2.772062683105468750e+02 5.946392822265625000e+02 5.479653477668762207e-01 2.000000000000000000e+00
3.188775939941406250e+02 6.640434570312500000e+02 3.973279724121093750e+02 7.259142456054687500e+02 5.470914244651794434e-01 2.000000000000000000e+00
5.628211212158203125e+01 6.084868164062500000e+02 1.678829956054687500e+02 6.558272705078125000e+02 4.603058397769927979e-01 2.000000000000000000e+00
1.485101013183593750e+02 4.617347412109375000e+02 2.297054595947265625e+02 5.097968444824218750e+02 4.564143419265747070e-01 2.000000000000000000e+00
1.385545196533203125e+02 4.653052978515625000e+02 2.588498535156250000e+02 5.466338500976562500e+02 4.036878645420074463e-01 2.000000000000000000e+00
6.843601989746093750e+01 5.806638793945312500e+02 2.550771942138671875e+02 6.610936279296875000e+02 3.391388356685638428e-01 2.000000000000000000e+00
3.060398559570312500e+02 6.751593017578125000e+02 4.052361145019531250e+02 7.746427612304687500e+02 3.294565975666046143e-01 2.000000000000000000e+00
1.246110595703125000e+03 4.015340576171875000e+02 1.362441772460937500e+03 4.677890319824218750e+02 3.184584081172943115e-01 8.000000000000000000e+00
6.630864257812500000e+02 4.957918090820312500e+02 7.018806152343750000e+02 5.572568969726562500e+02 3.147076368331909180e-01 2.000000000000000000e+00
6.647146606445312500e+02 4.950267028808593750e+02 7.011658325195312500e+02 5.634328613281250000e+02 3.030970394611358643e-01 9.000000000000000000e+00
6.452973175048828125e+01 5.541925048828125000e+02 1.712323608398437500e+02 6.504857788085937500e+02 2.963428795337677002e-01 2.000000000000000000e+00
2.597805175781250000e+02 3.346041870117187500e+02 3.311571044921875000e+02 3.718767395019531250e+02 2.909697592258453369e-01 2.000000000000000000e+00
8.241411132812500000e+02 4.139872436523437500e+02 9.091614379882812500e+02 4.470359191894531250e+02 2.862580716609954834e-01 2.000000000000000000e+00
