4.248424987792968750e+02 4.334493103027343750e+02 5.942467651367187500e+02 5.118412170410156250e+02 8.792657256126403809e-01 2.000000000000000000e+00
1.451618652343750000e+02 1.790792083740234375e+02 2.324735717773437500e+02 2.233214874267578125e+02 7.896531224250793457e-01 2.000000000000000000e+00
5.019510803222656250e+02 1.758102569580078125e+02 7.886792602539062500e+02 2.955143127441406250e+02 7.705656886100769043e-01 5.000000000000000000e+00
9.386554565429687500e+02 1.451833343505859375e+02 9.704484252929687500e+02 1.911273345947265625e+02 6.207805871963500977e-01 9.000000000000000000e+00
1.251676269531250000e+03 2.301784973144531250e+02 1.325920166015625000e+03 2.916101684570312500e+02 6.183224320411682129e-01 2.000000000000000000e+00
1.194347167968750000e+03 2.163206672668457031e+01 1.335580322265625000e+03 1.019306182861328125e+02 4.360637962818145752e-01 2.000000000000000000e+00
1.267518997192382812e+00 6.219049072265625000e+02 5.636693725585937500e+02 9.078779296875000000e+02 3.920930624008178711e-01 7.000000000000000000e+00
6.910393066406250000e+02 5.882528076171875000e+02 7.121647338867187500e+02 6.267744750976562500e+02 3.876929879188537598e-01 9.000000000000000000e+00
8.538086547851562500e+02 4.054286003112792969e+00 9.171218261718750000e+02 4.007003784179687500e+01 3.489100337028503418e-01 9.000000000000000000e+00
9.189995117187500000e+02 8.470579833984375000e+02 9.599592285156250000e+02 9.246154174804687500e+02 3.297465443611145020e-01 0.000000000000000000e+00
6.997895507812500000e+02 1.196350250244140625e+02 7.345384521484375000e+02 1.472993927001953125e+02 3.270535171031951904e-01 9.000000000000000000e+00
9.983009033203125000e+02 6.333698730468750000e+02 1.037974731445312500e+03 6.992496337890625000e+02 3.221344947814941406e-01 0.000000000000000000e+00
6.441472778320312500e+02 1.452984161376953125e+02 6.625474243164062500e+02 1.795902557373046875e+02 2.831078469753265381e-01 9.000000000000000000e+00
1.754746437072753906e+00 6.259976806640625000e+02 5.628309326171875000e+02 9.071959838867187500e+02 2.803879380226135254e-01 5.000000000000000000e+00
