6.425745849609375000e+02 4.261682434082031250e+02 7.147723388671875000e+02 4.732214965820312500e+02 7.419398427009582520e-01 2.000000000000000000e+00
1.125524749755859375e+02 1.409311218261718750e+02 1.842109222412109375e+02 2.049844970703125000e+02 6.909058690071105957e-01 2.000000000000000000e+00
4.630888977050781250e+02 4.151729125976562500e+02 5.483857421875000000e+02 4.910368652343750000e+02 6.132978200912475586e-01 2.000000000000000000e+00
7.399255371093750000e+02 4.555262756347656250e+02 8.260845336914062500e+02 5.124869384765625000e+02 5.743210315704345703e-01 2.000000000000000000e+00
7.539492797851562500e+02 4.126899108886718750e+02 8.271618041992187500e+02 4.489014892578125000e+02 5.606122612953186035e-01 2.000000000000000000e+00
4.627798767089843750e+02 3.163772583007812500e+02 5.452980346679687500e+02 3.851050109863281250e+02 5.428920984268188477e-01 2.000000000000000000e+00
5.506441650390625000e+02 3.581642456054687500e+02 6.295984497070312500e+02 4.290577697753906250e+02 5.246163010597229004e-01 2.000000000000000000e+00
4.721941528320312500e+02 6.992187500000000000e+02 5.540123901367187500e+02 7.829071655273437500e+02 5.049673914909362793e-01 2.000000000000000000e+00
8.315990600585937500e+02 3.407074584960937500e+02 9.031155395507812500e+02 3.765528869628906250e+02 4.734151363372802734e-01 2.000000000000000000e+00
1.162167602539062500e+03 2.279169921875000000e+02 1.310724243164062500e+03 3.792500305175781250e+02 4.670795798301696777e-01 7.000000000000000000e+00
2.085686950683593750e+02 3.429530639648437500e+02 2.843242187500000000e+02 4.082503051757812500e+02 4.062960743904113770e-01 2.000000000000000000e+00
8.642006835937500000e+02 4.231738281250000000e+02 9.432064819335937500e+02 5.036705932617187500e+02 3.899495899677276611e-01 9.000000000000000000e+00
5.420604858398437500e+02 2.320108947753906250e+02 7.120109252929687500e+02 3.558943176269531250e+02 3.825660049915313721e-01 7.000000000000000000e+00
8.576510620117187500e+02 2.945263366699218750e+02 9.804139404296875000e+02 3.501022338867187500e+02 3.313383758068084717e-01 7.000000000000000000e+00
4.745687255859375000e+02 2.134924926757812500e+02 5.145410156250000000e+02 2.436173706054687500e+02 3.046306371688842773e-01 2.000000000000000000e+00
7.207781372070312500e+02 3.320661010742187500e+02 7.981477050781250000e+02 3.745389099121093750e+02 2.933980226516723633e-01 2.000000000000000000e+00
5.965772705078125000e+02 3.384302673339843750e+02 6.688143310546875000e+02 3.908226623535156250e+02 2.658824324607849121e-01 2.000000000000000000e+00
