7.669949340820312500e+02 2.875143737792968750e+02 8.444432373046875000e+02 3.375384521484375000e+02 7.573709487915039062e-01 2.000000000000000000e+00
9.605481567382812500e+02 2.716220092773437500e+02 1.032181884765625000e+03 3.086129760742187500e+02 6.777126193046569824e-01 2.000000000000000000e+00
7.306305541992187500e+02 2.369522094726562500e+02 7.891385498046875000e+02 2.751463317871093750e+02 5.951638221740722656e-01 2.000000000000000000e+00
1.394410644531250000e+03 4.171348571777343750e+02 1.460673217773437500e+03 4.573916015625000000e+02 5.207473039627075195e-01 2.000000000000000000e+00
6.306784057617187500e+02 3.724755859375000000e+02 6.906002807617187500e+02 4.036615295410156250e+02 4.671698510646820068e-01 2.000000000000000000e+00
1.034702636718750000e+03 3.153808898925781250e+02 1.096572143554687500e+03 3.542581481933593750e+02 4.467595219612121582e-01 2.000000000000000000e+00
1.709975738525390625e+02 2.791674499511718750e+02 2.042553253173828125e+02 3.052743835449218750e+02 3.308896422386169434e-01 2.000000000000000000e+00
1.497639404296875000e+03 6.937996215820312500e+02 1.638549560546875000e+03 7.920003662109375000e+02 3.187131881713867188e-01 2.000000000000000000e+00
1.316895385742187500e+03 5.159080200195312500e+02 1.499770141601562500e+03 6.767061157226562500e+02 3.056505024433135986e-01 5.000000000000000000e+00
7.126365966796875000e+02 2.121067199707031250e+02 7.545395507812500000e+02 2.370207366943359375e+02 3.005709648132324219e-01 2.000000000000000000e+00
1.395102050781250000e+03 6.182568969726562500e+02 1.510576416015625000e+03 7.022123413085937500e+02 3.002271056175231934e-01 2.000000000000000000e+00
1.633246337890625000e+03 7.639950561523437500e+02 1.771151367187500000e+03 8.525749511718750000e+02 2.832348942756652832e-01 2.000000000000000000e+00
1.667692382812500000e+03 7.571589355468750000e+02 1.861453613281250000e+03 8.876843261718750000e+02 2.785031199455261230e-01 2.000000000000000000e+00
1.123370117187500000e+03 3.771024780273437500e+02 1.184937866210937500e+03 4.343015441894531250e+02 2.659560441970825195e-01 2.000000000000000000e+00
9.278540039062500000e+02 9.722538452148437500e+02 1.070616455078125000e+03 1.077766357421875000e+03 2.590321898460388184e-01 7.000000000000000000e+00
1.861972167968750000e+03 9.515119018554687500e+02 1.915969360351562500e+03 1.028386108398437500e+03 2.552603483200073242e-01 2.000000000000000000e+00
1.621252075195312500e+03 7.333309936523437500e+02 1.684128173828125000e+03 7.761614990234375000e+02 2.544246912002563477e-01 2.000000000000000000e+00
