6.736369018554687500e+02 5.141355590820312500e+02 7.626991577148437500e+02 6.857267456054687500e+02 8.510587811470031738e-01 2.000000000000000000e+00
3.299180984497070312e+01 6.012000732421875000e+02 2.043606872558593750e+02 8.070852661132812500e+02 7.970044016838073730e-01 2.000000000000000000e+00
6.983395385742187500e+02 1.644864044189453125e+02 7.536629638671875000e+02 2.575321350097656250e+02 6.967641711235046387e-01 2.000000000000000000e+00
7.815855102539062500e+02 5.404159545898437500e+02 8.624553222656250000e+02 6.788782958984375000e+02 6.842429637908935547e-01 2.000000000000000000e+00
1.532943115234375000e+02 4.309921569824218750e+02 2.862390747070312500e+02 5.844848632812500000e+02 6.714698672294616699e-01 8.000000000000000000e+00
4.647562255859375000e+02 0.000000000000000000e+00 5.544039306640625000e+02 2.717469596862792969e+01 5.872482657432556152e-01 2.000000000000000000e+00
6.964765625000000000e+02 2.759609069824218750e+02 7.463150634765625000e+02 3.285426940917968750e+02 5.266761779785156250e-01 2.000000000000000000e+00
6.673425292968750000e+02 3.989517822265625000e+02 7.362249755859375000e+02 4.720728149414062500e+02 5.114397406578063965e-01 2.000000000000000000e+00
1.081406616210937500e+03 7.575800170898437500e+02 1.289496826171875000e+03 1.046074584960937500e+03 4.438468217849731445e-01 6.700000000000000000e+01
6.966085815429687500e+02 1.817657928466796875e+02 7.506813964843750000e+02 3.269011535644531250e+02 3.420249223709106445e-01 2.000000000000000000e+00
3.080889892578125000e+02 2.145102386474609375e+02 3.923011474609375000e+02 3.017167968750000000e+02 3.193382024765014648e-01 3.000000000000000000e+00
2.822596740722656250e+02 3.030488586425781250e+02 3.640620727539062500e+02 4.177381896972656250e+02 3.074236512184143066e-01 0.000000000000000000e+00
3.432277526855468750e+02 9.295372772216796875e+01 4.300933532714843750e+02 2.121209411621093750e+02 2.989389002323150635e-01 2.000000000000000000e+00
