9.200391845703125000e+02 5.011836547851562500e+02 9.830915527343750000e+02 5.291536865234375000e+02 6.341353654861450195e-01 2.000000000000000000e+00
5.816426391601562500e+02 4.106694946289062500e+02 6.631582641601562500e+02 5.227802734375000000e+02 5.889004468917846680e-01 7.000000000000000000e+00
8.349332885742187500e+02 5.010502624511718750e+02 8.945983276367187500e+02 5.326337280273437500e+02 5.499525666236877441e-01 2.000000000000000000e+00
5.885034179687500000e+02 5.695369873046875000e+02 7.516791381835937500e+02 6.458925170898437500e+02 5.485833287239074707e-01 7.000000000000000000e+00
1.019495056152343750e+03 6.298811035156250000e+02 1.090213256835937500e+03 6.930669555664062500e+02 5.259422659873962402e-01 2.000000000000000000e+00
1.341474487304687500e+03 5.167900390625000000e+02 1.889901489257812500e+03 1.006481811523437500e+03 4.078975617885589600e-01 7.000000000000000000e+00
1.318371337890625000e+03 8.720432739257812500e+02 1.890764160156250000e+03 1.074170898437500000e+03 3.901836872100830078e-01 7.000000000000000000e+00
5.414429931640625000e+02 8.975616455078125000e+02 6.887351684570312500e+02 1.000423950195312500e+03 3.057498037815093994e-01 7.000000000000000000e+00
2.814876098632812500e+02 4.517090148925781250e+02 5.213015136718750000e+02 6.084341430664062500e+02 2.846826016902923584e-01 7.000000000000000000e+00
1.719055664062500000e+03 7.681551513671875000e+02 1.772613891601562500e+03 8.961864013671875000e+02 2.609590590000152588e-01 0.000000000000000000e+00
