1.638656372070312500e+03 5.858118896484375000e+02 1.762139038085937500e+03 7.195149536132812500e+02 7.666748762130737305e-01 2.000000000000000000e+00
1.272561035156250000e+03 4.063523254394531250e+02 1.391184692382812500e+03 4.934957580566406250e+02 7.501966953277587891e-01 2.000000000000000000e+00
9.957762451171875000e+02 5.250693359375000000e+02 1.119396240234375000e+03 6.153014526367187500e+02 7.405110597610473633e-01 2.000000000000000000e+00
1.652231567382812500e+03 2.201125946044921875e+02 1.757247802734375000e+03 3.186129455566406250e+02 7.253044843673706055e-01 2.000000000000000000e+00
1.590784179687500000e+03 1.382902069091796875e+02 1.686505615234375000e+03 2.242238006591796875e+02 7.194077372550964355e-01 2.000000000000000000e+00
1.770256958007812500e+03 6.411133575439453125e+01 1.916000000000000000e+03 1.490132293701171875e+02 7.034540176391601562e-01 2.000000000000000000e+00
1.098339843750000000e+03 7.161862792968750000e+02 1.225775634765625000e+03 8.238917236328125000e+02 6.365349292755126953e-01 2.000000000000000000e+00
1.429473632812500000e+03 6.736309814453125000e+02 1.556802124023437500e+03 7.917817382812500000e+02 5.932302474975585938e-01 2.000000000000000000e+00
1.365819458007812500e+03 7.283534545898437500e+02 1.500968139648437500e+03 8.537387084960937500e+02 5.394516587257385254e-01 2.000000000000000000e+00
8.981553955078125000e+02 5.557889404296875000e+02 9.825114135742187500e+02 6.418462524414062500e+02 4.172248840332031250e-01 2.000000000000000000e+00
1.592514770507812500e+03 7.394841003417968750e+01 1.743058837890625000e+03 2.200856933593750000e+02 3.531128466129302979e-01 2.000000000000000000e+00
1.151243164062500000e+03 8.171200561523437500e+02 1.265469238281250000e+03 9.637208251953125000e+02 2.958042025566101074e-01 2.000000000000000000e+00
1.754323852539062500e+03 8.189810180664062500e+01 1.916000000000000000e+03 2.744590148925781250e+02 2.754068076610565186e-01 2.000000000000000000e+00
9.861326293945312500e+02 8.058811035156250000e+02 1.264419311523437500e+03 1.035657958984375000e+03 2.723348438739776611e-01 2.000000000000000000e+00
1.764989013671875000e+03 5.386864013671875000e+02 1.916000000000000000e+03 7.026493530273437500e+02 2.722978591918945312e-01 7.000000000000000000e+00
1.599148925781250000e+03 4.281771087646484375e+01 1.753786376953125000e+03 1.494138641357421875e+02 2.589198946952819824e-01 2.000000000000000000e+00
1.840245361328125000e+03 1.408295593261718750e+02 1.915171020507812500e+03 2.191189880371093750e+02 2.584485411643981934e-01 2.000000000000000000e+00
1.845308227539062500e+03 7.232628631591796875e+01 1.916000000000000000e+03 1.464825439453125000e+02 2.505146563053131104e-01 2.000000000000000000e+00
