5.698037719726562500e+02 8.711487426757812500e+02 7.362659301757812500e+02 9.877260742187500000e+02 7.282878160476684570e-01 2.000000000000000000e+00
7.321432495117187500e+02 4.106580505371093750e+02 8.062327880859375000e+02 4.403819580078125000e+02 6.822144389152526855e-01 2.000000000000000000e+00
6.105886840820312500e+02 4.380624694824218750e+02 7.228502807617187500e+02 4.906778869628906250e+02 4.650085568428039551e-01 2.000000000000000000e+00
8.234960327148437500e+02 4.177027587890625000e+02 8.640703735351562500e+02 4.439244384765625000e+02 4.545101523399353027e-01 2.000000000000000000e+00
4.600071907043457031e-01 4.122608642578125000e+02 4.072875671386718750e+02 7.331808471679687500e+02 3.937704861164093018e-01 7.000000000000000000e+00
5.274633178710937500e+02 3.891170043945312500e+02 5.462980957031250000e+02 4.234613952636718750e+02 3.826972544193267822e-01 0.000000000000000000e+00
1.214369262695312500e+03 4.700371093750000000e+02 1.258085693359375000e+03 5.038273620605468750e+02 3.162408471107482910e-01 2.000000000000000000e+00
4.625231323242187500e+02 5.611600341796875000e+02 5.760764160156250000e+02 6.858660888671875000e+02 2.927242219448089600e-01 7.000000000000000000e+00
5.380234375000000000e+02 4.423399963378906250e+02 7.298276977539062500e+02 5.377150268554687500e+02 2.744658589363098145e-01 7.000000000000000000e+00
6.450883789062500000e+02 3.940485229492187500e+02 6.934271240234375000e+02 4.279417724609375000e+02 2.729377448558807373e-01 2.000000000000000000e+00
6.670087575912475586e-02 7.818670654296875000e+02 4.593936920166015625e+01 8.527305297851562500e+02 2.678633332252502441e-01 3.700000000000000000e+01
4.619026489257812500e+02 5.900357055664062500e+02 4.827935791015625000e+02 6.234848022460937500e+02 2.570003867149353027e-01 0.000000000000000000e+00
3.863101806640625000e+02 3.712922973632812500e+02 4.124669799804687500e+02 4.155961303710937500e+02 2.564080953598022461e-01 0.000000000000000000e+00
