3.287285461425781250e+02 3.397454833984375000e+02 3.828360595703125000e+02 3.821142883300781250e+02 5.868946313858032227e-01 2.000000000000000000e+00
4.285262756347656250e+02 3.528872680664062500e+02 4.662202453613281250e+02 3.762652587890625000e+02 5.609517693519592285e-01 2.000000000000000000e+00
6.700991821289062500e+02 5.830173339843750000e+02 6.992146606445312500e+02 6.130772094726562500e+02 4.301541149616241455e-01 2.000000000000000000e+00
5.945928344726562500e+02 4.129080810546875000e+02 6.169085693359375000e+02 4.364277648925781250e+02 3.930523693561553955e-01 2.000000000000000000e+00
7.257879638671875000e+02 3.879931030273437500e+02 7.437465820312500000e+02 4.201218566894531250e+02 3.489629626274108887e-01 9.000000000000000000e+00
7.765654907226562500e+02 2.381930694580078125e+02 8.012926635742187500e+02 2.767268676757812500e+02 3.438849151134490967e-01 2.000000000000000000e+00
7.153632812500000000e+02 2.896322937011718750e+02 7.460471801757812500e+02 3.145685729980468750e+02 3.109946846961975098e-01 2.000000000000000000e+00
6.148668212890625000e+02 3.875899353027343750e+02 6.376316528320312500e+02 4.166975402832031250e+02 2.758296728134155273e-01 2.000000000000000000e+00
6.511936035156250000e+02 4.141792602539062500e+02 6.758901367187500000e+02 4.380095214843750000e+02 2.709039449691772461e-01 2.000000000000000000e+00
6.826681518554687500e+02 5.184567260742187500e+02 7.079189453125000000e+02 5.547250976562500000e+02 2.660385966300964355e-01 2.000000000000000000e+00
