6.428829956054687500e+02 4.400149536132812500e+02 6.964086303710937500e+02 4.857735900878906250e+02 6.663891077041625977e-01 2.000000000000000000e+00
5.513294677734375000e+02 4.960581054687500000e+02 6.028005981445312500e+02 5.259024658203125000e+02 6.647976040840148926e-01 2.000000000000000000e+00
7.503315429687500000e+02 4.555525512695312500e+02 7.959245605468750000e+02 4.890300903320312500e+02 5.963283777236938477e-01 2.000000000000000000e+00
6.558450317382812500e+02 1.893593597412109375e+02 6.942492675781250000e+02 2.118001251220703125e+02 5.544961690902709961e-01 2.000000000000000000e+00
5.640595092773437500e+02 6.100368652343750000e+02 8.290277709960937500e+02 6.989819946289062500e+02 5.015199780464172363e-01 5.000000000000000000e+00
6.965181274414062500e+02 4.152633972167968750e+02 7.393152465820312500e+02 4.491237182617187500e+02 4.741010665893554688e-01 2.000000000000000000e+00
5.898074340820312500e+02 4.469215698242187500e+02 6.396250000000000000e+02 4.743351440429687500e+02 4.520818591117858887e-01 2.000000000000000000e+00
7.071116333007812500e+02 4.799841918945312500e+02 7.434793701171875000e+02 4.972783813476562500e+02 4.307119548320770264e-01 2.000000000000000000e+00
3.446092834472656250e+02 5.039198608398437500e+02 4.781549377441406250e+02 6.273695678710937500e+02 3.446542024612426758e-01 5.000000000000000000e+00
0.000000000000000000e+00 3.625193481445312500e+02 4.349934997558593750e+02 6.287479248046875000e+02 3.054316937923431396e-01 5.000000000000000000e+00
0.000000000000000000e+00 3.605123596191406250e+02 4.492795715332031250e+02 6.394252319335937500e+02 2.848061025142669678e-01 6.000000000000000000e+00
3.464912109375000000e+02 3.344566650390625000e+02 3.711746826171875000e+02 3.837518920898437500e+02 2.523236870765686035e-01 0.000000000000000000e+00
