6.787718505859375000e+02 3.301156616210937500e+02 7.043779296875000000e+02 3.525932922363281250e+02 6.713898777961730957e-01 2.000000000000000000e+00
7.047028808593750000e+02 3.651348571777343750e+02 7.448645629882812500e+02 4.005865478515625000e+02 6.473100781440734863e-01 2.000000000000000000e+00
2.532081298828125000e+02 1.120527954101562500e+02 2.729653015136718750e+02 1.273045425415039062e+02 6.378844380378723145e-01 2.000000000000000000e+00
7.239765625000000000e+02 4.203304443359375000e+02 8.367208251953125000e+02 5.464224243164062500e+02 5.950559377670288086e-01 5.000000000000000000e+00
3.658221435546875000e+02 7.539772033691406250e+01 3.884641418457031250e+02 9.240239715576171875e+01 5.387735962867736816e-01 2.000000000000000000e+00
8.650739746093750000e+02 5.625983886718750000e+02 9.041415405273437500e+02 6.016620483398437500e+02 4.685285985469818115e-01 2.000000000000000000e+00
8.611643676757812500e+02 5.945994262695312500e+02 1.033952270507812500e+03 7.785388793945312500e+02 4.619752764701843262e-01 5.000000000000000000e+00
5.812645874023437500e+02 2.892460632324218750e+02 6.087729492187500000e+02 3.121688842773437500e+02 4.581011235713958740e-01 2.000000000000000000e+00
7.329664916992187500e+02 3.944951782226562500e+02 7.712694091796875000e+02 4.224087524414062500e+02 3.874964416027069092e-01 2.000000000000000000e+00
8.273265991210937500e+02 6.486550292968750000e+02 8.725151977539062500e+02 6.909771118164062500e+02 3.840373754501342773e-01 2.000000000000000000e+00
8.093095092773437500e+02 5.550640258789062500e+02 8.574136962890625000e+02 6.023799438476562500e+02 3.667285442352294922e-01 2.000000000000000000e+00
2.853874511718750000e+02 2.651350975036621094e+01 3.222779235839843750e+02 5.171785736083984375e+01 3.593167662620544434e-01 2.000000000000000000e+00
6.018264770507812500e+02 2.368650207519531250e+02 6.313978881835937500e+02 2.678506164550781250e+02 3.464000523090362549e-01 2.000000000000000000e+00
4.021524047851562500e+02 1.198048553466796875e+02 4.291242980957031250e+02 1.447799682617187500e+02 3.359233736991882324e-01 2.000000000000000000e+00
2.838495178222656250e+02 1.478080444335937500e+02 3.036555786132812500e+02 1.642028045654296875e+02 3.326674401760101318e-01 2.000000000000000000e+00
7.677556152343750000e+02 4.193436889648437500e+02 8.823123168945312500e+02 5.582844848632812500e+02 3.295188248157501221e-01 5.000000000000000000e+00
6.819234008789062500e+02 3.358872985839843750e+02 7.098765258789062500e+02 3.591690063476562500e+02 3.224296569824218750e-01 2.000000000000000000e+00
6.336275024414062500e+02 2.751822509765625000e+02 6.521826782226562500e+02 2.964132690429687500e+02 3.223294913768768311e-01 2.000000000000000000e+00
3.927743835449218750e+02 9.627054595947265625e+01 4.275060119628906250e+02 1.277073059082031250e+02 2.941952943801879883e-01 2.000000000000000000e+00
2.584982910156250000e+02 5.781028366088867188e+01 2.933598022460937500e+02 8.244544219970703125e+01 2.894867360591888428e-01 2.000000000000000000e+00
8.624499511718750000e+02 5.877595214843750000e+02 1.035480224609375000e+03 7.763886718750000000e+02 2.737791240215301514e-01 6.000000000000000000e+00
1.983877716064453125e+02 9.336524200439453125e+01 2.189900360107421875e+02 1.106725158691406250e+02 2.710905671119689941e-01 2.000000000000000000e+00
4.082515563964843750e+02 1.127744293212890625e+02 4.333861999511718750e+02 1.367179718017578125e+02 2.700374126434326172e-01 2.000000000000000000e+00
