2.561405334472656250e+02 2.149623565673828125e+02 3.258243103027343750e+02 3.377169494628906250e+02 8.481151461601257324e-01 6.700000000000000000e+01
5.211329345703125000e+02 2.010228881835937500e+02 5.868515014648437500e+02 3.183555908203125000e+02 8.261964321136474609e-01 6.700000000000000000e+01
2.436388092041015625e+02 3.897886962890625000e+02 3.258223571777343750e+02 5.294699707031250000e+02 8.006787300109863281e-01 2.000000000000000000e+00
6.152915039062500000e+02 2.553416900634765625e+02 6.995986328125000000e+02 3.959374389648437500e+02 7.263897061347961426e-01 6.700000000000000000e+01
4.106869812011718750e+02 9.296917114257812500e+02 5.952351074218750000e+02 1.050000000000000000e+03 6.816365122795104980e-01 6.700000000000000000e+01
1.454574432373046875e+02 3.796283264160156250e+02 2.196051025390625000e+02 5.051323242187500000e+02 6.721226572990417480e-01 2.800000000000000000e+01
1.186720458984375000e+03 9.285811157226562500e+02 1.397208618164062500e+03 1.050000000000000000e+03 6.245605945587158203e-01 2.000000000000000000e+00
8.521286621093750000e+02 5.140542602539062500e+02 9.629390869140625000e+02 6.691732177734375000e+02 5.625902414321899414e-01 2.000000000000000000e+00
0.000000000000000000e+00 2.544147644042968750e+02 1.012083969116210938e+02 3.185115661621093750e+02 4.375109374523162842e-01 2.000000000000000000e+00
6.864060668945312500e+02 4.893795166015625000e+02 7.614069824218750000e+02 6.125606079101562500e+02 4.279235601425170898e-01 2.000000000000000000e+00
8.644640445709228516e-01 1.804627685546875000e+02 7.625972747802734375e+01 2.505618743896484375e+02 4.176780879497528076e-01 2.000000000000000000e+00
1.406115293502807617e-01 3.426746520996093750e+02 5.812044143676757812e+01 4.210147705078125000e+02 3.655868470668792725e-01 2.000000000000000000e+00
6.085112304687500000e+02 3.978235473632812500e+02 6.887133789062500000e+02 5.335050048828125000e+02 3.653610348701477051e-01 2.000000000000000000e+00
9.856851806640625000e+02 5.795590820312500000e+02 1.265893432617187500e+03 7.456354980468750000e+02 3.373181521892547607e-01 2.000000000000000000e+00
1.132696166992187500e+03 6.834187622070312500e+02 1.335543457031250000e+03 8.072479248046875000e+02 3.205020725727081299e-01 2.000000000000000000e+00
1.247527832031250000e+03 7.789893798828125000e+02 1.400000000000000000e+03 9.154587402343750000e+02 3.010559082031250000e-01 2.000000000000000000e+00
