9.715090332031250000e+02 2.968241271972656250e+02 1.122232055664062500e+03 3.804152221679687500e+02 8.600278496742248535e-01 2.000000000000000000e+00
7.752389526367187500e+02 3.618462219238281250e+02 8.517464599609375000e+02 4.745104980468750000e+02 8.517081141471862793e-01 2.000000000000000000e+00
9.806137084960937500e+02 4.409118041992187500e+02 1.071480102539062500e+03 5.586015625000000000e+02 8.240682482719421387e-01 2.000000000000000000e+00
8.915327758789062500e+02 4.001364135742187500e+02 9.637286376953125000e+02 5.046178588867187500e+02 8.158104419708251953e-01 2.000000000000000000e+00
1.076383178710937500e+03 4.862401123046875000e+02 1.198556030273437500e+03 6.499298095703125000e+02 7.934418916702270508e-01 2.000000000000000000e+00
7.872485961914062500e+02 5.041134643554687500e+02 8.666914062500000000e+02 6.494622192382812500e+02 7.888312339782714844e-01 2.000000000000000000e+00
3.594198608398437500e+01 4.034147033691406250e+02 1.814816589355468750e+02 5.403322753906250000e+02 7.334030270576477051e-01 2.000000000000000000e+00
1.030057617187500000e+03 2.246988983154296875e+02 1.128967163085937500e+03 2.896119384765625000e+02 7.228456735610961914e-01 2.000000000000000000e+00
8.844641723632812500e+02 1.009743423461914062e+02 9.945055541992187500e+02 1.631531372070312500e+02 7.180331349372863770e-01 2.000000000000000000e+00
8.852063598632812500e+02 1.590243225097656250e+02 9.903247680664062500e+02 2.209956207275390625e+02 6.747969985008239746e-01 2.000000000000000000e+00
1.107283813476562500e+03 8.002060546875000000e+02 1.238098510742187500e+03 1.050000000000000000e+03 6.328909993171691895e-01 6.700000000000000000e+01
9.159680175781250000e+02 2.362531661987304688e+01 1.003895385742187500e+03 6.429953002929687500e+01 5.492328405380249023e-01 2.000000000000000000e+00
1.040468627929687500e+03 5.611007080078125000e+02 1.142848144531250000e+03 7.296452636718750000e+02 3.697030842304229736e-01 2.000000000000000000e+00
1.004583007812500000e+03 1.515058135986328125e+02 1.094076049804687500e+03 1.911854400634765625e+02 3.681631386280059814e-01 2.000000000000000000e+00
2.365087890625000000e+02 2.067774810791015625e+02 3.210064697265625000e+02 2.916922302246093750e+02 3.072291016578674316e-01 2.000000000000000000e+00
1.056900024414062500e+03 2.812285423278808594e+01 1.178256103515625000e+03 8.425173950195312500e+01 2.613932788372039795e-01 2.000000000000000000e+00
1.335662689208984375e+02 0.000000000000000000e+00 2.100399932861328125e+02 5.961216354370117188e+01 2.542839348316192627e-01 2.000000000000000000e+00
