2.769490051269531250e+02 4.143900146484375000e+02 3.224028015136718750e+02 4.586504516601562500e+02 4.284357726573944092e-01 2.000000000000000000e+00
3.942758483886718750e+02 4.197833557128906250e+02 4.491976623535156250e+02 4.622978515625000000e+02 4.019941687583923340e-01 2.000000000000000000e+00
9.507186279296875000e+02 2.675225524902343750e+02 1.016758911132812500e+03 3.005404663085937500e+02 3.902932703495025635e-01 2.000000000000000000e+00
1.221867309570312500e+03 3.703951416015625000e+02 1.341901977539062500e+03 4.934473876953125000e+02 3.750835359096527100e-01 7.000000000000000000e+00
6.412920532226562500e+02 1.707702636718750000e+02 7.209408569335937500e+02 2.027224273681640625e+02 3.669286966323852539e-01 2.000000000000000000e+00
3.058081665039062500e+02 7.227503051757812500e+02 3.865469055175781250e+02 8.695332641601562500e+02 3.486357331275939941e-01 7.000000000000000000e+00
2.804825439453125000e+02 4.658077697753906250e+02 3.215142822265625000e+02 5.173482055664062500e+02 3.388309478759765625e-01 2.000000000000000000e+00
3.929074096679687500e+02 4.187064208984375000e+02 4.499772033691406250e+02 4.633778686523437500e+02 3.112743496894836426e-01 7.000000000000000000e+00
3.263924255371093750e+02 2.753772277832031250e+02 3.668547668457031250e+02 3.075092468261718750e+02 3.091236352920532227e-01 2.000000000000000000e+00
4.835149841308593750e+02 1.726053161621093750e+02 5.426318359375000000e+02 2.024453735351562500e+02 2.982071340084075928e-01 2.000000000000000000e+00
1.055757202148437500e+03 1.134521636962890625e+02 1.128993164062500000e+03 1.413180541992187500e+02 2.966572344303131104e-01 2.000000000000000000e+00
2.909285278320312500e+02 2.332910614013671875e+02 3.244326171875000000e+02 2.608419189453125000e+02 2.956818342208862305e-01 2.000000000000000000e+00
9.459487304687500000e+02 2.027117004394531250e+02 9.993782958984375000e+02 2.323757019042968750e+02 2.895513176918029785e-01 2.000000000000000000e+00
1.738744140625000000e+03 3.088792419433593750e+02 1.914788208007812500e+03 7.031033325195312500e+02 2.866991460323333740e-01 5.000000000000000000e+00
1.651639892578125000e+03 1.538527221679687500e+02 1.690722656250000000e+03 1.781413879394531250e+02 2.671816051006317139e-01 2.000000000000000000e+00
1.648330322265625000e+03 4.260623931884765625e+01 1.717444580078125000e+03 7.734531402587890625e+01 2.669879794120788574e-01 2.000000000000000000e+00
8.596331176757812500e+02 2.273445129394531250e+02 9.310703125000000000e+02 2.737387390136718750e+02 2.605367898941040039e-01 2.000000000000000000e+00
6.260248413085937500e+02 3.476639099121093750e+02 6.645815429687500000e+02 3.806060180664062500e+02 2.531383931636810303e-01 9.000000000000000000e+00
7.163754882812500000e+02 1.651768798828125000e+02 7.548116455078125000e+02 1.958411560058593750e+02 2.518966495990753174e-01 2.000000000000000000e+00
