2.445154418945312500e+02 3.455856323242187500e+02 3.092330627441406250e+02 4.650373229980468750e+02 7.349963188171386719e-01 5.000000000000000000e+00
4.138624877929687500e+02 5.576063232421875000e+02 4.702461547851562500e+02 6.398663330078125000e+02 6.051063537597656250e-01 2.000000000000000000e+00
5.253701782226562500e+02 4.585889282226562500e+02 7.906942138671875000e+02 7.281812133789062500e+02 5.435738563537597656e-01 7.000000000000000000e+00
9.480145263671875000e+02 7.546856079101562500e+02 1.059390136718750000e+03 8.916242675781250000e+02 4.991500377655029297e-01 2.000000000000000000e+00
4.201842346191406250e+02 8.722865295410156250e+01 4.700229187011718750e+02 1.139608306884765625e+02 4.725962877273559570e-01 2.000000000000000000e+00
1.249562988281250000e+03 9.441189575195312500e+02 1.314476440429687500e+03 9.981307373046875000e+02 4.130121469497680664e-01 2.000000000000000000e+00
4.804642639160156250e+02 3.994214782714843750e+02 5.708184204101562500e+02 4.752368469238281250e+02 4.111018776893615723e-01 7.000000000000000000e+00
1.214618164062500000e+03 8.980299682617187500e+02 1.255062377929687500e+03 9.311254882812500000e+02 4.065954089164733887e-01 2.000000000000000000e+00
4.900643615722656250e+02 2.970345153808593750e+02 6.786299438476562500e+02 4.599762268066406250e+02 3.786404728889465332e-01 7.000000000000000000e+00
7.180541381835937500e+02 3.720848693847656250e+02 7.273630371093750000e+02 3.942350463867187500e+02 3.697341978549957275e-01 0.000000000000000000e+00
1.137055175781250000e+03 9.194564208984375000e+02 1.162973510742187500e+03 9.647269897460937500e+02 3.543455600738525391e-01 0.000000000000000000e+00
6.069271850585937500e+02 2.094540252685546875e+02 6.175658569335937500e+02 2.294060821533203125e+02 3.502526879310607910e-01 0.000000000000000000e+00
4.212432556152343750e+02 2.209566345214843750e+02 5.857052001953125000e+02 3.378311767578125000e+02 3.245717287063598633e-01 7.000000000000000000e+00
9.496497192382812500e+02 7.523377685546875000e+02 1.064038452148437500e+03 8.945702514648437500e+02 3.177485167980194092e-01 7.000000000000000000e+00
9.928571166992187500e+02 6.216680297851562500e+02 1.007178283691406250e+03 6.485010986328125000e+02 2.989298701286315918e-01 0.000000000000000000e+00
1.072714965820312500e+03 7.302250366210937500e+02 1.104331298828125000e+03 7.758767089843750000e+02 2.599815726280212402e-01 0.000000000000000000e+00
