3.820890808105468750e+02 6.505441284179687500e+02 5.076071166992187500e+02 7.236185302734375000e+02 8.652394413948059082e-01 2.000000000000000000e+00
4.403732299804687500e+02 7.195359497070312500e+02 5.814863281250000000e+02 8.038259887695312500e+02 8.544543981552124023e-01 2.000000000000000000e+00
3.165104370117187500e+02 4.630456542968750000e+02 4.095012207031250000e+02 5.090671081542968750e+02 8.174329400062561035e-01 2.000000000000000000e+00
2.938246765136718750e+02 3.113882751464843750e+02 3.460773315429687500e+02 3.429640808105468750e+02 6.306282281875610352e-01 2.000000000000000000e+00
2.516897277832031250e+02 2.451397705078125000e+02 2.966619262695312500e+02 2.670339050292968750e+02 5.623217225074768066e-01 2.000000000000000000e+00
7.255905151367187500e+02 5.969511718750000000e+02 7.415860595703125000e+02 6.387139282226562500e+02 5.302082300186157227e-01 0.000000000000000000e+00
6.999943847656250000e+02 5.883469848632812500e+02 7.161984863281250000e+02 6.311646728515625000e+02 5.187042355537414551e-01 0.000000000000000000e+00
2.644475402832031250e+02 2.853191528320312500e+02 3.184486389160156250e+02 3.161640319824218750e+02 5.144846439361572266e-01 2.000000000000000000e+00
3.297136840820312500e+02 2.808825683593750000e+02 3.692819519042968750e+02 3.073583374023437500e+02 4.440537393093109131e-01 2.000000000000000000e+00
6.045345458984375000e+02 9.986553344726562500e+02 7.404166870117187500e+02 1.049403198242187500e+03 3.880171477794647217e-01 7.000000000000000000e+00
2.525252532958984375e+02 4.369657287597656250e+02 2.654981994628906250e+02 4.630571899414062500e+02 3.466302752494812012e-01 0.000000000000000000e+00
6.371605224609375000e+02 5.281423950195312500e+02 6.562880249023437500e+02 5.656976318359375000e+02 3.225267231464385986e-01 0.000000000000000000e+00
8.055698852539062500e+02 7.981562500000000000e+02 8.259181518554687500e+02 8.437426147460937500e+02 3.214894533157348633e-01 0.000000000000000000e+00
3.070501403808593750e+02 3.001717834472656250e+02 3.597450866699218750e+02 3.371952514648437500e+02 2.990431189537048340e-01 2.000000000000000000e+00
5.152143554687500000e+02 4.468377685546875000e+02 5.275353393554687500e+02 4.744204406738281250e+02 2.856839001178741455e-01 0.000000000000000000e+00
5.623262939453125000e+02 4.113749084472656250e+02 6.343463745117187500e+02 4.557612304687500000e+02 2.807537615299224854e-01 2.000000000000000000e+00
6.951411132812500000e+02 5.524144897460937500e+02 7.155027465820312500e+02 5.840270996093750000e+02 2.738526165485382080e-01 0.000000000000000000e+00
