8.599702453613281250e+01 2.348717193603515625e+02 2.210782928466796875e+02 3.351387634277343750e+02 8.696079254150390625e-01 2.000000000000000000e+00
3.814592895507812500e+02 2.320703582763671875e+02 4.779555664062500000e+02 3.539907226562500000e+02 8.398992419242858887e-01 2.000000000000000000e+00
2.248895721435546875e+02 4.791055297851562500e+02 3.464607849121093750e+02 6.212723999023437500e+02 8.361673355102539062e-01 2.000000000000000000e+00
2.948133544921875000e+02 2.446665496826171875e+02 3.925665283203125000e+02 3.445829772949218750e+02 7.832899093627929688e-01 2.000000000000000000e+00
1.023792480468750000e+03 4.599075012207031250e+02 1.125148315429687500e+03 5.977209472656250000e+02 7.528975009918212891e-01 2.000000000000000000e+00
4.656720581054687500e+02 4.227964477539062500e+02 5.982698974609375000e+02 6.296505737304687500e+02 7.491516470909118652e-01 2.000000000000000000e+00
3.763854503631591797e-01 6.459187622070312500e+02 1.430630493164062500e+02 7.722502441406250000e+02 7.379382848739624023e-01 2.000000000000000000e+00
4.710057678222656250e+02 9.878057098388671875e+01 5.417276611328125000e+02 1.830715789794921875e+02 7.298694252967834473e-01 2.000000000000000000e+00
1.007319335937500000e+03 3.318906860351562500e+02 1.095853271484375000e+03 4.289753417968750000e+02 6.452311873435974121e-01 2.000000000000000000e+00
9.889139404296875000e+02 2.296629333496093750e+02 1.068666381835937500e+03 3.186129760742187500e+02 5.888965129852294922e-01 2.000000000000000000e+00
1.384331817626953125e+02 6.210233154296875000e+02 3.227319641113281250e+02 8.236962890625000000e+02 5.780606269836425781e-01 2.000000000000000000e+00
4.143711853027343750e+02 6.798831939697265625e+01 4.732419738769531250e+02 1.344504394531250000e+02 4.810137748718261719e-01 2.000000000000000000e+00
9.609719848632812500e+02 7.345304870605468750e+01 1.005832702636718750e+03 1.512363739013671875e+02 3.403987884521484375e-01 2.000000000000000000e+00
5.207830810546875000e+02 2.180538940429687500e+01 5.835560302734375000e+02 1.053716278076171875e+02 3.023562729358673096e-01 2.000000000000000000e+00
4.318626403808593750e+02 4.895971679687500000e+01 5.116483154296875000e+02 1.328894958496093750e+02 2.817657887935638428e-01 2.000000000000000000e+00
4.539517822265625000e+02 3.277301025390625000e+01 5.174383544921875000e+02 1.038017044067382812e+02 2.609435915946960449e-01 2.000000000000000000e+00
6.077711791992187500e+02 0.000000000000000000e+00 6.308060302734375000e+02 4.003537750244140625e+01 2.556086182594299316e-01 0.000000000000000000e+00
