8.036373901367187500e+02 7.324936523437500000e+02 9.439956054687500000e+02 7.989311523437500000e+02 8.477866053581237793e-01 2.000000000000000000e+00
1.352544921875000000e+03 6.343732299804687500e+02 1.461664306640625000e+03 6.924699707031250000e+02 8.100520372390747070e-01 2.000000000000000000e+00
3.143280944824218750e+02 8.091277465820312500e+02 4.459409790039062500e+02 8.820506591796875000e+02 7.646100521087646484e-01 2.000000000000000000e+00
1.062585205078125000e+03 7.988049316406250000e+02 1.189335205078125000e+03 8.713466796875000000e+02 7.308323383331298828e-01 2.000000000000000000e+00
5.872827148437500000e+02 7.707807006835937500e+02 6.851270751953125000e+02 8.360630493164062500e+02 6.785344481468200684e-01 2.000000000000000000e+00
4.369342956542968750e+02 9.282187500000000000e+02 5.638898315429687500e+02 9.943489379882812500e+02 6.639049053192138672e-01 2.000000000000000000e+00
1.045677734375000000e+03 6.809522705078125000e+02 1.144646484375000000e+03 7.408019409179687500e+02 6.586931347846984863e-01 2.000000000000000000e+00
1.257816894531250000e+03 6.981564331054687500e+02 1.374736694335937500e+03 7.567978515625000000e+02 6.469584107398986816e-01 2.000000000000000000e+00
1.217886352539062500e+03 6.562816162109375000e+02 1.331378906250000000e+03 7.116031494140625000e+02 6.415848731994628906e-01 2.000000000000000000e+00
1.493194732666015625e+02 8.348407592773437500e+02 2.767905273437500000e+02 9.158856201171875000e+02 5.041337013244628906e-01 2.000000000000000000e+00
1.260568904876708984e+01 8.892949829101562500e+02 1.123671722412109375e+02 9.347919311523437500e+02 4.970189034938812256e-01 2.000000000000000000e+00
1.769424682617187500e+03 5.652000732421875000e+02 1.883729492187500000e+03 6.138368530273437500e+02 4.403010606765747070e-01 2.000000000000000000e+00
1.487231079101562500e+03 6.151589965820312500e+02 1.615269531250000000e+03 7.022353515625000000e+02 4.365870952606201172e-01 2.000000000000000000e+00
1.477046203613281250e+02 8.334448852539062500e+02 2.784433593750000000e+02 9.129351196289062500e+02 3.585007190704345703e-01 7.000000000000000000e+00
7.749209594726562500e+02 5.529529418945312500e+02 7.973552856445312500e+02 5.838311767578125000e+02 2.903646230697631836e-01 0.000000000000000000e+00
1.616141723632812500e+03 5.866638793945312500e+02 1.716917236328125000e+03 6.360891723632812500e+02 2.897110581398010254e-01 2.000000000000000000e+00
2.404968109130859375e+02 5.590656127929687500e+02 3.636814575195312500e+02 6.389414062500000000e+02 2.617259621620178223e-01 5.000000000000000000e+00
