6.446040039062500000e+02 3.931915283203125000e+02 9.335450439453125000e+02 5.768589477539062500e+02 8.853893876075744629e-01 5.000000000000000000e+00
1.074983032226562500e+03 4.095663146972656250e+02 1.179823364257812500e+03 4.722222290039062500e+02 8.719238638877868652e-01 2.000000000000000000e+00
4.473995361328125000e+02 5.927961425781250000e+02 5.882554931640625000e+02 6.746128540039062500e+02 8.154340982437133789e-01 2.000000000000000000e+00
7.832349243164062500e+02 2.826918029785156250e+02 8.342585449218750000e+02 3.284953308105468750e+02 7.931790947914123535e-01 2.000000000000000000e+00
7.504622192382812500e+02 2.279666595458984375e+02 8.110989990234375000e+02 2.774163208007812500e+02 4.645129442214965820e-01 2.000000000000000000e+00
1.080466674804687500e+03 2.991299133300781250e+02 1.094185791015625000e+03 3.264057006835937500e+02 3.671570718288421631e-01 0.000000000000000000e+00
1.142782470703125000e+03 3.140963439941406250e+02 1.172881713867187500e+03 3.408305969238281250e+02 3.128055334091186523e-01 0.000000000000000000e+00
4.707023315429687500e+02 4.725979919433593750e+02 4.868124389648437500e+02 5.015459289550781250e+02 3.072801828384399414e-01 9.000000000000000000e+00
9.943803710937500000e+02 2.995578308105468750e+02 1.024069702148437500e+03 3.277493896484375000e+02 2.745747268199920654e-01 0.000000000000000000e+00
7.466983032226562500e+02 2.503177947998046875e+02 7.839305419921875000e+02 2.840161132812500000e+02 2.685160934925079346e-01 2.000000000000000000e+00
1.070487304687500000e+03 5.245246582031250000e+02 1.102432983398437500e+03 5.641159667968750000e+02 2.542534768581390381e-01 0.000000000000000000e+00
