6.058402099609375000e+02 9.745094604492187500e+02 7.271367187500000000e+02 1.075724121093750000e+03 6.164608597755432129e-01 2.000000000000000000e+00
1.057593139648437500e+03 5.132094116210937500e+02 1.121837768554687500e+03 5.653920898437500000e+02 5.790258646011352539e-01 2.000000000000000000e+00
9.564229583740234375e+01 4.725543518066406250e+02 1.602774505615234375e+02 5.114973144531250000e+02 5.662920475006103516e-01 2.000000000000000000e+00
3.970802612304687500e+02 8.917765502929687500e+02 4.811953430175781250e+02 9.602176513671875000e+02 5.282860398292541504e-01 2.000000000000000000e+00
1.552331909179687500e+03 8.137183837890625000e+02 1.679600952148437500e+03 9.084165649414062500e+02 5.204734206199645996e-01 2.000000000000000000e+00
7.832812500000000000e+02 8.789614257812500000e+02 8.974795532226562500e+02 9.811380004882812500e+02 4.694275259971618652e-01 2.000000000000000000e+00
1.198129760742187500e+03 3.320372009277343750e+02 1.235706909179687500e+03 3.588011474609375000e+02 3.935379087924957275e-01 2.000000000000000000e+00
6.725166625976562500e+02 8.048567504882812500e+02 7.919654541015625000e+02 8.932611694335937500e+02 3.768616318702697754e-01 2.000000000000000000e+00
1.210512817382812500e+03 5.885817260742187500e+02 1.374588745117187500e+03 6.941440429687500000e+02 3.742890357971191406e-01 7.000000000000000000e+00
1.726653930664062500e+03 3.292271118164062500e+02 1.846793823242187500e+03 3.956196594238281250e+02 3.631236255168914795e-01 2.000000000000000000e+00
1.547185668945312500e+02 4.373139038085937500e+02 1.998612976074218750e+02 4.708028259277343750e+02 3.505126237869262695e-01 2.000000000000000000e+00
1.155524780273437500e+03 3.702641296386718750e+02 1.199672363281250000e+03 4.032451477050781250e+02 3.258053064346313477e-01 2.000000000000000000e+00
1.664122802734375000e+03 8.993505249023437500e+02 1.780497192382812500e+03 9.896931152343750000e+02 3.080395758152008057e-01 2.000000000000000000e+00
1.850557617187500000e+03 3.604881286621093750e+02 1.916000000000000000e+03 4.194015197753906250e+02 2.704285085201263428e-01 2.000000000000000000e+00
6.711638183593750000e+02 8.060728759765625000e+02 7.926718750000000000e+02 8.952183837890625000e+02 2.657026946544647217e-01 7.000000000000000000e+00
7.005810546875000000e+02 2.854908447265625000e+02 7.647164916992187500e+02 3.262531433105468750e+02 2.548906803131103516e-01 2.000000000000000000e+00
