1.351874947547912598e+00 2.003687133789062500e+02 8.463555145263671875e+01 2.628603210449218750e+02 6.124927997589111328e-01 2.000000000000000000e+00
5.674370727539062500e+02 3.473049621582031250e+02 6.720889282226562500e+02 4.465215454101562500e+02 5.435335040092468262e-01 2.000000000000000000e+00
1.764515686035156250e+02 3.037644042968750000e+02 2.453899078369140625e+02 4.578230285644531250e+02 4.675997793674468994e-01 0.000000000000000000e+00
1.023959899902343750e+03 1.026113159179687500e+03 1.135427368164062500e+03 1.075166625976562500e+03 3.659846186637878418e-01 2.000000000000000000e+00
6.130073242187500000e+02 5.376054077148437500e+02 7.459872436523437500e+02 7.002672729492187500e+02 3.568411767482757568e-01 2.000000000000000000e+00
5.416950073242187500e+02 2.232517089843750000e+02 6.302885131835937500e+02 3.169898986816406250e+02 3.509159982204437256e-01 2.000000000000000000e+00
6.195170898437500000e+02 1.865578842163085938e+01 6.793325195312500000e+02 4.704672622680664062e+01 3.424245119094848633e-01 2.000000000000000000e+00
2.589500732421875000e+02 3.010693664550781250e+02 2.969963989257812500e+02 4.095635681152343750e+02 3.098719120025634766e-01 0.000000000000000000e+00
1.645792358398437500e+03 6.960264282226562500e+02 1.814403808593750000e+03 7.922777099609375000e+02 2.808999717235565186e-01 2.000000000000000000e+00
2.974872436523437500e+02 2.981026611328125000e+02 3.394063110351562500e+02 4.268437500000000000e+02 2.793927192687988281e-01 0.000000000000000000e+00
5.136038818359375000e+02 8.879643249511718750e+01 5.999124755859375000e+02 1.823589172363281250e+02 2.777173817157745361e-01 7.000000000000000000e+00
1.935935668945312500e+02 2.089526824951171875e+02 2.334288635253906250e+02 2.660691528320312500e+02 2.673227190971374512e-01 0.000000000000000000e+00
