4.280849304199218750e+02 5.303718872070312500e+02 5.043725891113281250e+02 5.867408447265625000e+02 7.583478093147277832e-01 2.000000000000000000e+00
4.975451660156250000e+02 4.329387512207031250e+02 5.743701782226562500e+02 4.865779418945312500e+02 7.428280711174011230e-01 2.000000000000000000e+00
5.335041503906250000e+02 4.693719482421875000e+02 6.100656738281250000e+02 5.280629272460937500e+02 6.032288670539855957e-01 2.000000000000000000e+00
2.008806152343750000e+02 4.307928466796875000e+02 3.940301208496093750e+02 5.428657836914062500e+02 5.992835760116577148e-01 7.000000000000000000e+00
5.885989990234375000e+02 3.630299072265625000e+02 6.607088012695312500e+02 4.214112854003906250e+02 5.947263240814208984e-01 2.000000000000000000e+00
4.233973083496093750e+02 4.007512817382812500e+02 5.020037841796875000e+02 4.576289672851562500e+02 5.621928572654724121e-01 2.000000000000000000e+00
9.778598022460937500e+01 5.236900024414062500e+02 1.713756103515625000e+02 5.623137207031250000e+02 5.619918704032897949e-01 2.000000000000000000e+00
6.241567993164062500e+02 3.992051391601562500e+02 6.899606933593750000e+02 4.585372619628906250e+02 5.484299063682556152e-01 2.000000000000000000e+00
5.762194213867187500e+02 2.730480957031250000e+02 6.341439208984375000e+02 3.252116394042968750e+02 5.454922318458557129e-01 2.000000000000000000e+00
4.976310119628906250e+02 3.280489807128906250e+02 5.706515502929687500e+02 3.871201782226562500e+02 5.148728489875793457e-01 2.000000000000000000e+00
8.910291748046875000e+02 4.250268249511718750e+02 9.661281127929687500e+02 4.907018737792968750e+02 5.129960179328918457e-01 2.000000000000000000e+00
1.996107330322265625e+02 6.079646606445312500e+02 2.843210449218750000e+02 6.504885864257812500e+02 4.645393490791320801e-01 2.000000000000000000e+00
4.879597778320312500e+02 2.480589447021484375e+02 5.939660034179687500e+02 3.567409362792968750e+02 4.390652477741241455e-01 7.000000000000000000e+00
5.095830688476562500e+02 4.430026550292968750e+02 5.977581787109375000e+02 5.044756164550781250e+02 4.368987381458282471e-01 2.000000000000000000e+00
3.267510986328125000e+02 5.630994262695312500e+02 4.056066589355468750e+02 6.048015747070312500e+02 4.352766573429107666e-01 2.000000000000000000e+00
1.045258911132812500e+03 3.806910753250122070e+00 1.086680175781250000e+03 5.315250778198242188e+01 3.836917877197265625e-01 2.000000000000000000e+00
1.060563842773437500e+03 1.766480102539062500e+02 1.097379760742187500e+03 2.423277282714843750e+02 3.670732676982879639e-01 2.000000000000000000e+00
7.448702392578125000e+02 0.000000000000000000e+00 7.689111328125000000e+02 1.564832019805908203e+01 3.053691685199737549e-01 9.000000000000000000e+00
