5.426674194335937500e+02 8.342948608398437500e+02 6.482485961914062500e+02 9.064566040039062500e+02 8.623586297035217285e-01 2.000000000000000000e+00
7.485394897460937500e+02 8.695513305664062500e+02 8.514636840820312500e+02 9.455731201171875000e+02 8.338630199432373047e-01 2.000000000000000000e+00
4.494582214355468750e+02 7.427077026367187500e+02 5.336743774414062500e+02 7.942907104492187500e+02 6.851050853729248047e-01 2.000000000000000000e+00
5.667205200195312500e+02 7.170411987304687500e+02 6.403551025390625000e+02 7.642167968750000000e+02 6.470844149589538574e-01 2.000000000000000000e+00
1.346869964599609375e+02 5.835041503906250000e+02 1.989456024169921875e+02 6.218195190429687500e+02 5.455182790756225586e-01 2.000000000000000000e+00
9.081492309570312500e+02 4.864834289550781250e+02 9.745728759765625000e+02 5.306727294921875000e+02 5.342176556587219238e-01 2.000000000000000000e+00
4.556946411132812500e+02 6.926998901367187500e+02 5.347709350585937500e+02 7.338287353515625000e+02 4.979196488857269287e-01 2.000000000000000000e+00
2.854618530273437500e+02 6.379967651367187500e+02 3.544112854003906250e+02 6.757930297851562500e+02 4.406432509422302246e-01 2.000000000000000000e+00
6.060578155517578125e+01 5.652058715820312500e+02 1.305445404052734375e+02 6.189760742187500000e+02 4.114830791950225830e-01 2.000000000000000000e+00
2.184382781982421875e+02 4.372887573242187500e+02 2.835145874023437500e+02 4.774331359863281250e+02 3.317924737930297852e-01 2.000000000000000000e+00
0.000000000000000000e+00 5.426512451171875000e+02 6.188197708129882812e+01 5.828250732421875000e+02 3.283032774925231934e-01 2.000000000000000000e+00
8.539452514648437500e+02 8.082878417968750000e+02 9.084558715820312500e+02 8.530394897460937500e+02 3.018243610858917236e-01 2.000000000000000000e+00
