4.282667922973632812e+01 8.334660034179687500e+02 1.868406524658203125e+02 8.964450073242187500e+02 7.357850074768066406e-01 2.000000000000000000e+00
6.082863769531250000e+02 6.041390380859375000e+02 6.551396484375000000e+02 7.019017944335937500e+02 6.757366657257080078e-01 7.000000000000000000e+00
6.176894531250000000e+02 3.490131225585937500e+02 6.460484008789062500e+02 3.900185241699218750e+02 6.091949939727783203e-01 2.000000000000000000e+00
6.578870239257812500e+02 5.203337402343750000e+02 6.948272705078125000e+02 5.810873413085937500e+02 5.605096220970153809e-01 2.000000000000000000e+00
6.994882812500000000e+02 4.796402893066406250e+02 7.538384399414062500e+02 5.811403808593750000e+02 5.072965621948242188e-01 7.000000000000000000e+00
6.842739868164062500e+02 3.746198730468750000e+02 7.111442871093750000e+02 4.183756408691406250e+02 4.662850797176361084e-01 2.000000000000000000e+00
6.527488403320312500e+02 2.763507690429687500e+02 6.759364013671875000e+02 3.053081359863281250e+02 4.651860594749450684e-01 2.000000000000000000e+00
2.845989379882812500e+02 9.614865112304687500e+02 3.295976867675781250e+02 1.013516662597656250e+03 4.382594227790832520e-01 0.000000000000000000e+00
7.047930908203125000e+02 6.038419799804687500e+02 7.744311523437500000e+02 6.942692871093750000e+02 4.118503332138061523e-01 7.000000000000000000e+00
6.647793579101562500e+02 6.135529174804687500e+02 7.124107666015625000e+02 7.012509155273437500e+02 3.768941760063171387e-01 7.000000000000000000e+00
8.942255249023437500e+02 1.843354949951171875e+02 9.136917724609375000e+02 2.005684051513671875e+02 3.668123185634613037e-01 2.000000000000000000e+00
6.166442871093750000e+02 4.232359008789062500e+02 6.478156127929687500e+02 4.644981079101562500e+02 3.610747158527374268e-01 2.000000000000000000e+00
6.806942749023437500e+02 2.570875854492187500e+02 7.023435058593750000e+02 2.770742492675781250e+02 3.391008973121643066e-01 2.000000000000000000e+00
7.644448242187500000e+02 3.260029602050781250e+02 9.010241699218750000e+02 3.762426147460937500e+02 3.288339376449584961e-01 1.300000000000000000e+01
8.737501831054687500e+02 2.639212608337402344e+01 1.396497802734375000e+03 7.923975219726562500e+02 2.739320397377014160e-01 1.300000000000000000e+01
