5.910043334960937500e+02 8.185479736328125000e+01 6.857130126953125000e+02 1.792533569335937500e+02 6.767029762268066406e-01 2.000000000000000000e+00
9.831690063476562500e+02 4.095854187011718750e+02 1.075727050781250000e+03 5.561319580078125000e+02 6.067392826080322266e-01 2.000000000000000000e+00
8.217645263671875000e+02 3.507720336914062500e+02 8.898906860351562500e+02 4.464728393554687500e+02 5.307690501213073730e-01 2.000000000000000000e+00
1.010577636718750000e+03 3.632706451416015625e+01 1.141198730468750000e+03 1.027239761352539062e+02 5.280517339706420898e-01 2.000000000000000000e+00
1.045116088867187500e+03 1.707110595703125000e+02 1.139927734375000000e+03 2.409367675781250000e+02 4.590728878974914551e-01 2.000000000000000000e+00
4.381210937500000000e+02 2.942417907714843750e+02 5.007241516113281250e+02 4.230654296875000000e+02 4.482398629188537598e-01 2.000000000000000000e+00
4.808543090820312500e+02 6.690374755859375000e+02 5.650361328125000000e+02 8.539019165039062500e+02 4.170385897159576416e-01 6.700000000000000000e+01
5.254747314453125000e+02 3.347121276855468750e+02 6.006988525390625000e+02 4.930948486328125000e+02 4.043452441692352295e-01 2.000000000000000000e+00
1.405535125732421875e+02 3.653466415405273438e+01 2.608291931152343750e+02 9.393711090087890625e+01 3.868137001991271973e-01 2.000000000000000000e+00
7.142545776367187500e+02 5.040714111328125000e+02 7.893878173828125000e+02 6.525073852539062500e+02 3.736094832420349121e-01 2.000000000000000000e+00
7.299006958007812500e+02 9.815195312500000000e+02 8.049157714843750000e+02 1.050000000000000000e+03 3.682717978954315186e-01 6.700000000000000000e+01
3.220783386230468750e+02 5.730983352661132812e+01 3.657212524414062500e+02 1.384874267578125000e+02 3.646319508552551270e-01 0.000000000000000000e+00
1.104548950195312500e+03 1.005809249877929688e+02 1.198071166992187500e+03 1.641427154541015625e+02 3.605299293994903564e-01 2.000000000000000000e+00
8.119707641601562500e+02 2.624157714843750000e+02 8.867409667968750000e+02 4.199634704589843750e+02 3.351064026355743408e-01 2.000000000000000000e+00
