3.314689025878906250e+02 9.043408203125000000e+02 4.575968017578125000e+02 1.012290527343750000e+03 8.116476535797119141e-01 2.000000000000000000e+00
1.725951660156250000e+03 7.218887939453125000e+02 1.850802978515625000e+03 8.194107666015625000e+02 8.050904273986816406e-01 2.000000000000000000e+00
1.237508300781250000e+03 4.659430541992187500e+02 1.323776977539062500e+03 5.225872192382812500e+02 7.791855931282043457e-01 2.000000000000000000e+00
1.171689208984375000e+03 4.176021728515625000e+02 1.250854980468750000e+03 4.723592529296875000e+02 7.769886851310729980e-01 2.000000000000000000e+00
1.081823608398437500e+03 3.663950805664062500e+02 1.164725219726562500e+03 4.246012268066406250e+02 6.076933145523071289e-01 2.000000000000000000e+00
8.836967773437500000e+02 2.571430969238281250e+02 9.483271484375000000e+02 3.070159301757812500e+02 5.649167299270629883e-01 2.000000000000000000e+00
1.757193603515625000e+03 3.826938171386718750e+02 1.834252441406250000e+03 4.308727416992187500e+02 5.484381914138793945e-01 2.000000000000000000e+00
9.481195678710937500e+02 2.916629333496093750e+02 1.010778930664062500e+03 3.318466796875000000e+02 5.285977125167846680e-01 2.000000000000000000e+00
4.286697387695312500e+02 1.916625213623046875e+02 5.019662475585937500e+02 2.335151672363281250e+02 5.187030434608459473e-01 2.000000000000000000e+00
3.661882934570312500e+02 5.062174987792968750e+01 4.114651794433593750e+02 8.918297576904296875e+01 4.581130743026733398e-01 2.000000000000000000e+00
1.059417358398437500e+03 5.553212890625000000e+02 1.182150878906250000e+03 6.499190673828125000e+02 4.162442386150360107e-01 5.800000000000000000e+01
9.770062866210937500e+02 3.341936340332031250e+02 1.051843261718750000e+03 3.949839477539062500e+02 4.064874053001403809e-01 2.000000000000000000e+00
1.213607177734375000e+03 6.665839843750000000e+02 1.302102783203125000e+03 7.444611816406250000e+02 3.746232092380523682e-01 2.000000000000000000e+00
1.524488983154296875e+02 9.279724121093750000e+02 2.487657318115234375e+02 1.054873535156250000e+03 3.744494616985321045e-01 2.000000000000000000e+00
4.504635925292968750e+02 2.299899101257324219e+01 5.022756042480468750e+02 5.786095809936523438e+01 3.601012825965881348e-01 2.000000000000000000e+00
1.535502471923828125e+02 2.457533416748046875e+02 2.143283996582031250e+02 2.886780090332031250e+02 3.585875332355499268e-01 2.000000000000000000e+00
1.347600463867187500e+03 5.188209228515625000e+02 1.442921386718750000e+03 5.726231079101562500e+02 3.539088368415832520e-01 2.000000000000000000e+00
1.059693481445312500e+03 5.552790527343750000e+02 1.182001464843750000e+03 6.506987304687500000e+02 3.343559205532073975e-01 7.000000000000000000e+00
5.296735839843750000e+02 6.448336029052734375e+01 5.809700317382812500e+02 9.835939025878906250e+01 3.308829963207244873e-01 2.000000000000000000e+00
1.434786987304687500e+03 0.000000000000000000e+00 1.916000000000000000e+03 4.291712036132812500e+02 3.207677006721496582e-01 7.000000000000000000e+00
1.212469726562500000e+03 6.248570556640625000e+02 1.297998657226562500e+03 7.339335327148437500e+02 2.948967814445495605e-01 5.800000000000000000e+01
1.344346557617187500e+03 5.181776123046875000e+02 1.444680908203125000e+03 5.767112426757812500e+02 2.749430239200592041e-01 1.300000000000000000e+01
8.993300781250000000e+02 5.104504089355468750e+02 9.465706176757812500e+02 5.709622192382812500e+02 2.740449309349060059e-01 5.800000000000000000e+01
