5.917307739257812500e+02 2.552580718994140625e+02 7.533419189453125000e+02 3.794212036132812500e+02 8.026494383811950684e-01 5.000000000000000000e+00
1.795121917724609375e+02 5.387763061523437500e+02 2.868301696777343750e+02 6.107441406250000000e+02 7.947824597358703613e-01 2.000000000000000000e+00
9.184272766113281250e+01 6.018822631835937500e+02 1.895405578613281250e+02 6.640142822265625000e+02 7.552634477615356445e-01 2.000000000000000000e+00
9.192489013671875000e+02 5.494671630859375000e+02 1.105947631835937500e+03 7.033299560546875000e+02 7.539181709289550781e-01 2.000000000000000000e+00
4.060339965820312500e+02 4.394397277832031250e+02 4.708847351074218750e+02 4.873098449707031250e+02 7.358208298683166504e-01 2.000000000000000000e+00
1.037999511718750000e+03 4.527042541503906250e+02 1.233314453125000000e+03 6.219616088867187500e+02 7.270056605339050293e-01 2.000000000000000000e+00
0.000000000000000000e+00 6.539626464843750000e+02 9.711631011962890625e+01 7.268787231445312500e+02 7.213991880416870117e-01 2.000000000000000000e+00
7.717496337890625000e+02 3.389837646484375000e+02 9.705320434570312500e+02 4.821107177734375000e+02 5.428112149238586426e-01 7.000000000000000000e+00
6.538405151367187500e+02 4.495170898437500000e+02 7.962345581054687500e+02 5.933336181640625000e+02 4.756436645984649658e-01 7.000000000000000000e+00
8.234597778320312500e+02 6.325971679687500000e+02 1.005463928222656250e+03 7.836177368164062500e+02 4.419424533843994141e-01 2.000000000000000000e+00
8.278614501953125000e+02 6.326896362304687500e+02 1.006731384277343750e+03 7.816284179687500000e+02 4.381931424140930176e-01 7.000000000000000000e+00
2.187786407470703125e+02 5.496350097656250000e+02 4.573350830078125000e+02 7.485079345703125000e+02 4.305514991283416748e-01 5.000000000000000000e+00
4.641277694702148438e+01 6.845399169921875000e+02 2.376230010986328125e+02 7.860685424804687500e+02 3.689216375350952148e-01 2.000000000000000000e+00
3.375841674804687500e+02 7.568875885009765625e+01 3.990437011718750000e+02 9.713555908203125000e+01 3.646419346332550049e-01 2.000000000000000000e+00
1.140311401367187500e+03 3.067915039062500000e+02 1.316227539062500000e+03 4.030798034667968750e+02 2.740704417228698730e-01 2.000000000000000000e+00
