6.790470581054687500e+02 1.327733993530273438e+00 8.158789062500000000e+02 7.314100646972656250e+01 8.399299979209899902e-01 2.000000000000000000e+00
9.109625244140625000e+02 1.693276214599609375e+02 1.076014770507812500e+03 2.685107421875000000e+02 7.596547603607177734e-01 2.000000000000000000e+00
9.715745239257812500e+02 6.688821411132812500e+02 1.154398803710937500e+03 8.758416137695312500e+02 6.803436279296875000e-01 2.000000000000000000e+00
7.621542968750000000e+02 2.031859588623046875e+02 9.106864013671875000e+02 2.962601318359375000e+02 5.869955420494079590e-01 2.000000000000000000e+00
1.642579956054687500e+02 7.956963500976562500e+02 3.110078735351562500e+02 1.038803833007812500e+03 5.780768394470214844e-01 6.700000000000000000e+01
1.032335937500000000e+03 2.946289978027343750e+02 1.133444702148437500e+03 3.781747741699218750e+02 4.618080556392669678e-01 2.000000000000000000e+00
8.745783691406250000e+02 2.848363647460937500e+02 1.051384033203125000e+03 4.410809326171875000e+02 4.049565792083740234e-01 2.000000000000000000e+00
6.465491333007812500e+02 5.313349609375000000e+02 8.372863159179687500e+02 7.462689819335937500e+02 3.876574337482452393e-01 2.000000000000000000e+00
6.250693359375000000e+02 1.141842727661132812e+02 8.138811035156250000e+02 2.712957458496093750e+02 3.545691967010498047e-01 2.000000000000000000e+00
7.286830444335937500e+02 6.832822265625000000e+02 8.605442504882812500e+02 8.175108032226562500e+02 2.778460979461669922e-01 2.000000000000000000e+00
5.768662109375000000e+02 7.195529174804687500e+02 7.390976562500000000e+02 9.574948120117187500e+02 2.748034596443176270e-01 6.700000000000000000e+01
