8.825402221679687500e+02 4.002673339843750000e+02 9.158887939453125000e+02 4.361731567382812500e+02 7.236283421516418457e-01 2.000000000000000000e+00
7.649896240234375000e+02 1.896124420166015625e+02 8.117715454101562500e+02 2.214252777099609375e+02 4.625042378902435303e-01 2.000000000000000000e+00
4.923165283203125000e+02 3.618704223632812500e+02 5.373298339843750000e+02 3.986921997070312500e+02 4.241129159927368164e-01 2.000000000000000000e+00
4.967925109863281250e+02 2.741491394042968750e+02 5.451210937500000000e+02 3.095170593261718750e+02 4.089079201221466064e-01 2.000000000000000000e+00
1.653508056640625000e+03 8.245676269531250000e+02 1.759742675781250000e+03 9.287709350585937500e+02 4.038057327270507812e-01 7.000000000000000000e+00
1.792930755615234375e+02 8.642857055664062500e+02 3.897135314941406250e+02 9.814282226562500000e+02 3.570424020290374756e-01 7.000000000000000000e+00
4.429911193847656250e+02 3.755712890625000000e+02 4.918451232910156250e+02 4.164957885742187500e+02 3.509919047355651855e-01 2.000000000000000000e+00
1.106938964843750000e+03 7.491394042968750000e+02 1.218415649414062500e+03 9.430755615234375000e+02 3.174221813678741455e-01 5.000000000000000000e+00
8.780511474609375000e+02 3.313545837402343750e+02 9.140971069335937500e+02 3.798041992187500000e+02 3.056094348430633545e-01 2.000000000000000000e+00
5.863604125976562500e+02 3.437799377441406250e+02 6.489227294921875000e+02 3.767870178222656250e+02 3.055094480514526367e-01 2.000000000000000000e+00
4.967660217285156250e+02 3.590869750976562500e+02 5.734465332031250000e+02 3.955281677246093750e+02 2.963183522224426270e-01 2.000000000000000000e+00
6.303252563476562500e+02 3.112022705078125000e+02 6.903721923828125000e+02 3.365643920898437500e+02 2.836530804634094238e-01 2.000000000000000000e+00
