4.528400573730468750e+02 2.306461639404296875e+02 4.851051025390625000e+02 2.608503417968750000e+02 6.124031543731689453e-01 2.000000000000000000e+00
5.341046142578125000e+02 3.319666442871093750e+02 5.636618041992187500e+02 3.673897399902343750e+02 6.123280525207519531e-01 2.000000000000000000e+00
4.057506713867187500e+02 1.828460693359375000e+02 4.357612915039062500e+02 2.095530853271484375e+02 5.931597352027893066e-01 2.000000000000000000e+00
2.874779968261718750e+02 5.416375732421875000e+01 3.122524719238281250e+02 7.325943756103515625e+01 5.595490932464599609e-01 2.000000000000000000e+00
6.995626220703125000e+02 4.075613098144531250e+02 7.410725097656250000e+02 4.502947082519531250e+02 5.477377772331237793e-01 2.000000000000000000e+00
3.345190429687500000e+02 6.671518707275390625e+01 3.584257202148437500e+02 8.654692840576171875e+01 5.170184969902038574e-01 2.000000000000000000e+00
3.140485534667968750e+02 2.714369506835937500e+02 3.440765991210937500e+02 2.893621826171875000e+02 5.129659771919250488e-01 2.000000000000000000e+00
3.697967834472656250e+02 6.153997802734375000e+01 4.028824462890625000e+02 8.211476135253906250e+01 4.458363056182861328e-01 2.000000000000000000e+00
4.909913635253906250e+02 2.347595367431640625e+02 5.176719360351562500e+02 2.588698730468750000e+02 4.194245338439941406e-01 2.000000000000000000e+00
6.926480712890625000e+02 3.176473083496093750e+02 7.321260375976562500e+02 3.643208923339843750e+02 4.051290750503540039e-01 2.000000000000000000e+00
3.307294006347656250e+02 9.772280883789062500e+01 3.548837585449218750e+02 1.155488815307617188e+02 4.021160900592803955e-01 2.000000000000000000e+00
5.298376464843750000e+02 2.199659271240234375e+02 5.580389404296875000e+02 2.441827392578125000e+02 4.017108678817749023e-01 2.000000000000000000e+00
7.231613769531250000e+02 1.222737197875976562e+02 1.047241943359375000e+03 2.732855834960937500e+02 4.004822671413421631e-01 6.000000000000000000e+00
5.541818237304687500e+02 2.003542327880859375e+02 5.916825561523437500e+02 2.268144836425781250e+02 3.684226572513580322e-01 2.000000000000000000e+00
7.327079467773437500e+02 3.198509521484375000e+02 7.718217773437500000e+02 3.630700988769531250e+02 3.586889207363128662e-01 2.000000000000000000e+00
9.920705566406250000e+02 2.600123596191406250e+02 1.037436767578125000e+03 2.821058654785156250e+02 3.090179860591888428e-01 2.000000000000000000e+00
3.250182189941406250e+02 1.307573890686035156e+01 3.571973876953125000e+02 3.300916290283203125e+01 2.892549932003021240e-01 2.000000000000000000e+00
3.398013916015625000e+02 1.244768333435058594e+01 3.634911193847656250e+02 3.226916503906250000e+01 2.621506452560424805e-01 2.000000000000000000e+00
6.201647949218750000e+02 3.389572753906250000e+02 6.559047241210937500e+02 3.757814941406250000e+02 2.549715638160705566e-01 2.000000000000000000e+00
