8.910397338867187500e+02 4.538506469726562500e+02 9.755120239257812500e+02 5.200416870117187500e+02 8.294601440429687500e-01 2.000000000000000000e+00
2.589978027343750000e+02 4.292947998046875000e+02 3.407821655273437500e+02 5.960354614257812500e+02 7.552794814109802246e-01 5.000000000000000000e+00
7.949256591796875000e+02 4.575968322753906250e+02 8.761695556640625000e+02 5.465792236328125000e+02 7.113976478576660156e-01 2.000000000000000000e+00
9.686395263671875000e+02 3.905982360839843750e+02 1.073000732421875000e+03 4.672428894042968750e+02 6.225026249885559082e-01 7.000000000000000000e+00
3.153212890625000000e+02 3.696218566894531250e+02 3.570430908203125000e+02 4.138842773437500000e+02 5.875024199485778809e-01 2.000000000000000000e+00
9.640926513671875000e+02 3.896047668457031250e+02 1.073240478515625000e+03 4.668072204589843750e+02 4.413382112979888916e-01 2.000000000000000000e+00
6.817837524414062500e+02 5.171557006835937500e+02 7.941176757812500000e+02 6.141752929687500000e+02 3.828915655612945557e-01 5.000000000000000000e+00
7.516100463867187500e+02 3.697101135253906250e+02 8.282960815429687500e+02 4.345852355957031250e+02 3.174757659435272217e-01 5.000000000000000000e+00
5.008953857421875000e+02 5.335888671875000000e+02 5.223304443359375000e+02 5.592826538085937500e+02 2.562180757522583008e-01 0.000000000000000000e+00
6.810253295898437500e+02 5.219913940429687500e+02 7.958489379882812500e+02 6.138265991210937500e+02 2.516723275184631348e-01 7.000000000000000000e+00
