1.668769897460937500e+03 9.074620971679687500e+02 1.819102050781250000e+03 1.006610351562500000e+03 8.463298678398132324e-01 2.000000000000000000e+00
1.209215942382812500e+03 8.249217529296875000e+02 1.319553833007812500e+03 8.981655883789062500e+02 7.658469676971435547e-01 2.000000000000000000e+00
1.026547119140625000e+03 8.710246582031250000e+02 1.268622802734375000e+03 1.070923583984375000e+03 7.459035515785217285e-01 2.000000000000000000e+00
9.769080200195312500e+02 7.412355957031250000e+02 1.098526123046875000e+03 8.174212646484375000e+02 6.889715790748596191e-01 2.000000000000000000e+00
1.015781250000000000e+03 5.077242431640625000e+02 1.167358886718750000e+03 6.364864501953125000e+02 6.165910959243774414e-01 2.000000000000000000e+00
6.179723510742187500e+02 8.630773162841796875e+01 7.005220336914062500e+02 1.493737792968750000e+02 6.112409830093383789e-01 2.000000000000000000e+00
1.642545532226562500e+03 5.720546875000000000e+02 1.769079711914062500e+03 6.666237792968750000e+02 5.224240422248840332e-01 2.000000000000000000e+00
1.640094970703125000e+03 5.716731567382812500e+02 1.768779785156250000e+03 6.668150634765625000e+02 4.420931637287139893e-01 7.000000000000000000e+00
8.557357788085937500e+02 9.175255584716796875e+01 1.152093872070312500e+03 2.905450744628906250e+02 4.169797003269195557e-01 7.000000000000000000e+00
8.936828002929687500e+02 3.328452758789062500e+02 1.035798706054687500e+03 4.335596008300781250e+02 3.861421942710876465e-01 2.000000000000000000e+00
5.036185302734375000e+02 2.486780853271484375e+02 6.123988037109375000e+02 3.514262390136718750e+02 3.421164751052856445e-01 7.000000000000000000e+00
1.469599609375000000e+03 2.644052734375000000e+02 1.507690429687500000e+03 3.448425292968750000e+02 2.944551408290863037e-01 0.000000000000000000e+00
1.027610229492187500e+03 1.908332061767578125e+02 1.245280151367187500e+03 3.008828430175781250e+02 2.608555555343627930e-01 7.000000000000000000e+00
1.348309082031250000e+03 3.092001037597656250e+02 1.368044189453125000e+03 3.539628906250000000e+02 2.547347843647003174e-01 0.000000000000000000e+00
8.907176513671875000e+02 3.343554992675781250e+02 1.045840209960937500e+03 4.591662292480468750e+02 2.516789138317108154e-01 7.000000000000000000e+00
