5.423558959960937500e+02 3.093040466308593750e+02 5.942111206054687500e+02 3.540967102050781250e+02 7.912138104438781738e-01 2.000000000000000000e+00
3.684955749511718750e+02 4.556821594238281250e+02 4.436882324218750000e+02 5.229267578125000000e+02 7.855244278907775879e-01 2.000000000000000000e+00
6.688268432617187500e+02 1.950649871826171875e+02 7.084181518554687500e+02 2.351860351562500000e+02 7.589330673217773438e-01 2.000000000000000000e+00
2.810983886718750000e+02 4.547195129394531250e+02 3.548496704101562500e+02 5.203961181640625000e+02 7.061628103256225586e-01 2.000000000000000000e+00
9.296929931640625000e+02 2.323101043701171875e+02 9.625905151367187500e+02 2.793666381835937500e+02 6.090221405029296875e-01 2.000000000000000000e+00
6.563917236328125000e+02 7.115169525146484375e+01 7.342693481445312500e+02 1.807314758300781250e+02 6.015959978103637695e-01 7.000000000000000000e+00
7.306757812500000000e+02 1.030367202758789062e+02 7.695344848632812500e+02 1.389340820312500000e+02 5.885910391807556152e-01 2.000000000000000000e+00
8.694690551757812500e+02 3.914915161132812500e+02 9.191519775390625000e+02 4.570520935058593750e+02 5.498391389846801758e-01 2.000000000000000000e+00
4.355593872070312500e+02 3.786185302734375000e+02 4.981524353027343750e+02 4.338457031250000000e+02 5.020259618759155273e-01 2.000000000000000000e+00
5.176012573242187500e+02 2.072885589599609375e+02 5.613639526367187500e+02 2.580873107910156250e+02 4.647611975669860840e-01 2.000000000000000000e+00
7.652106323242187500e+02 4.914980697631835938e+01 7.917614135742187500e+02 8.154834747314453125e+01 4.645335972309112549e-01 2.000000000000000000e+00
1.079539550781250000e+03 7.166526794433593750e+01 1.104723632812500000e+03 1.084821624755859375e+02 3.990695178508758545e-01 2.000000000000000000e+00
7.944345703125000000e+02 4.636114883422851562e+01 8.286104125976562500e+02 9.660979461669921875e+01 3.960580527782440186e-01 2.000000000000000000e+00
5.040867996215820312e+01 5.022966308593750000e+02 2.050449523925781250e+02 6.568438110351562500e+02 3.630033731460571289e-01 7.000000000000000000e+00
1.817655334472656250e+02 2.161756744384765625e+02 2.432397460937500000e+02 2.580986022949218750e+02 3.478894531726837158e-01 2.000000000000000000e+00
6.510908813476562500e+02 6.859358978271484375e+01 7.385122070312500000e+02 1.795213012695312500e+02 3.375043570995330811e-01 5.000000000000000000e+00
4.419233093261718750e+02 1.977630004882812500e+02 4.744974060058593750e+02 2.171358795166015625e+02 3.148861825466156006e-01 2.000000000000000000e+00
5.944258880615234375e+01 9.430392456054687500e+01 2.383163299560546875e+02 2.521796417236328125e+02 3.016367852687835693e-01 5.000000000000000000e+00
4.189856262207031250e+02 4.396911239624023438e+01 4.709221801757812500e+02 6.638810729980468750e+01 2.939793467521667480e-01 2.000000000000000000e+00
1.007121154785156250e+03 8.422526717185974121e-01 1.036341186523437500e+03 3.309576034545898438e+01 2.792413830757141113e-01 2.000000000000000000e+00
1.105449340820312500e+03 2.302962951660156250e+02 1.135564575195312500e+03 2.944319458007812500e+02 2.727805972099304199e-01 2.000000000000000000e+00
