1.076721313476562500e+03 5.180758666992187500e+02 1.244460815429687500e+03 7.179667968750000000e+02 8.602815270423889160e-01 5.000000000000000000e+00
1.080117797851562500e+03 3.855949096679687500e+02 1.139691162109375000e+03 4.433983764648437500e+02 7.357649803161621094e-01 2.000000000000000000e+00
1.234922973632812500e+03 4.327123107910156250e+02 1.304412719726562500e+03 4.918054199218750000e+02 6.800360679626464844e-01 2.000000000000000000e+00
9.090792846679687500e+02 1.590911102294921875e+02 9.810314331054687500e+02 2.048695526123046875e+02 6.189168691635131836e-01 2.000000000000000000e+00
8.703356933593750000e+02 2.036762542724609375e+02 9.176785888671875000e+02 2.400631713867187500e+02 5.545441508293151855e-01 2.000000000000000000e+00
8.130672607421875000e+02 1.187032623291015625e+02 8.466484375000000000e+02 1.471001434326171875e+02 5.182748436927795410e-01 2.000000000000000000e+00
8.377617797851562500e+02 3.823721923828125000e+02 8.942554321289062500e+02 4.392780761718750000e+02 5.182654857635498047e-01 2.000000000000000000e+00
1.003346862792968750e+03 2.991714782714843750e+02 1.052620239257812500e+03 3.474431762695312500e+02 4.934208393096923828e-01 2.000000000000000000e+00
1.333287109375000000e+03 9.048306274414062500e+02 1.428560913085937500e+03 9.980341186523437500e+02 4.726313352584838867e-01 2.000000000000000000e+00
1.735978507995605469e+01 6.612395019531250000e+02 6.838251953125000000e+02 1.066553833007812500e+03 4.491088688373565674e-01 7.000000000000000000e+00
1.335028198242187500e+03 9.079523315429687500e+02 1.434674072265625000e+03 9.999650268554687500e+02 4.172610342502593994e-01 7.000000000000000000e+00
9.265227050781250000e+02 2.888136596679687500e+02 9.727717895507812500e+02 3.318997192382812500e+02 4.159571230411529541e-01 2.000000000000000000e+00
8.608717651367187500e+02 1.864519348144531250e+02 9.058573608398437500e+02 2.313694610595703125e+02 4.048232734203338623e-01 2.000000000000000000e+00
1.575360839843750000e+03 7.726944580078125000e+02 1.720615844726562500e+03 8.752673339843750000e+02 3.951292932033538818e-01 7.000000000000000000e+00
6.923067016601562500e+02 7.797218322753906250e+01 7.283126220703125000e+02 1.185281219482421875e+02 3.660896420478820801e-01 2.000000000000000000e+00
7.922374267578125000e+02 2.893962402343750000e+02 8.575729980468750000e+02 3.620766601562500000e+02 3.509732484817504883e-01 2.000000000000000000e+00
9.407339477539062500e+02 2.010978851318359375e+02 1.013447326660156250e+03 2.568021545410156250e+02 2.911834418773651123e-01 2.000000000000000000e+00
5.546865234375000000e+02 1.061295700073242188e+02 6.406763305664062500e+02 1.699390716552734375e+02 2.881722450256347656e-01 7.000000000000000000e+00
6.864923095703125000e+02 6.807908630371093750e+01 7.204071655273437500e+02 1.087087860107421875e+02 2.624405920505523682e-01 2.000000000000000000e+00
