9.823932495117187500e+02 5.313242797851562500e+02 1.200007446289062500e+03 6.531334838867187500e+02 7.885459065437316895e-01 2.000000000000000000e+00
3.097019348144531250e+02 1.591494293212890625e+02 4.522056884765625000e+02 2.968509521484375000e+02 6.905049681663513184e-01 6.700000000000000000e+01
4.121325073242187500e+02 0.000000000000000000e+00 5.073526306152343750e+02 1.196871337890625000e+02 5.915818214416503906e-01 6.700000000000000000e+01
1.288681030273437500e+02 4.250132751464843750e+02 3.385481872558593750e+02 6.031041870117187500e+02 5.885173082351684570e-01 2.000000000000000000e+00
4.107195434570312500e+02 6.022500991821289062e-01 5.101435852050781250e+02 1.170729064941406250e+02 4.975310564041137695e-01 3.900000000000000000e+01
8.304612731933593750e+01 7.434140205383300781e+00 1.838705444335937500e+02 1.823913574218750000e+02 4.311120510101318359e-01 6.700000000000000000e+01
2.033379821777343750e+02 1.740072441101074219e+01 3.193275451660156250e+02 2.245313720703125000e+02 3.961157798767089844e-01 6.700000000000000000e+01
6.923898315429687500e+02 6.474277954101562500e+02 8.743098754882812500e+02 7.356834716796875000e+02 3.655679523944854736e-01 6.700000000000000000e+01
5.321103515625000000e+02 8.957397937774658203e-01 6.483971557617187500e+02 1.532084808349609375e+02 3.406983315944671631e-01 3.900000000000000000e+01
5.374738769531250000e+02 3.291831665039062500e+02 7.210513305664062500e+02 4.196649475097656250e+02 3.173822462558746338e-01 2.000000000000000000e+00
5.317718505859375000e+02 1.109730005264282227e+00 6.466221313476562500e+02 1.524972839355468750e+02 2.546138465404510498e-01 6.700000000000000000e+01
