2.063845672607421875e+02 2.219589843750000000e+02 3.118269042968750000e+02 2.891700134277343750e+02 8.111451864242553711e-01 2.000000000000000000e+00
4.198369750976562500e+02 1.217368240356445312e+02 4.888840026855468750e+02 1.715326995849609375e+02 7.714913487434387207e-01 2.000000000000000000e+00
1.266667861938476562e+02 2.800871276855468750e+02 2.135731048583984375e+02 3.388206481933593750e+02 7.055390477180480957e-01 2.000000000000000000e+00
3.949171066284179688e+01 3.269440307617187500e+02 1.286354827880859375e+02 3.977341003417968750e+02 6.878650784492492676e-01 2.000000000000000000e+00
7.262528686523437500e+02 6.570663452148437500e+02 9.041176757812500000e+02 7.880000000000000000e+02 5.750522613525390625e-01 2.000000000000000000e+00
6.094817504882812500e+02 5.002623291015625000e+02 7.265427856445312500e+02 6.076585083007812500e+02 5.482831001281738281e-01 2.000000000000000000e+00
9.322449340820312500e+02 2.492711944580078125e+02 1.111427490234375000e+03 3.942282409667968750e+02 5.417094826698303223e-01 2.000000000000000000e+00
8.331267700195312500e+02 3.244332580566406250e+02 1.063035156250000000e+03 5.635995483398437500e+02 5.332797765731811523e-01 7.000000000000000000e+00
6.727705078125000000e+02 1.327587890625000000e+02 8.192026977539062500e+02 2.891890563964843750e+02 4.889547824859619141e-01 7.000000000000000000e+00
2.982971801757812500e+02 6.045393066406250000e+02 4.267822265625000000e+02 7.832383422851562500e+02 4.863938391208648682e-01 2.000000000000000000e+00
4.123083190917968750e+02 5.438770751953125000e+02 5.531117553710937500e+02 7.712320556640625000e+02 4.608809351921081543e-01 2.000000000000000000e+00
8.002436523437500000e+02 3.115899276733398438e+01 9.838717651367187500e+02 1.749008026123046875e+02 4.343700706958770752e-01 7.000000000000000000e+00
8.338453979492187500e+02 3.267855529785156250e+02 1.060950805664062500e+03 5.587062377929687500e+02 4.313708841800689697e-01 2.000000000000000000e+00
6.125264282226562500e+02 0.000000000000000000e+00 7.228150634765625000e+02 6.238466262817382812e+01 4.198888540267944336e-01 2.000000000000000000e+00
9.193557128906250000e+02 2.004651451110839844e+01 1.008613647460937500e+03 1.051632461547851562e+02 3.854545056819915771e-01 2.000000000000000000e+00
2.483112487792968750e+02 4.335653076171875000e+02 3.681162109375000000e+02 5.493563842773437500e+02 3.751286566257476807e-01 2.000000000000000000e+00
1.055940307617187500e+03 1.470405426025390625e+02 1.275569946289062500e+03 3.232001647949218750e+02 3.737271130084991455e-01 7.000000000000000000e+00
4.144904479980468750e+02 5.307973022460937500e+02 5.626712646484375000e+02 7.633258056640625000e+02 3.494017720222473145e-01 9.000000000000000000e+00
8.009148559570312500e+02 2.697329139709472656e+01 9.937573242187500000e+02 1.715168304443359375e+02 3.419499695301055908e-01 2.000000000000000000e+00
7.262869873046875000e+02 6.726360473632812500e+02 8.203159790039062500e+02 7.857981567382812500e+02 3.355213105678558350e-01 2.000000000000000000e+00
5.962129516601562500e+02 5.119350585937500000e+02 6.849762573242187500e+02 6.391438598632812500e+02 3.245497643947601318e-01 2.000000000000000000e+00
2.415341339111328125e+02 2.332089080810546875e+02 4.778033447265625000e+02 4.270217590332031250e+02 3.182098269462585449e-01 5.000000000000000000e+00
6.117607421875000000e+02 0.000000000000000000e+00 7.159748535156250000e+02 6.126418685913085938e+01 2.919517457485198975e-01 7.000000000000000000e+00
2.400852355957031250e+02 2.341341247558593750e+02 4.773775939941406250e+02 4.309948425292968750e+02 2.837964594364166260e-01 7.000000000000000000e+00
