6.296790161132812500e+02 7.733953857421875000e+02 7.100930175781250000e+02 8.490544433593750000e+02 6.352847814559936523e-01 2.000000000000000000e+00
1.194765625000000000e+03 7.246462402343750000e+02 1.696411010742187500e+03 1.029572021484375000e+03 5.745615959167480469e-01 7.000000000000000000e+00
1.739400756835937500e+03 8.218843383789062500e+02 1.915055541992187500e+03 1.072499389648437500e+03 5.457861423492431641e-01 7.000000000000000000e+00
4.708012084960937500e+02 3.441945800781250000e+02 5.331671142578125000e+02 3.821976928710937500e+02 4.952088594436645508e-01 2.000000000000000000e+00
1.177219238281250000e+03 4.264944763183593750e+02 1.286103271484375000e+03 5.116608581542968750e+02 4.945103526115417480e-01 7.000000000000000000e+00
6.553892211914062500e+02 7.480713500976562500e+02 7.596038818359375000e+02 8.274228515625000000e+02 3.881884515285491943e-01 2.000000000000000000e+00
1.741910278320312500e+03 8.311927490234375000e+02 1.915201293945312500e+03 1.070739135742187500e+03 3.774999678134918213e-01 5.000000000000000000e+00
3.199452819824218750e+02 3.822122497558593750e+02 3.727328796386718750e+02 4.235520019531250000e+02 3.636530339717864990e-01 2.000000000000000000e+00
9.690833740234375000e+02 5.683629150390625000e+02 1.082070800781250000e+03 6.462492675781250000e+02 3.628845810890197754e-01 2.000000000000000000e+00
1.307983398437500000e+03 2.535415191650390625e+02 1.396095458984375000e+03 3.032681274414062500e+02 3.530315458774566650e-01 2.000000000000000000e+00
1.477440307617187500e+03 2.550273704528808594e+01 1.898793823242187500e+03 1.530281066894531250e+02 3.309712111949920654e-01 6.000000000000000000e+00
1.793130493164062500e+03 6.505609130859375000e+02 1.913429443359375000e+03 7.332952270507812500e+02 3.287344276905059814e-01 7.000000000000000000e+00
5.115499877929687500e+02 8.332658081054687500e+02 6.173715209960937500e+02 9.333629760742187500e+02 3.271658718585968018e-01 2.000000000000000000e+00
4.843825912475585938e+01 4.826564941406250000e+02 1.162118377685546875e+02 5.255068969726562500e+02 3.243762850761413574e-01 2.000000000000000000e+00
