1.018774291992187500e+03 6.786207885742187500e+02 1.102037231445312500e+03 7.202796630859375000e+02 6.450597047805786133e-01 2.000000000000000000e+00
1.017258789062500000e+03 1.007653991699218750e+03 1.119490112304687500e+03 1.069602905273437500e+03 4.893319606781005859e-01 2.000000000000000000e+00
1.045630371093750000e+03 4.589422607421875000e+02 1.079768310546875000e+03 4.941496887207031250e+02 4.762027263641357422e-01 2.000000000000000000e+00
0.000000000000000000e+00 8.943743896484375000e+02 1.231278610229492188e+02 9.899394531250000000e+02 4.642047584056854248e-01 2.000000000000000000e+00
7.867108764648437500e+02 5.759889526367187500e+02 8.333464355468750000e+02 6.320339355468750000e+02 4.448921680450439453e-01 2.000000000000000000e+00
7.524166870117187500e+02 1.033474731445312500e+03 8.231387329101562500e+02 1.078000000000000000e+03 4.094972312450408936e-01 2.000000000000000000e+00
9.246483154296875000e+02 4.351232604980468750e+02 9.592630004882812500e+02 4.716754760742187500e+02 4.064284265041351318e-01 2.000000000000000000e+00
8.929623413085937500e+02 4.294177551269531250e+02 9.575230712890625000e+02 4.692664794921875000e+02 4.002876877784729004e-01 2.000000000000000000e+00
0.000000000000000000e+00 8.899609985351562500e+02 2.090394134521484375e+02 1.069467895507812500e+03 3.914723992347717285e-01 2.000000000000000000e+00
8.285430908203125000e+02 4.158153991699218750e+02 8.690697631835937500e+02 4.560355224609375000e+02 3.844893574714660645e-01 2.000000000000000000e+00
1.022878540039062500e+03 7.944109497070312500e+02 1.100197265625000000e+03 8.481469726562500000e+02 3.318950831890106201e-01 2.000000000000000000e+00
1.111464721679687500e+03 8.070899047851562500e+02 1.164390136718750000e+03 8.864949951171875000e+02 3.286389708518981934e-01 2.000000000000000000e+00
7.337515869140625000e+02 4.075496520996093750e+02 7.706731567382812500e+02 4.402365112304687500e+02 3.267704844474792480e-01 2.000000000000000000e+00
1.267456130981445312e+02 1.441602783203125000e+02 2.798055114746093750e+02 2.376152496337890625e+02 2.941915094852447510e-01 7.000000000000000000e+00
5.573103027343750000e+02 3.706763916015625000e+02 6.818362426757812500e+02 4.369183959960937500e+02 2.666145265102386475e-01 7.000000000000000000e+00
1.022747070312500000e+03 7.970515747070312500e+02 1.098420166015625000e+03 8.457312622070312500e+02 2.638014853000640869e-01 7.000000000000000000e+00
8.912764282226562500e+02 5.078225708007812500e+02 9.622825927734375000e+02 5.469025878906250000e+02 2.544710338115692139e-01 2.000000000000000000e+00
