6.060460205078125000e+02 3.644422302246093750e+02 6.328236694335937500e+02 3.971287536621093750e+02 7.037703990936279297e-01 2.000000000000000000e+00
6.671676635742187500e+02 2.425959777832031250e+02 6.897979736328125000e+02 2.635296936035156250e+02 6.451761126518249512e-01 2.000000000000000000e+00
5.687342529296875000e+02 3.951640625000000000e+02 5.988701782226562500e+02 4.347021484375000000e+02 6.295791864395141602e-01 2.000000000000000000e+00
5.688164062500000000e+02 2.655455017089843750e+02 5.955513305664062500e+02 2.923804931640625000e+02 5.449913144111633301e-01 2.000000000000000000e+00
5.353007202148437500e+02 2.798062133789062500e+02 5.609161987304687500e+02 3.057758178710937500e+02 5.288026928901672363e-01 2.000000000000000000e+00
4.712333068847656250e+02 5.536347656250000000e+02 5.012592468261718750e+02 6.039976196289062500e+02 4.896040558815002441e-01 2.000000000000000000e+00
7.253001708984375000e+02 3.269569702148437500e+02 7.850313110351562500e+02 4.277470703125000000e+02 4.850055575370788574e-01 7.000000000000000000e+00
6.975217285156250000e+02 2.839934387207031250e+02 7.230087890625000000e+02 3.092503662109375000e+02 4.628544151782989502e-01 2.000000000000000000e+00
6.126249389648437500e+02 5.521915893554687500e+02 6.569522705078125000e+02 6.136959228515625000e+02 3.544937074184417725e-01 2.000000000000000000e+00
7.221838378906250000e+02 5.625031127929687500e+02 7.641261596679687500e+02 6.227637939453125000e+02 3.534712195396423340e-01 2.000000000000000000e+00
5.599671020507812500e+02 1.045906448364257812e+02 5.787350463867187500e+02 1.211420669555664062e+02 3.277628719806671143e-01 2.000000000000000000e+00
1.233883422851562500e+03 4.762053527832031250e+02 1.309673339843750000e+03 5.401894531250000000e+02 2.890255153179168701e-01 5.800000000000000000e+01
7.203809204101562500e+02 3.231614379882812500e+02 7.880481567382812500e+02 4.250588989257812500e+02 2.743659913539886475e-01 5.000000000000000000e+00
6.190645751953125000e+02 9.505613708496093750e+01 6.443948974609375000e+02 1.166513290405273438e+02 2.652186453342437744e-01 2.000000000000000000e+00
