0.000000000000000000e+00 8.247194824218750000e+02 1.472073669433593750e+02 9.375232543945312500e+02 8.695041537284851074e-01 2.000000000000000000e+00
9.717756347656250000e+02 8.364794311523437500e+02 1.053805786132812500e+03 9.629281005859375000e+02 8.471619486808776855e-01 2.000000000000000000e+00
2.142748870849609375e+02 6.635209350585937500e+02 2.940765686035156250e+02 7.664185791015625000e+02 7.807483673095703125e-01 2.000000000000000000e+00
1.105683471679687500e+03 8.089539184570312500e+02 1.214852661132812500e+03 9.311313476562500000e+02 7.574515938758850098e-01 2.000000000000000000e+00
7.833832502365112305e-01 7.700000000000000000e+02 8.041300201416015625e+01 8.366335449218750000e+02 7.314992547035217285e-01 2.000000000000000000e+00
9.111536865234375000e+02 6.556343383789062500e+02 9.601279907226562500e+02 7.191350097656250000e+02 7.155358195304870605e-01 2.000000000000000000e+00
6.525894165039062500e+02 4.522807006835937500e+02 6.865952758789062500e+02 4.993005981445312500e+02 6.558460593223571777e-01 2.000000000000000000e+00
8.766459350585937500e+02 7.491523437500000000e+02 9.462117919921875000e+02 8.348797607421875000e+02 5.652167201042175293e-01 2.000000000000000000e+00
1.025391479492187500e+03 8.020154418945312500e+02 1.101264526367187500e+03 8.990772094726562500e+02 5.593617558479309082e-01 2.000000000000000000e+00
8.502683715820312500e+02 8.394544677734375000e+02 8.857430419921875000e+02 8.848917846679687500e+02 4.849776327610015869e-01 0.000000000000000000e+00
2.360317707061767578e+00 0.000000000000000000e+00 1.930995941162109375e+02 6.647543945312500000e+02 4.740161001682281494e-01 5.000000000000000000e+00
1.182229370117187500e+03 8.114816894531250000e+02 1.276055786132812500e+03 9.198843383789062500e+02 4.574321806430816650e-01 2.000000000000000000e+00
1.219737304687500000e+03 7.701140136718750000e+02 1.393157226562500000e+03 9.109125366210937500e+02 4.422039389610290527e-01 2.000000000000000000e+00
8.535458984375000000e+02 5.397128906250000000e+02 9.101092529296875000e+02 6.003296508789062500e+02 4.369403123855590820e-01 2.000000000000000000e+00
2.560895690917968750e+02 7.713024291992187500e+02 3.008389282226562500e+02 8.296372680664062500e+02 4.235750138759613037e-01 0.000000000000000000e+00
8.171734619140625000e+02 5.545180053710937500e+02 8.340543212890625000e+02 6.011854248046875000e+02 4.226319789886474609e-01 9.000000000000000000e+00
1.211124191284179688e+02 6.893124389648437500e+02 1.757177734375000000e+02 7.273353271484375000e+02 3.664451539516448975e-01 2.000000000000000000e+00
9.651311035156250000e+02 7.711909179687500000e+02 9.835612792968750000e+02 8.098925170898437500e+02 2.635203599929809570e-01 0.000000000000000000e+00
