9.579483032226562500e+02 5.228638305664062500e+02 1.030668579101562500e+03 5.855208129882812500e+02 6.345279812812805176e-01 2.000000000000000000e+00
1.003208557128906250e+03 4.919162597656250000e+02 1.066341308593750000e+03 5.320138549804687500e+02 6.234781742095947266e-01 2.000000000000000000e+00
5.414661254882812500e+02 6.479145507812500000e+02 6.316336669921875000e+02 7.189963989257812500e+02 6.114165186882019043e-01 7.000000000000000000e+00
6.295112915039062500e+02 8.899611816406250000e+02 7.286466064453125000e+02 9.722434082031250000e+02 4.899034202098846436e-01 2.000000000000000000e+00
1.223142211914062500e+03 7.307237548828125000e+02 1.432186157226562500e+03 8.897681884765625000e+02 4.138721525669097900e-01 7.000000000000000000e+00
1.593101043701171875e+02 8.017033691406250000e+02 2.642727966308593750e+02 8.924519653320312500e+02 4.061759412288665771e-01 7.000000000000000000e+00
6.755629272460937500e+02 8.404672851562500000e+02 7.703332519531250000e+02 9.051077270507812500e+02 3.985317945480346680e-01 2.000000000000000000e+00
5.645830688476562500e+02 9.687913208007812500e+02 6.730472412109375000e+02 1.067290527343750000e+03 3.394899964332580566e-01 7.000000000000000000e+00
6.280527954101562500e+02 8.926220092773437500e+02 7.260634155273437500e+02 9.650112304687500000e+02 3.348757028579711914e-01 7.000000000000000000e+00
1.640176635742187500e+03 3.346891174316406250e+02 1.711819458007812500e+03 3.797170715332031250e+02 3.203667402267456055e-01 2.000000000000000000e+00
9.105895996093750000e+02 5.853491821289062500e+02 1.090992797851562500e+03 6.969844360351562500e+02 3.163186013698577881e-01 7.000000000000000000e+00
9.041913452148437500e+02 5.831303100585937500e+02 1.093572875976562500e+03 7.011267089843750000e+02 2.963818311691284180e-01 5.000000000000000000e+00
0.000000000000000000e+00 8.051960449218750000e+02 3.512220382690429688e+01 8.845126953125000000e+02 2.923775315284729004e-01 2.000000000000000000e+00
1.725983734130859375e+02 8.019356079101562500e+02 2.624030456542968750e+02 8.865772094726562500e+02 2.873608767986297607e-01 2.000000000000000000e+00
5.608762207031250000e+02 9.715100708007812500e+02 6.734545898437500000e+02 1.067733398437500000e+03 2.517691850662231445e-01 2.000000000000000000e+00
