5.184533309936523438e+01 1.965056915283203125e+02 8.783191680908203125e+01 2.180699768066406250e+02 6.722272038459777832e-01 2.000000000000000000e+00
3.459788513183593750e+02 3.307550659179687500e+02 4.099747619628906250e+02 4.581904296875000000e+02 5.368470549583435059e-01 6.000000000000000000e+00
1.257444918155670166e-01 1.624929656982421875e+02 2.605058860778808594e+01 1.854099121093750000e+02 5.122545957565307617e-01 2.000000000000000000e+00
3.130320434570312500e+02 3.126748046875000000e+02 3.679232177734375000e+02 4.340544128417968750e+02 5.108856558799743652e-01 6.000000000000000000e+00
9.841901855468750000e+02 4.352734375000000000e+02 1.001150146484375000e+03 4.685688781738281250e+02 3.506148159503936768e-01 0.000000000000000000e+00
1.068709472656250000e+03 3.309794311523437500e+02 1.082272216796875000e+03 3.522950744628906250e+02 3.325072526931762695e-01 0.000000000000000000e+00
3.358114013671875000e+02 3.268981018066406250e+02 4.116712646484375000e+02 4.558406372070312500e+02 3.312444388866424561e-01 5.000000000000000000e+00
1.040855224609375000e+03 4.325503540039062500e+02 1.055113281250000000e+03 4.545328369140625000e+02 3.270863294601440430e-01 0.000000000000000000e+00
8.022946777343750000e+02 5.184659423828125000e+02 8.154463500976562500e+02 5.470063476562500000e+02 3.251486718654632568e-01 0.000000000000000000e+00
1.122077270507812500e+03 2.410621948242187500e+02 1.147346923828125000e+03 2.804038696289062500e+02 3.136473000049591064e-01 0.000000000000000000e+00
1.219588500976562500e+03 4.034085388183593750e+02 1.237191284179687500e+03 4.345373535156250000e+02 2.986718118190765381e-01 0.000000000000000000e+00
1.011490539550781250e+03 4.714663391113281250e+02 1.027561645507812500e+03 4.942246704101562500e+02 2.982759773731231689e-01 0.000000000000000000e+00
3.851427917480468750e+02 1.622437591552734375e+02 4.716888427734375000e+02 2.525370941162109375e+02 2.892069518566131592e-01 6.000000000000000000e+00
3.131246948242187500e+02 3.156441345214843750e+02 3.680759582519531250e+02 4.280376892089843750e+02 2.846716344356536865e-01 5.000000000000000000e+00
3.858612060546875000e+02 1.631121673583984375e+02 4.716023559570312500e+02 2.523183746337890625e+02 2.845860719680786133e-01 5.000000000000000000e+00
1.071828369140625000e+03 4.542194824218750000e+02 1.090928710937500000e+03 4.803520507812500000e+02 2.793536186218261719e-01 0.000000000000000000e+00
9.613180541992187500e+02 4.243401184082031250e+02 9.751976928710937500e+02 4.547205810546875000e+02 2.769352793693542480e-01 0.000000000000000000e+00
6.855408325195312500e+02 7.500920410156250000e+02 7.002747192382812500e+02 7.841934814453125000e+02 2.711446881294250488e-01 0.000000000000000000e+00
1.020143554687500000e+03 3.491256408691406250e+02 1.040745849609375000e+03 3.867560119628906250e+02 2.702107429504394531e-01 0.000000000000000000e+00
