1.098462524414062500e+03 4.849914245605468750e+02 1.146934448242187500e+03 6.054112548828125000e+02 8.662739992141723633e-01 0.000000000000000000e+00
1.047730468750000000e+03 4.866350402832031250e+02 1.092554443359375000e+03 5.972539672851562500e+02 8.600901961326599121e-01 0.000000000000000000e+00
9.545708618164062500e+02 4.950505676269531250e+02 1.000744506835937500e+03 6.106264038085937500e+02 8.460497856140136719e-01 0.000000000000000000e+00
8.208962402343750000e+02 3.312882080078125000e+02 8.390280151367187500e+02 3.769365234375000000e+02 6.454215049743652344e-01 0.000000000000000000e+00
8.628930053710937500e+02 2.906666870117187500e+02 8.756640014648437500e+02 3.260321350097656250e+02 5.579009056091308594e-01 0.000000000000000000e+00
6.751153564453125000e+02 2.995578613281250000e+02 7.202528686523437500e+02 3.782095947265625000e+02 5.220351219177246094e-01 0.000000000000000000e+00
1.043639770507812500e+03 2.956952514648437500e+02 1.105680664062500000e+03 3.273465881347656250e+02 4.008299708366394043e-01 2.500000000000000000e+01
9.507312622070312500e+02 3.058783569335937500e+02 9.648265991210937500e+02 3.390504760742187500e+02 3.266112506389617920e-01 0.000000000000000000e+00
1.128030761718750000e+03 3.925006408691406250e+02 1.175815551757812500e+03 4.388399353027343750e+02 3.129078149795532227e-01 5.800000000000000000e+01
9.177201538085937500e+02 2.814142150878906250e+02 9.336023559570312500e+02 3.206936950683593750e+02 2.848359048366546631e-01 0.000000000000000000e+00
8.808912963867187500e+02 2.970242614746093750e+02 8.949420776367187500e+02 3.276189575195312500e+02 2.665409445762634277e-01 0.000000000000000000e+00
1.086465454101562500e+03 3.156635131835937500e+02 1.165834472656250000e+03 3.501542663574218750e+02 2.563343942165374756e-01 2.500000000000000000e+01
