6.810866699218750000e+02 6.670377197265625000e+02 7.846658325195312500e+02 9.109865112304687500e+02 7.392567396163940430e-01 2.000000000000000000e+00
8.417916870117187500e+02 6.473330078125000000e+02 8.695128784179687500e+02 7.055900268554687500e+02 6.553139090538024902e-01 0.000000000000000000e+00
4.739653320312500000e+02 5.312875366210937500e+02 5.897606201171875000e+02 6.983048706054687500e+02 6.319648027420043945e-01 2.000000000000000000e+00
1.709824676513671875e+02 1.677944335937500000e+02 2.853858337402343750e+02 2.985034790039062500e+02 6.036756634712219238e-01 2.000000000000000000e+00
3.631102752685546875e+01 1.343001556396484375e+02 1.940334320068359375e+02 2.612486572265625000e+02 5.872704982757568359e-01 2.000000000000000000e+00
2.450169525146484375e+02 1.815755462646484375e+01 3.769287109375000000e+02 1.526359405517578125e+02 4.884739220142364502e-01 2.000000000000000000e+00
3.734139251708984375e+01 1.333865661621093750e+02 1.928943634033203125e+02 2.597960205078125000e+02 4.731905162334442139e-01 7.000000000000000000e+00
6.613643188476562500e+02 3.947654418945312500e+02 8.065535278320312500e+02 5.427351684570312500e+02 4.384378790855407715e-01 2.000000000000000000e+00
6.640717163085937500e+02 3.955924987792968750e+02 8.051201171875000000e+02 5.386815795898437500e+02 4.350828826427459717e-01 7.000000000000000000e+00
4.076001892089843750e+02 8.469428100585937500e+02 5.452956542968750000e+02 1.005012512207031250e+03 3.489044010639190674e-01 7.000000000000000000e+00
0.000000000000000000e+00 5.177474365234375000e+02 4.885689926147460938e+01 6.432843627929687500e+02 3.462710678577423096e-01 2.000000000000000000e+00
4.994766540527343750e+02 1.422859497070312500e+02 5.708544311523437500e+02 2.237223663330078125e+02 3.393494784832000732e-01 2.000000000000000000e+00
0.000000000000000000e+00 5.172142333984375000e+02 4.849193954467773438e+01 6.431129150390625000e+02 3.210464119911193848e-01 7.000000000000000000e+00
