1.137048706054687500e+03 3.817421875000000000e+02 1.309977050781250000e+03 4.780009765625000000e+02 8.410607576370239258e-01 2.000000000000000000e+00
1.075075561523437500e+03 5.346189117431640625e+01 1.199678955078125000e+03 1.343977813720703125e+02 8.200696110725402832e-01 2.000000000000000000e+00
1.171949340820312500e+03 3.112790222167968750e+02 1.331148803710937500e+03 3.963649291992187500e+02 8.110478520393371582e-01 2.000000000000000000e+00
1.045105834960937500e+03 4.164270401000976562e+00 1.163251220703125000e+03 6.764855194091796875e+01 7.773506641387939453e-01 2.000000000000000000e+00
1.277983032226562500e+03 1.725553283691406250e+02 1.399686279296875000e+03 2.678446044921875000e+02 6.972625255584716797e-01 2.000000000000000000e+00
4.370260238647460938e-01 1.267761917114257812e+02 1.305050506591796875e+02 2.104420318603515625e+02 6.859136819839477539e-01 2.000000000000000000e+00
1.143569702148437500e+03 9.833250427246093750e+01 1.258681030273437500e+03 1.783431701660156250e+02 6.767352819442749023e-01 2.000000000000000000e+00
9.989964962005615234e-01 4.771473083496093750e+02 1.918468780517578125e+02 6.254628295898437500e+02 6.213753819465637207e-01 2.000000000000000000e+00
1.344837951660156250e+02 1.836112365722656250e+02 2.432329406738281250e+02 2.606297607421875000e+02 6.085340380668640137e-01 2.000000000000000000e+00
3.493296813964843750e+01 4.333296585083007812e+01 1.612196044921875000e+02 1.399338531494140625e+02 5.774471163749694824e-01 2.000000000000000000e+00
2.378794097900390625e+02 2.189354095458984375e+02 4.021072082519531250e+02 3.075775756835937500e+02 5.417985916137695312e-01 2.000000000000000000e+00
7.322023925781250000e+02 1.894735260009765625e+02 8.669371337890625000e+02 3.253912048339843750e+02 5.205243825912475586e-01 2.000000000000000000e+00
1.201836303710937500e+03 1.513762207031250000e+02 1.330088623046875000e+03 2.436396179199218750e+02 5.127509832382202148e-01 2.000000000000000000e+00
1.024576660156250000e+03 1.042188873291015625e+02 1.058430664062500000e+03 1.581510620117187500e+02 4.793576896190643311e-01 0.000000000000000000e+00
1.374126586914062500e+02 4.032312316894531250e+02 3.451499938964843750e+02 4.846510314941406250e+02 4.080015420913696289e-01 2.000000000000000000e+00
