7.897222290039062500e+02 2.489863891601562500e+02 8.382164916992187500e+02 2.697608642578125000e+02 6.473186016082763672e-01 2.000000000000000000e+00
8.803309326171875000e+02 5.440889282226562500e+02 9.299288940429687500e+02 5.780336303710937500e+02 6.377924084663391113e-01 2.000000000000000000e+00
0.000000000000000000e+00 2.772499389648437500e+02 3.479465103149414062e+01 3.140987854003906250e+02 6.077752113342285156e-01 2.000000000000000000e+00
4.764703369140625000e+02 2.892852478027343750e+02 5.221353149414062500e+02 3.115080566406250000e+02 5.865485668182373047e-01 2.000000000000000000e+00
2.915922546386718750e+02 3.032907104492187500e+02 3.419960632324218750e+02 3.302864074707031250e+02 5.608474612236022949e-01 2.000000000000000000e+00
9.792601318359375000e+02 2.878658142089843750e+02 1.031759399414062500e+03 3.161791992187500000e+02 5.287532806396484375e-01 2.000000000000000000e+00
1.095978027343750000e+03 3.642854919433593750e+02 1.161077026367187500e+03 4.003583068847656250e+02 4.788013398647308350e-01 7.000000000000000000e+00
3.993535614013671875e+01 3.690880126953125000e+02 1.099764785766601562e+02 4.117158203125000000e+02 4.614688456058502197e-01 2.000000000000000000e+00
7.481061401367187500e+02 2.993942871093750000e+02 7.984959716796875000e+02 3.273085021972656250e+02 3.607743978500366211e-01 2.000000000000000000e+00
5.176943359375000000e+02 5.244078369140625000e+02 5.592146606445312500e+02 5.623761596679687500e+02 3.537638485431671143e-01 2.000000000000000000e+00
7.135057983398437500e+02 2.849216003417968750e+02 7.613283691406250000e+02 3.034371032714843750e+02 3.512147665023803711e-01 2.000000000000000000e+00
1.062376098632812500e+02 2.654468688964843750e+02 1.598212738037109375e+02 2.836467590332031250e+02 3.169824182987213135e-01 2.000000000000000000e+00
3.833208923339843750e+02 3.072097778320312500e+02 4.299911193847656250e+02 3.293517150878906250e+02 3.166560530662536621e-01 2.000000000000000000e+00
9.198711547851562500e+02 5.983681030273437500e+02 9.572924804687500000e+02 6.281407470703125000e+02 3.157233595848083496e-01 2.000000000000000000e+00
8.562846069335937500e+02 3.104759216308593750e+02 8.787485351562500000e+02 3.280310668945312500e+02 2.903908789157867432e-01 2.000000000000000000e+00
5.979888916015625000e+02 2.097972869873046875e+02 6.878917846679687500e+02 2.448644409179687500e+02 2.806744277477264404e-01 7.000000000000000000e+00
1.519497222900390625e+02 2.885577392578125000e+02 1.943282928466796875e+02 3.136701965332031250e+02 2.746051847934722900e-01 2.000000000000000000e+00
1.125894653320312500e+03 3.001466064453125000e+02 1.251228637695312500e+03 3.490237121582031250e+02 2.633751034736633301e-01 7.000000000000000000e+00
9.170083007812500000e+02 2.357388610839843750e+02 9.482532348632812500e+02 2.492000427246093750e+02 2.545427083969116211e-01 2.000000000000000000e+00
4.035625915527343750e+02 3.137341918945312500e+02 4.501548461914062500e+02 3.339288940429687500e+02 2.511086463928222656e-01 2.000000000000000000e+00
