1.453673461914062500e+03 8.596694335937500000e+02 1.683002929687500000e+03 1.061771484375000000e+03 7.765839099884033203e-01 7.000000000000000000e+00
1.600369018554687500e+03 7.865733032226562500e+02 1.709374389648437500e+03 8.612701416015625000e+02 7.254452705383300781e-01 2.000000000000000000e+00
1.560221069335937500e+03 6.496704101562500000e+02 1.719794311523437500e+03 7.866876831054687500e+02 5.242744684219360352e-01 7.000000000000000000e+00
1.627000244140625000e+03 4.028720092773437500e+02 1.736719848632812500e+03 4.766594543457031250e+02 4.116996824741363525e-01 7.000000000000000000e+00
9.145223999023437500e+02 4.913844299316406250e+02 1.076293823242187500e+03 6.255795898437500000e+02 3.670578300952911377e-01 7.000000000000000000e+00
1.750894287109375000e+03 6.316844482421875000e+02 1.916000000000000000e+03 7.935178222656250000e+02 3.648265302181243896e-01 7.000000000000000000e+00
1.058450073242187500e+03 6.739776000976562500e+02 1.326529174804687500e+03 9.246970214843750000e+02 3.631521463394165039e-01 7.000000000000000000e+00
1.582654785156250000e+03 7.833601684570312500e+02 1.710879516601562500e+03 8.585143432617187500e+02 3.342925310134887695e-01 7.000000000000000000e+00
5.603979492187500000e+02 2.260554351806640625e+02 6.198081054687500000e+02 2.620767822265625000e+02 3.039510250091552734e-01 2.000000000000000000e+00
1.887040649414062500e+03 9.632725219726562500e+02 1.915990356445312500e+03 1.010245727539062500e+03 2.924418747425079346e-01 2.000000000000000000e+00
4.608612670898437500e+02 2.751425170898437500e+02 5.162135009765625000e+02 3.122397460937500000e+02 2.811203300952911377e-01 2.000000000000000000e+00
4.334015808105468750e+02 2.684226684570312500e+02 4.746802368164062500e+02 3.008695373535156250e+02 2.534172236919403076e-01 2.000000000000000000e+00
