1.011766662597656250e+03 9.542314453125000000e+02 1.109738647460937500e+03 1.021547302246093750e+03 8.471531867980957031e-01 2.000000000000000000e+00
7.507587280273437500e+02 8.932803955078125000e+02 8.348256225585937500e+02 9.390659179687500000e+02 8.109201192855834961e-01 2.000000000000000000e+00
8.698675537109375000e+02 8.188121948242187500e+02 9.458288574218750000e+02 8.553518676757812500e+02 7.840273976325988770e-01 2.000000000000000000e+00
1.126085519790649414e+00 8.201331176757812500e+02 1.071546096801757812e+02 9.354520263671875000e+02 7.115464806556701660e-01 5.000000000000000000e+00
5.668415527343750000e+02 7.789589233398437500e+02 6.289071655273437500e+02 8.531383666992187500e+02 6.217285990715026855e-01 2.000000000000000000e+00
4.926842041015625000e+02 7.398122558593750000e+02 5.176395874023437500e+02 7.657811889648437500e+02 5.544206500053405762e-01 2.000000000000000000e+00
6.680378417968750000e+02 7.585116577148437500e+02 7.385662841796875000e+02 8.400106201171875000e+02 5.148833990097045898e-01 2.000000000000000000e+00
4.568836975097656250e+02 7.819044189453125000e+02 5.074228210449218750e+02 8.724827270507812500e+02 4.745520353317260742e-01 7.000000000000000000e+00
2.415477905273437500e+02 7.960456542968750000e+02 3.138307800292968750e+02 8.992879638671875000e+02 3.829173743724822998e-01 5.000000000000000000e+00
1.447902984619140625e+02 7.676347045898437500e+02 2.617951660156250000e+02 8.214255371093750000e+02 3.804566860198974609e-01 5.000000000000000000e+00
7.651464843750000000e+01 8.186706542968750000e+02 1.763797302246093750e+02 9.279420776367187500e+02 3.723905682563781738e-01 5.000000000000000000e+00
7.870355987548828125e+01 8.299434204101562500e+02 1.752944030761718750e+02 9.258701782226562500e+02 3.533821403980255127e-01 2.000000000000000000e+00
1.669082946777343750e+02 8.436427612304687500e+02 2.277408599853515625e+02 9.093929443359375000e+02 3.430664539337158203e-01 2.000000000000000000e+00
6.709110107421875000e+02 7.599403686523437500e+02 7.392404785156250000e+02 8.393764648437500000e+02 2.774132788181304932e-01 7.000000000000000000e+00
6.688355102539062500e+02 7.609610595703125000e+02 7.398068237304687500e+02 8.403505859375000000e+02 2.696619629859924316e-01 5.000000000000000000e+00
