7.080046386718750000e+02 3.911596984863281250e+02 7.829669799804687500e+02 4.910083618164062500e+02 8.150612115859985352e-01 2.000000000000000000e+00
7.775451660156250000e+02 2.742454223632812500e+02 8.471030883789062500e+02 3.871177978515625000e+02 7.760972380638122559e-01 2.000000000000000000e+00
7.067393798828125000e+02 1.980317230224609375e+02 7.694788818359375000e+02 2.831955566406250000e+02 7.444982528686523438e-01 2.000000000000000000e+00
8.093773803710937500e+02 1.809211578369140625e+02 8.832383422851562500e+02 2.673728942871093750e+02 7.139267921447753906e-01 2.000000000000000000e+00
6.120461425781250000e+02 1.103713684082031250e+02 7.040547485351562500e+02 1.580019531250000000e+02 6.689562797546386719e-01 2.000000000000000000e+00
3.861255187988281250e+02 5.333668212890625000e+02 4.658746643066406250e+02 6.800177001953125000e+02 6.424556374549865723e-01 2.000000000000000000e+00
9.029706420898437500e+02 2.921183776855468750e+02 9.595614013671875000e+02 3.860317993164062500e+02 6.164514422416687012e-01 2.000000000000000000e+00
8.095627441406250000e+02 4.074291076660156250e+02 9.221002807617187500e+02 5.838624877929687500e+02 5.612262487411499023e-01 7.000000000000000000e+00
2.224560394287109375e+02 3.187378883361816406e+00 3.339234008789062500e+02 5.578137588500976562e+01 5.336256027221679688e-01 2.000000000000000000e+00
3.861193542480468750e+02 3.824649658203125000e+02 4.609837341308593750e+02 5.247104492187500000e+02 5.286805629730224609e-01 2.000000000000000000e+00
6.222206420898437500e+02 5.290908050537109375e+01 6.979418945312500000e+02 1.047626495361328125e+02 5.249507427215576172e-01 2.000000000000000000e+00
8.601318359375000000e+02 5.898754882812500000e+02 9.421024780273437500e+02 6.910512695312500000e+02 5.149416327476501465e-01 2.000000000000000000e+00
9.682886962890625000e+02 3.772100219726562500e+02 1.120046875000000000e+03 5.500150756835937500e+02 4.800579845905303955e-01 2.000000000000000000e+00
4.852956237792968750e+02 8.061653137207031250e+01 5.441064453125000000e+02 1.697621307373046875e+02 4.729219973087310791e-01 2.000000000000000000e+00
7.306937255859375000e+02 1.226617660522460938e+02 8.152741699218750000e+02 1.898721466064453125e+02 4.677546620368957520e-01 2.000000000000000000e+00
2.796519775390625000e+02 2.461035156250000000e+02 3.410632934570312500e+02 3.342056884765625000e+02 3.638311624526977539e-01 2.000000000000000000e+00
6.810253295898437500e+02 2.669836616516113281e+01 7.656957397460937500e+02 7.380994415283203125e+01 3.263148069381713867e-01 2.000000000000000000e+00
9.360291748046875000e+02 9.431791381835937500e+02 1.059478881835937500e+03 1.049654541015625000e+03 3.242422044277191162e-01 2.000000000000000000e+00
2.201988372802734375e+02 7.373190879821777344e+00 3.309772338867187500e+02 5.801053237915039062e+01 2.982885837554931641e-01 8.000000000000000000e+00
