7.716354370117187500e+02 5.066339416503906250e+02 8.236240234375000000e+02 5.627190551757812500e+02 7.454151511192321777e-01 2.000000000000000000e+00
7.076271972656250000e+02 3.744936218261718750e+02 7.535613403320312500e+02 4.138390502929687500e+02 7.006720900535583496e-01 2.000000000000000000e+00
8.608715209960937500e+02 3.789338989257812500e+02 9.016779174804687500e+02 4.172691650390625000e+02 6.714217066764831543e-01 2.000000000000000000e+00
8.717374877929687500e+02 4.342718811035156250e+02 9.199667968750000000e+02 4.865126037597656250e+02 6.487039327621459961e-01 2.000000000000000000e+00
7.645026245117187500e+02 3.619042968750000000e+02 8.126519165039062500e+02 4.075283813476562500e+02 6.354143619537353516e-01 2.000000000000000000e+00
8.084234619140625000e+02 4.480758056640625000e+02 8.552757568359375000e+02 4.941657104492187500e+02 6.324501037597656250e-01 2.000000000000000000e+00
9.341646728515625000e+02 3.711535949707031250e+02 9.648345336914062500e+02 3.999211425781250000e+02 6.164264678955078125e-01 2.000000000000000000e+00
9.002874755859375000e+02 3.394498901367187500e+02 9.319704589843750000e+02 3.693031616210937500e+02 5.138633847236633301e-01 2.000000000000000000e+00
9.689923095703125000e+02 1.474517517089843750e+02 9.921968994140625000e+02 1.658463287353515625e+02 4.401755034923553467e-01 2.000000000000000000e+00
9.312991333007812500e+02 2.895020141601562500e+02 9.613118286132812500e+02 3.122483215332031250e+02 4.060507416725158691e-01 2.000000000000000000e+00
9.365577392578125000e+02 1.898759460449218750e+02 9.624341430664062500e+02 2.183375396728515625e+02 3.871896862983703613e-01 2.000000000000000000e+00
9.919018554687500000e+02 2.162978363037109375e+02 1.016250488281250000e+03 2.388720245361328125e+02 3.477442264556884766e-01 2.000000000000000000e+00
9.927805175781250000e+02 2.850791625976562500e+02 1.027110717773437500e+03 3.105336608886718750e+02 3.438868522644042969e-01 2.000000000000000000e+00
1.031700561523437500e+03 1.541138458251953125e+02 1.055068115234375000e+03 1.737271423339843750e+02 3.126287162303924561e-01 2.000000000000000000e+00
8.601979370117187500e+02 2.274155273437500000e+02 8.892857666015625000e+02 2.507447662353515625e+02 3.113908171653747559e-01 2.000000000000000000e+00
8.419729003906250000e+02 1.026286376953125000e+03 8.666369628906250000e+02 1.049111694335937500e+03 3.001672625541687012e-01 0.000000000000000000e+00
8.727177734375000000e+02 2.585086669921875000e+02 9.047092895507812500e+02 2.864839172363281250e+02 2.771943807601928711e-01 2.000000000000000000e+00
