7.583083496093750000e+02 6.453989257812500000e+02 8.107394409179687500e+02 6.873125610351562500e+02 5.279714465141296387e-01 2.000000000000000000e+00
7.682338256835937500e+02 1.004085998535156250e+03 8.167294311523437500e+02 1.050000000000000000e+03 4.862937331199645996e-01 0.000000000000000000e+00
5.346453247070312500e+02 5.626246337890625000e+02 5.827699584960937500e+02 5.910016479492187500e+02 4.335957467555999756e-01 2.000000000000000000e+00
6.099835205078125000e+02 6.937147827148437500e+02 6.789841918945312500e+02 7.431611938476562500e+02 4.072627425193786621e-01 2.000000000000000000e+00
7.513937988281250000e+02 6.260058593750000000e+02 7.987209472656250000e+02 6.600744628906250000e+02 3.811205923557281494e-01 2.000000000000000000e+00
8.055177612304687500e+02 6.122128906250000000e+02 8.630585937500000000e+02 6.536459960937500000e+02 3.734683096408843994e-01 2.000000000000000000e+00
5.546744995117187500e+02 5.966542968750000000e+02 6.057196655273437500e+02 6.245020751953125000e+02 3.485371768474578857e-01 2.000000000000000000e+00
0.000000000000000000e+00 5.680148925781250000e+02 2.725782585144042969e+01 6.291293334960937500e+02 3.284762501716613770e-01 2.000000000000000000e+00
6.976219482421875000e+02 6.689278564453125000e+02 7.491708374023437500e+02 7.028067626953125000e+02 3.169127106666564941e-01 2.000000000000000000e+00
5.211951293945312500e+02 4.325638427734375000e+02 5.454489135742187500e+02 4.679206542968750000e+02 3.087597191333770752e-01 9.000000000000000000e+00
5.833389892578125000e+02 5.691134033203125000e+02 6.222033081054687500e+02 5.962139282226562500e+02 3.068287372589111328e-01 2.000000000000000000e+00
7.175281372070312500e+02 6.167028808593750000e+02 7.687537841796875000e+02 6.540598144531250000e+02 2.993653714656829834e-01 2.000000000000000000e+00
7.366538085937500000e+02 9.076491699218750000e+02 7.528646240234375000e+02 9.505634765625000000e+02 2.989624440670013428e-01 0.000000000000000000e+00
6.291977539062500000e+02 5.748553466796875000e+02 6.784174804687500000e+02 6.053374633789062500e+02 2.949303388595581055e-01 2.000000000000000000e+00
6.992321777343750000e+02 6.596038818359375000e+02 7.785931396484375000e+02 6.992181396484375000e+02 2.762556374073028564e-01 2.000000000000000000e+00
1.513595275878906250e+02 6.025836181640625000e+02 1.680025939941406250e+02 6.350751342773437500e+02 2.621933817863464355e-01 9.000000000000000000e+00
7.887635498046875000e+02 6.052078247070312500e+02 8.384545898437500000e+02 6.378000488281250000e+02 2.540524601936340332e-01 2.000000000000000000e+00
8.647046508789062500e+02 5.957564697265625000e+02 9.196107177734375000e+02 6.412716674804687500e+02 2.526851296424865723e-01 2.000000000000000000e+00
