1.071099365234375000e+03 5.717794799804687500e+02 1.193521972656250000e+03 6.414729614257812500e+02 8.656058907508850098e-01 2.000000000000000000e+00
9.444008789062500000e+02 5.188236694335937500e+02 1.032196777343750000e+03 5.795335693359375000e+02 8.489189147949218750e-01 2.000000000000000000e+00
8.500599365234375000e+02 4.720018920898437500e+02 9.373341674804687500e+02 5.277251586914062500e+02 8.024207353591918945e-01 2.000000000000000000e+00
1.220738891601562500e+03 6.332267456054687500e+02 1.329590087890625000e+03 6.971740722656250000e+02 7.985827326774597168e-01 2.000000000000000000e+00
1.335861938476562500e+03 6.801921997070312500e+02 1.480728515625000000e+03 7.786572875976562500e+02 7.751976847648620605e-01 2.000000000000000000e+00
5.003505554199218750e+02 4.109223327636718750e+02 5.813074340820312500e+02 4.609031066894531250e+02 7.237203717231750488e-01 2.000000000000000000e+00
5.526605224609375000e+02 3.394183044433593750e+02 6.173695678710937500e+02 3.829837341308593750e+02 7.215235233306884766e-01 2.000000000000000000e+00
6.319138793945312500e+02 3.776405639648437500e+02 7.081594848632812500e+02 4.269466857910156250e+02 6.418063044548034668e-01 2.000000000000000000e+00
2.724854431152343750e+02 2.232446441650390625e+02 3.408461914062500000e+02 2.626342163085937500e+02 6.085847020149230957e-01 2.000000000000000000e+00
7.167592163085937500e+02 4.079987182617187500e+02 8.012261962890625000e+02 4.595612182617187500e+02 5.880296826362609863e-01 2.000000000000000000e+00
1.663836303710937500e+03 1.944343719482421875e+02 1.739110595703125000e+03 2.440489654541015625e+02 5.277683734893798828e-01 2.000000000000000000e+00
3.888639831542968750e+02 2.586010131835937500e+02 4.518880615234375000e+02 3.000240478515625000e+02 5.098301768302917480e-01 2.000000000000000000e+00
4.529764099121093750e+02 3.126409606933593750e+02 5.355548706054687500e+02 3.727058105468750000e+02 5.047714710235595703e-01 2.000000000000000000e+00
1.081284332275390625e+02 1.431964416503906250e+02 1.614615783691406250e+02 1.787733917236328125e+02 3.747770190238952637e-01 2.000000000000000000e+00
1.496790893554687500e+03 8.102216186523437500e+02 1.547357055664062500e+03 8.460999755859375000e+02 2.797014415264129639e-01 3.000000000000000000e+00
1.494062744140625000e+03 8.092402954101562500e+02 1.547234863281250000e+03 8.459133300781250000e+02 2.612984776496887207e-01 2.000000000000000000e+00
