6.688082885742187500e+02 9.571668701171875000e+02 7.087544555664062500e+02 9.894736328125000000e+02 6.100382804870605469e-01 2.000000000000000000e+00
7.806379394531250000e+02 9.775072631835937500e+02 8.117091674804687500e+02 1.007995971679687500e+03 5.462628602981567383e-01 2.000000000000000000e+00
6.318825683593750000e+02 9.186383666992187500e+02 6.740385131835937500e+02 9.482385253906250000e+02 5.101147294044494629e-01 2.000000000000000000e+00
8.294653930664062500e+02 1.000399658203125000e+03 8.649134521484375000e+02 1.028723510742187500e+03 4.949378371238708496e-01 2.000000000000000000e+00
8.879837646484375000e+02 9.806409301757812500e+02 9.526522216796875000e+02 1.017056335449218750e+03 4.936842024326324463e-01 2.000000000000000000e+00
2.959327087402343750e+02 7.480161743164062500e+02 3.739928283691406250e+02 7.874368286132812500e+02 4.454894065856933594e-01 7.000000000000000000e+00
4.301195678710937500e+02 8.048511352539062500e+02 4.585223999023437500e+02 8.209577636718750000e+02 4.337226152420043945e-01 2.000000000000000000e+00
9.411510467529296875e+01 8.945297851562500000e+02 1.380034179687500000e+02 9.180482177734375000e+02 4.229121506214141846e-01 2.000000000000000000e+00
2.524594726562500000e+02 7.964945068359375000e+02 2.848605041503906250e+02 8.167689819335937500e+02 3.508255779743194580e-01 2.000000000000000000e+00
6.353067016601562500e+02 9.961062011718750000e+02 7.133251953125000000e+02 1.048337158203125000e+03 3.379586338996887207e-01 2.000000000000000000e+00
4.911624145507812500e+02 7.395059814453125000e+02 5.141716308593750000e+02 7.629687500000000000e+02 2.968363761901855469e-01 2.000000000000000000e+00
6.276444702148437500e+02 8.916127929687500000e+02 6.546596679687500000e+02 9.172742309570312500e+02 2.965599000453948975e-01 2.000000000000000000e+00
8.711808013916015625e+01 8.924802246093750000e+02 1.177683792114257812e+02 9.188644409179687500e+02 2.821330428123474121e-01 2.000000000000000000e+00
3.741351318359375000e+02 8.507528686523437500e+02 3.948257141113281250e+02 8.724359741210937500e+02 2.734323143959045410e-01 2.000000000000000000e+00
1.621607360839843750e+02 8.852281494140625000e+02 1.867135620117187500e+02 9.081676635742187500e+02 2.649790346622467041e-01 2.000000000000000000e+00
7.390999755859375000e+02 9.106635742187500000e+02 7.626322631835937500e+02 9.363378295898437500e+02 2.517165243625640869e-01 2.000000000000000000e+00
4.109597473144531250e+02 8.446416625976562500e+02 4.404416503906250000e+02 8.630733642578125000e+02 2.509799003601074219e-01 2.000000000000000000e+00
