4.715890502929687500e+02 6.668914794921875000e+01 5.169583129882812500e+02 1.154430847167968750e+02 6.197511553764343262e-01 2.000000000000000000e+00
9.661341094970703125e+01 2.649778137207031250e+02 3.421208496093750000e+02 4.014505004882812500e+02 5.742734670639038086e-01 5.000000000000000000e+00
8.817454223632812500e+02 3.586622619628906250e+01 9.186401367187500000e+02 7.646666717529296875e+01 5.425039529800415039e-01 2.000000000000000000e+00
5.374672241210937500e+02 4.874886322021484375e+01 6.465924072265625000e+02 1.931004486083984375e+02 5.327575206756591797e-01 7.000000000000000000e+00
6.007310791015625000e+02 0.000000000000000000e+00 6.391812744140625000e+02 2.469339942932128906e+01 4.897989034652709961e-01 2.000000000000000000e+00
5.257735595703125000e+02 1.194694137573242188e+02 5.693392333984375000e+02 1.735541992187500000e+02 4.156316816806793213e-01 2.000000000000000000e+00
5.467267456054687500e+02 5.213639831542968750e+01 6.512454833984375000e+02 1.911509704589843750e+02 3.517085909843444824e-01 5.000000000000000000e+00
8.719122314453125000e+02 7.515907287597656250e+01 9.057589111328125000e+02 1.328906555175781250e+02 2.897226810455322266e-01 2.000000000000000000e+00
9.924079132080078125e+01 2.728395080566406250e+02 3.152337036132812500e+02 3.990524902343750000e+02 2.892029881477355957e-01 7.000000000000000000e+00
4.075810546875000000e+02 1.515398864746093750e+02 4.711527404785156250e+02 2.121118927001953125e+02 2.744218409061431885e-01 7.000000000000000000e+00
7.792319946289062500e+02 1.982492980957031250e+02 8.531437988281250000e+02 3.956483459472656250e+02 2.657532989978790283e-01 7.000000000000000000e+00
