7.028154907226562500e+02 2.857959899902343750e+02 8.692406616210937500e+02 3.885654907226562500e+02 7.518466114997863770e-01 5.000000000000000000e+00
7.194959716796875000e+02 4.065995178222656250e+02 7.759613647460937500e+02 4.469703369140625000e+02 7.364909052848815918e-01 2.000000000000000000e+00
9.122710418701171875e+01 5.546264038085937500e+02 1.875614776611328125e+02 6.169243164062500000e+02 7.050707340240478516e-01 2.000000000000000000e+00
9.857589111328125000e+02 6.191284790039062500e+02 1.176902954101562500e+03 7.769491577148437500e+02 6.191117763519287109e-01 2.000000000000000000e+00
5.066064453125000000e+02 4.180979309082031250e+02 5.701699829101562500e+02 4.546524963378906250e+02 5.664813518524169922e-01 2.000000000000000000e+00
2.791153259277343750e+02 4.794177856445312500e+02 3.875655517578125000e+02 5.365692138671875000e+02 5.502163171768188477e-01 2.000000000000000000e+00
8.672660522460937500e+02 6.824063110351562500e+02 1.048995849609375000e+03 7.861705322265625000e+02 5.364942550659179688e-01 2.000000000000000000e+00
8.710977172851562500e+02 3.953996582031250000e+02 1.076968261718750000e+03 5.259215698242187500e+02 5.228730440139770508e-01 2.000000000000000000e+00
1.120732177734375000e+03 5.596558837890625000e+02 1.323612915039062500e+03 7.117456054687500000e+02 4.933068454265594482e-01 2.000000000000000000e+00
1.771187896728515625e+02 5.263358154296875000e+02 2.950376586914062500e+02 6.307774658203125000e+02 4.295153617858886719e-01 7.000000000000000000e+00
1.756821899414062500e+02 5.226804809570312500e+02 2.917922058105468750e+02 6.267700195312500000e+02 3.902767002582550049e-01 2.000000000000000000e+00
4.282702941894531250e+02 5.927387084960937500e+02 5.681567382812500000e+02 7.311555175781250000e+02 2.716979384422302246e-01 7.000000000000000000e+00
4.359109191894531250e+02 3.266205978393554688e+01 5.737688598632812500e+02 1.124004974365234375e+02 2.560381889343261719e-01 7.000000000000000000e+00
