1.236232910156250000e+03 5.059543151855468750e+02 1.351738647460937500e+03 6.110975341796875000e+02 7.397356033325195312e-01 2.000000000000000000e+00
7.768688354492187500e+02 8.483867797851562500e+02 9.030459594726562500e+02 9.894259643554687500e+02 7.353705167770385742e-01 2.000000000000000000e+00
8.662149658203125000e+02 7.791417846679687500e+02 1.002788940429687500e+03 8.961575317382812500e+02 7.153053879737854004e-01 2.000000000000000000e+00
4.391353759765625000e+02 8.038649902343750000e+02 5.262377319335937500e+02 8.672583618164062500e+02 6.676476597785949707e-01 2.000000000000000000e+00
6.148540649414062500e+02 9.409867553710937500e+02 7.666400756835937500e+02 1.074707885742187500e+03 6.020019650459289551e-01 2.000000000000000000e+00
9.324400024414062500e+02 7.155942993164062500e+02 1.068030517578125000e+03 8.419804687500000000e+02 5.824600458145141602e-01 2.000000000000000000e+00
1.426420532226562500e+03 6.268120117187500000e+02 1.541515747070312500e+03 7.493272094726562500e+02 5.020933747291564941e-01 2.000000000000000000e+00
1.831393798828125000e+03 7.666981811523437500e+02 1.915394287109375000e+03 8.837459106445312500e+02 4.868639707565307617e-01 2.000000000000000000e+00
1.501514404296875000e+03 7.234328613281250000e+02 1.671986694335937500e+03 8.554954833984375000e+02 4.596351981163024902e-01 2.000000000000000000e+00
1.279962036132812500e+03 7.113032226562500000e+02 1.445262817382812500e+03 8.661068115234375000e+02 4.303325414657592773e-01 2.000000000000000000e+00
1.909054870605468750e+02 5.815678100585937500e+02 4.703784484863281250e+02 8.728371582031250000e+02 4.165220558643341064e-01 7.000000000000000000e+00
1.574987915039062500e+03 7.850705566406250000e+02 1.708610229492187500e+03 9.048126831054687500e+02 3.554917871952056885e-01 2.000000000000000000e+00
6.411709594726562500e+02 9.004419555664062500e+02 8.427808227539062500e+02 1.055345458984375000e+03 3.022052943706512451e-01 2.000000000000000000e+00
1.338995117187500000e+03 6.695748901367187500e+02 1.426731811523437500e+03 7.404144287109375000e+02 2.989574968814849854e-01 2.000000000000000000e+00
8.153670043945312500e+02 7.931500854492187500e+02 9.923374023437500000e+02 9.428594970703125000e+02 2.734769284725189209e-01 2.000000000000000000e+00
