7.832148742675781250e+01 5.754224853515625000e+02 7.031740112304687500e+02 1.047535156250000000e+03 8.954672217369079590e-01 5.000000000000000000e+00
1.781664733886718750e+02 5.385277709960937500e+02 2.696711425781250000e+02 6.183872680664062500e+02 8.598541021347045898e-01 2.000000000000000000e+00
3.006360473632812500e+02 5.732566528320312500e+02 3.932969970703125000e+02 6.826729125976562500e+02 8.332205414772033691e-01 2.000000000000000000e+00
4.720083618164062500e+01 4.254104309082031250e+02 1.328654785156250000e+02 4.893262634277343750e+02 7.562054991722106934e-01 2.000000000000000000e+00
1.059929122924804688e+02 4.837239990234375000e+02 1.986967620849609375e+02 5.596907348632812500e+02 7.502245306968688965e-01 2.000000000000000000e+00
8.843151245117187500e+02 3.311773681640625000e+02 9.899006958007812500e+02 4.270449829101562500e+02 6.650519371032714844e-01 5.000000000000000000e+00
6.172894897460937500e+02 9.078038330078125000e+02 6.457775878906250000e+02 9.630588989257812500e+02 5.330101251602172852e-01 0.000000000000000000e+00
1.241695556640625000e+03 1.998379058837890625e+02 1.266954345703125000e+03 2.204511566162109375e+02 4.927828609943389893e-01 2.000000000000000000e+00
1.034211547851562500e+03 3.388092956542968750e+02 1.048078002929687500e+03 3.709972839355468750e+02 4.444171488285064697e-01 0.000000000000000000e+00
1.181607910156250000e+03 1.941744995117187500e+02 1.228663818359375000e+03 2.294397277832031250e+02 4.092926084995269775e-01 7.000000000000000000e+00
7.850682373046875000e+02 4.155741882324218750e+02 8.075321655273437500e+02 4.499625549316406250e+02 3.608708977699279785e-01 0.000000000000000000e+00
6.329221191406250000e+02 9.030386352539062500e+02 6.596133422851562500e+02 9.602571411132812500e+02 3.466053009033203125e-01 0.000000000000000000e+00
7.444681396484375000e+02 4.592660217285156250e+02 7.741049194335937500e+02 5.020312805175781250e+02 3.439036309719085693e-01 0.000000000000000000e+00
1.180703735351562500e+03 1.958951263427734375e+02 1.228118164062500000e+03 2.296207275390625000e+02 3.431858420372009277e-01 2.000000000000000000e+00
4.705622253417968750e+02 6.433922729492187500e+02 5.211462402343750000e+02 6.877410888671875000e+02 3.388165831565856934e-01 0.000000000000000000e+00
3.359655456542968750e+02 4.858522949218750000e+02 3.595551757812500000e+02 5.189483032226562500e+02 2.797301411628723145e-01 0.000000000000000000e+00
