9.342603759765625000e+02 5.537537231445312500e+02 9.773840332031250000e+02 5.833808593750000000e+02 6.505659818649291992e-01 2.000000000000000000e+00
5.333395996093750000e+02 2.966338195800781250e+02 5.619824829101562500e+02 3.168247985839843750e+02 6.277737617492675781e-01 2.000000000000000000e+00
6.373533630371093750e+01 5.376873779296875000e+02 1.301336669921875000e+02 6.247319946289062500e+02 5.989567041397094727e-01 7.000000000000000000e+00
1.004986572265625000e+03 7.011765747070312500e+02 1.061918945312500000e+03 7.474755249023437500e+02 5.812051296234130859e-01 2.000000000000000000e+00
4.494724731445312500e+02 3.040649108886718750e+02 4.892358093261718750e+02 3.247174987792968750e+02 5.173941850662231445e-01 2.000000000000000000e+00
6.059437866210937500e+02 2.964201660156250000e+02 6.334656372070312500e+02 3.119823913574218750e+02 4.964916110038757324e-01 2.000000000000000000e+00
1.090378295898437500e+03 4.887769470214843750e+02 1.119422119140625000e+03 5.064974365234375000e+02 4.816738069057464600e-01 2.000000000000000000e+00
1.157696899414062500e+03 5.758992309570312500e+02 1.191421997070312500e+03 5.974045410156250000e+02 4.332354068756103516e-01 2.000000000000000000e+00
1.170036254882812500e+03 5.978046875000000000e+02 1.213881103515625000e+03 6.301873779296875000e+02 3.733001351356506348e-01 2.000000000000000000e+00
9.459148559570312500e+02 5.882261962890625000e+02 9.893203735351562500e+02 6.161085815429687500e+02 3.732806146144866943e-01 2.000000000000000000e+00
1.131474975585937500e+03 5.468496704101562500e+02 1.171014770507812500e+03 5.689273681640625000e+02 3.663499951362609863e-01 2.000000000000000000e+00
9.972318725585937500e+02 5.172903442382812500e+02 1.042268432617187500e+03 5.447172241210937500e+02 3.483485877513885498e-01 2.000000000000000000e+00
1.221595336914062500e+03 6.676026000976562500e+02 1.273626708984375000e+03 7.046710205078125000e+02 3.441224694252014160e-01 2.000000000000000000e+00
1.161533935546875000e+03 5.793478393554687500e+02 1.202008544921875000e+03 6.063380126953125000e+02 3.384471237659454346e-01 2.000000000000000000e+00
1.113313354492187500e+03 5.175007324218750000e+02 1.142574829101562500e+03 5.401900634765625000e+02 3.085781335830688477e-01 2.000000000000000000e+00
1.219263671875000000e+03 6.608905639648437500e+02 1.260706054687500000e+03 6.928964843750000000e+02 3.018533587455749512e-01 2.000000000000000000e+00
1.018976074218750000e+03 4.907032470703125000e+02 1.061994140625000000e+03 5.251079101562500000e+02 2.906341850757598877e-01 2.000000000000000000e+00
3.827812500000000000e+02 1.924562225341796875e+02 4.091327819824218750e+02 2.127595520019531250e+02 2.670180797576904297e-01 2.000000000000000000e+00
1.230977661132812500e+03 6.796765747070312500e+02 1.279311279296875000e+03 7.126339111328125000e+02 2.563199102878570557e-01 2.000000000000000000e+00
