9.264505004882812500e+02 5.653711547851562500e+02 9.855880126953125000e+02 6.040512084960937500e+02 7.885758876800537109e-01 2.000000000000000000e+00
3.729225158691406250e+02 7.590239257812500000e+02 6.290950317382812500e+02 9.645666503906250000e+02 6.667730212211608887e-01 5.000000000000000000e+00
4.225180664062500000e+02 4.946467895507812500e+02 5.786195678710937500e+02 5.870974121093750000e+02 6.107102632522583008e-01 5.000000000000000000e+00
1.104901367187500000e+03 4.765949401855468750e+02 1.148135131835937500e+03 5.026426086425781250e+02 6.028538942337036133e-01 2.000000000000000000e+00
6.780384521484375000e+02 6.472244262695312500e+02 6.898292846679687500e+02 6.691057128906250000e+02 4.338509440422058105e-01 0.000000000000000000e+00
7.065532226562500000e+02 6.494497070312500000e+02 7.184139404296875000e+02 6.777019042968750000e+02 4.301135540008544922e-01 0.000000000000000000e+00
7.494601440429687500e+02 4.149376525878906250e+02 7.964059448242187500e+02 4.433202819824218750e+02 4.292737841606140137e-01 2.000000000000000000e+00
5.375411376953125000e+02 7.062912597656250000e+02 5.492940673828125000e+02 7.406526489257812500e+02 3.752799630165100098e-01 0.000000000000000000e+00
3.003677606582641602e+00 8.989805908203125000e+02 8.175112152099609375e+01 9.724944458007812500e+02 3.312064409255981445e-01 7.000000000000000000e+00
6.283136596679687500e+02 6.452248535156250000e+02 6.436342773437500000e+02 6.794770507812500000e+02 3.167607188224792480e-01 0.000000000000000000e+00
6.816819458007812500e+02 6.461193847656250000e+02 6.934860839843750000e+02 6.744555664062500000e+02 3.078942596912384033e-01 0.000000000000000000e+00
6.401680908203125000e+02 4.477371520996093750e+02 7.871152954101562500e+02 5.357944946289062500e+02 2.719788849353790283e-01 7.000000000000000000e+00
7.778591918945312500e+02 3.721929931640625000e+02 8.938243408203125000e+02 4.379047241210937500e+02 2.693783938884735107e-01 5.000000000000000000e+00
