6.494599609375000000e+02 2.300224456787109375e+02 6.860120849609375000e+02 2.543088531494140625e+02 5.624470114707946777e-01 2.000000000000000000e+00
9.590359497070312500e+02 2.573461303710937500e+02 1.011326721191406250e+03 2.832890014648437500e+02 5.522437095642089844e-01 2.000000000000000000e+00
1.326237426757812500e+03 2.310088348388671875e+02 1.398667114257812500e+03 2.652557373046875000e+02 4.980024099349975586e-01 2.000000000000000000e+00
1.254045288085937500e+03 8.591222381591796875e+01 1.294982055664062500e+03 1.142068634033203125e+02 4.880924820899963379e-01 2.000000000000000000e+00
3.170059814453125000e+02 2.674210510253906250e+02 3.626421508789062500e+02 2.858874816894531250e+02 4.411336183547973633e-01 2.000000000000000000e+00
1.180049194335937500e+03 3.891690368652343750e+02 1.398689941406250000e+03 5.974708862304687500e+02 3.739352524280548096e-01 7.000000000000000000e+00
6.598352661132812500e+02 3.293450927734375000e+02 7.080848388671875000e+02 3.509374389648437500e+02 3.631774783134460449e-01 2.000000000000000000e+00
9.067489624023437500e+02 3.602320556640625000e+02 9.578927612304687500e+02 3.827079162597656250e+02 3.253200650215148926e-01 2.000000000000000000e+00
1.188989990234375000e+03 2.956337585449218750e+02 1.312622436523437500e+03 3.401752929687500000e+02 3.069693744182586670e-01 5.000000000000000000e+00
1.182640258789062500e+03 3.906698303222656250e+02 1.400000000000000000e+03 5.964196777343750000e+02 2.925860583782196045e-01 5.000000000000000000e+00
3.019944152832031250e+02 3.861161804199218750e+02 3.485021667480468750e+02 4.080487976074218750e+02 2.910411357879638672e-01 2.000000000000000000e+00
1.131652221679687500e+03 3.823963623046875000e+02 1.184698852539062500e+03 4.069686279296875000e+02 2.647818028926849365e-01 2.000000000000000000e+00
