7.258823852539062500e+02 1.455008392333984375e+02 7.541184082031250000e+02 1.702316894531250000e+02 6.031067967414855957e-01 2.000000000000000000e+00
6.444668579101562500e+02 4.187762737274169922e+00 6.686303100585937500e+02 2.932624626159667969e+01 5.918290019035339355e-01 2.000000000000000000e+00
4.092315979003906250e+02 5.809299087524414062e+01 4.524017333984375000e+02 8.462044525146484375e+01 5.125121474266052246e-01 2.000000000000000000e+00
3.063350524902343750e+02 4.648638305664062500e+02 3.636156005859375000e+02 4.983733520507812500e+02 4.987187981605529785e-01 2.000000000000000000e+00
5.057943115234375000e+02 6.137572097778320312e+01 5.280062866210937500e+02 8.400554656982421875e+01 4.733731746673583984e-01 2.000000000000000000e+00
4.696295776367187500e+02 9.872712707519531250e+01 5.013913879394531250e+02 1.441275329589843750e+02 4.315994381904602051e-01 2.000000000000000000e+00
9.166333007812500000e+02 8.551816406250000000e+02 1.034362304687500000e+03 9.917154541015625000e+02 3.960095643997192383e-01 8.000000000000000000e+00
3.932658691406250000e+02 3.670675964355468750e+02 4.263948059082031250e+02 4.147448120117187500e+02 3.947449922561645508e-01 2.000000000000000000e+00
1.008205871582031250e+03 2.877597351074218750e+02 1.048266845703125000e+03 3.191973571777343750e+02 3.726692795753479004e-01 2.000000000000000000e+00
3.311530456542968750e+02 5.628182373046875000e+02 3.888294677734375000e+02 6.388831176757812500e+02 3.557252883911132812e-01 5.000000000000000000e+00
0.000000000000000000e+00 4.574691467285156250e+02 3.079900169372558594e+01 5.049791259765625000e+02 3.337626755237579346e-01 2.000000000000000000e+00
1.901603851318359375e+02 8.425595703125000000e+02 2.645364685058593750e+02 8.814189453125000000e+02 3.231390416622161865e-01 2.000000000000000000e+00
2.461368560791015625e+02 4.698240966796875000e+02 2.989290771484375000e+02 4.995679016113281250e+02 2.869845628738403320e-01 2.000000000000000000e+00
5.244846191406250000e+02 0.000000000000000000e+00 5.531972656250000000e+02 2.776835060119628906e+01 2.672799229621887207e-01 2.000000000000000000e+00
