7.810781250000000000e+02 8.122944335937500000e+02 8.652738037109375000e+02 1.026405029296875000e+03 9.072306752204895020e-01 6.700000000000000000e+01
6.889140014648437500e+02 6.104729614257812500e+02 7.645855712890625000e+02 7.825933227539062500e+02 8.552219271659851074e-01 6.700000000000000000e+01
9.757031860351562500e+02 6.489992675781250000e+02 1.078120361328125000e+03 8.431384277343750000e+02 8.238494396209716797e-01 2.000000000000000000e+00
6.583270874023437500e+02 8.359719848632812500e+02 7.513527221679687500e+02 1.039861572265625000e+03 8.228969573974609375e-01 6.700000000000000000e+01
7.798759155273437500e+02 4.850131530761718750e+02 8.545594482421875000e+02 6.090229492187500000e+02 7.717431187629699707e-01 6.700000000000000000e+01
5.596265869140625000e+02 2.231631622314453125e+02 6.230046386718750000e+02 2.967549743652343750e+02 7.520838379859924316e-01 2.000000000000000000e+00
5.369385375976562500e+02 3.045022277832031250e+02 6.113944091796875000e+02 4.095243835449218750e+02 7.448766827583312988e-01 2.000000000000000000e+00
7.098433837890625000e+02 3.273177795410156250e+02 7.854251098632812500e+02 4.387316589355468750e+02 7.160117626190185547e-01 2.000000000000000000e+00
4.972901306152343750e+02 4.355383300781250000e+02 5.763795166015625000e+02 5.562329711914062500e+02 6.388711333274841309e-01 2.000000000000000000e+00
7.885908203125000000e+02 3.531431884765625000e+02 8.529255371093750000e+02 4.658387756347656250e+02 5.336913466453552246e-01 2.000000000000000000e+00
7.372048339843750000e+02 1.610648956298828125e+02 7.844547729492187500e+02 2.418409423828125000e+02 4.415626227855682373e-01 2.000000000000000000e+00
7.400825805664062500e+02 1.112693939208984375e+02 7.851595458984375000e+02 1.661979827880859375e+02 3.973805010318756104e-01 2.000000000000000000e+00
3.784186401367187500e+02 6.997860107421875000e+02 5.092118225097656250e+02 8.984517211914062500e+02 3.753629624843597412e-01 2.800000000000000000e+01
7.267521972656250000e+02 2.173101196289062500e+02 7.830103759765625000e+02 3.311255493164062500e+02 3.750796318054199219e-01 2.000000000000000000e+00
7.457992553710937500e+02 3.931314849853515625e+01 7.872534790039062500e+02 9.658062744140625000e+01 3.663615584373474121e-01 2.000000000000000000e+00
6.914975585937500000e+02 2.283148193359375000e+01 7.334900512695312500e+02 6.361376190185546875e+01 3.131012916564941406e-01 2.000000000000000000e+00
