9.915430297851562500e+02 5.789585571289062500e+02 1.076246093750000000e+03 6.303012695312500000e+02 5.261982679367065430e-01 2.000000000000000000e+00
4.766967468261718750e+02 6.196280517578125000e+02 5.843501586914062500e+02 7.537412719726562500e+02 5.006873011589050293e-01 2.000000000000000000e+00
1.076926391601562500e+03 6.037768554687500000e+02 1.264816650390625000e+03 6.733732299804687500e+02 4.487789869308471680e-01 2.000000000000000000e+00
2.160436248779296875e+02 7.494033813476562500e+01 2.777661132812500000e+02 1.213731155395507812e+02 4.112292826175689697e-01 2.000000000000000000e+00
1.335903406143188477e+00 6.203494262695312500e+02 2.225818634033203125e+02 7.849196777343750000e+02 4.030536711215972900e-01 2.000000000000000000e+00
5.731337280273437500e+02 5.566800537109375000e+02 6.436420288085937500e+02 6.238524780273437500e+02 3.606047034263610840e-01 2.000000000000000000e+00
5.774082641601562500e+02 5.709299926757812500e+02 6.543215332031250000e+02 6.747560424804687500e+02 3.287559151649475098e-01 2.000000000000000000e+00
3.556553649902343750e+02 3.710543212890625000e+02 4.666072998046875000e+02 4.442427062988281250e+02 3.222499787807464600e-01 2.000000000000000000e+00
8.738802490234375000e+02 5.158048706054687500e+02 9.792501220703125000e+02 5.943145141601562500e+02 3.177148103713989258e-01 2.000000000000000000e+00
4.706731872558593750e+02 5.062401123046875000e+02 5.231151123046875000e+02 5.583580322265625000e+02 2.968418002128601074e-01 2.000000000000000000e+00
7.168311767578125000e+02 6.568486328125000000e+02 8.068457641601562500e+02 7.289357299804687500e+02 2.760390937328338623e-01 2.000000000000000000e+00
6.262359008789062500e+02 7.249855957031250000e+02 7.136871337890625000e+02 7.866481933593750000e+02 2.574832737445831299e-01 2.000000000000000000e+00
