3.350021972656250000e+02 3.524734802246093750e+02 3.734016113281250000e+02 3.773511047363281250e+02 6.310115456581115723e-01 2.000000000000000000e+00
4.774248352050781250e+02 3.406166687011718750e+02 5.171599121093750000e+02 3.671090698242187500e+02 5.823929309844970703e-01 2.000000000000000000e+00
8.900863037109375000e+02 5.219287109375000000e+02 9.251282348632812500e+02 5.448106079101562500e+02 5.751798152923583984e-01 2.000000000000000000e+00
3.478496398925781250e+02 3.906116333007812500e+02 3.870743713378906250e+02 4.150445861816406250e+02 5.413366556167602539e-01 2.000000000000000000e+00
1.018617858886718750e+03 3.120648803710937500e+02 1.053031005859375000e+03 3.295709533691406250e+02 5.184144377708435059e-01 2.000000000000000000e+00
9.641208496093750000e+02 3.730001220703125000e+02 1.002015747070312500e+03 3.928436279296875000e+02 5.090677142143249512e-01 2.000000000000000000e+00
3.825758972167968750e+02 2.844641418457031250e+02 4.190750122070312500e+02 3.011491088867187500e+02 4.846840798854827881e-01 2.000000000000000000e+00
9.181455078125000000e+02 3.388568115234375000e+02 9.587650146484375000e+02 3.600236511230468750e+02 4.813139438629150391e-01 2.000000000000000000e+00
8.418778686523437500e+02 5.029041442871093750e+02 8.808753051757812500e+02 5.304956054687500000e+02 4.735375940799713135e-01 2.000000000000000000e+00
7.539743652343750000e+02 3.355050964355468750e+02 7.923340454101562500e+02 3.571099548339843750e+02 4.697969853878021240e-01 2.000000000000000000e+00
8.859439697265625000e+02 4.075379333496093750e+02 9.305980224609375000e+02 4.299235534667968750e+02 4.611488580703735352e-01 2.000000000000000000e+00
9.537862548828125000e+02 4.734913635253906250e+02 1.036958862304687500e+03 5.322725830078125000e+02 4.605925679206848145e-01 7.000000000000000000e+00
6.609176025390625000e+02 3.375562438964843750e+02 6.961499023437500000e+02 3.563884582519531250e+02 4.585411846637725830e-01 2.000000000000000000e+00
6.773095092773437500e+02 4.392425231933593750e+02 7.105672607421875000e+02 4.646416931152343750e+02 4.560523629188537598e-01 2.000000000000000000e+00
5.199840698242187500e+02 3.041872558593750000e+02 5.618949584960937500e+02 3.267076721191406250e+02 4.406450688838958740e-01 2.000000000000000000e+00
7.225062255859375000e+02 3.514794006347656250e+02 7.562720336914062500e+02 3.730425109863281250e+02 4.247673749923706055e-01 2.000000000000000000e+00
8.310429077148437500e+02 3.342919616699218750e+02 8.707185668945312500e+02 3.567727966308593750e+02 4.224074780941009521e-01 2.000000000000000000e+00
5.529967117309570312e+01 3.581972045898437500e+02 9.000941467285156250e+01 3.766501770019531250e+02 4.023848772048950195e-01 2.000000000000000000e+00
7.244457397460937500e+02 3.082823791503906250e+02 7.571147460937500000e+02 3.282479248046875000e+02 3.944386541843414307e-01 2.000000000000000000e+00
1.019027465820312500e+03 3.413926696777343750e+02 1.055355712890625000e+03 3.599597778320312500e+02 3.801917731761932373e-01 2.000000000000000000e+00
8.893181610107421875e+01 3.822059326171875000e+02 1.278720092773437500e+02 4.018124084472656250e+02 3.682155013084411621e-01 2.000000000000000000e+00
5.170036621093750000e+02 3.811808471679687500e+02 5.592846069335937500e+02 4.037735595703125000e+02 3.479299247264862061e-01 2.000000000000000000e+00
2.328494415283203125e+02 2.779299926757812500e+02 2.781868896484375000e+02 2.964351501464843750e+02 3.476068079471588135e-01 2.000000000000000000e+00
4.001034240722656250e+02 3.562796325683593750e+02 4.362334899902343750e+02 3.799755249023437500e+02 3.407822251319885254e-01 2.000000000000000000e+00
2.039732513427734375e+02 3.092416687011718750e+02 2.917017822265625000e+02 3.503041381835937500e+02 3.306724727153778076e-01 2.000000000000000000e+00
3.964519348144531250e+02 3.796875915527343750e+02 4.334760131835937500e+02 4.129689941406250000e+02 3.300677835941314697e-01 2.000000000000000000e+00
6.567158203125000000e+02 6.207185668945312500e+02 6.943759765625000000e+02 6.694108276367187500e+02 2.579516470432281494e-01 2.000000000000000000e+00
