7.376057739257812500e+02 1.782423248291015625e+02 8.025967407226562500e+02 2.289140167236328125e+02 7.203461527824401855e-01 2.000000000000000000e+00
4.009458923339843750e+02 3.843016357421875000e+02 4.918260498046875000e+02 4.547603759765625000e+02 7.195850610733032227e-01 2.000000000000000000e+00
0.000000000000000000e+00 9.236668701171875000e+02 1.598748779296875000e+02 1.051974609375000000e+03 6.992089748382568359e-01 7.000000000000000000e+00
5.964920043945312500e+02 2.665282287597656250e+02 6.781626586914062500e+02 3.210837097167968750e+02 6.752771139144897461e-01 2.000000000000000000e+00
1.543256225585937500e+02 8.204248046875000000e+02 3.023864135742187500e+02 9.171123046875000000e+02 6.620161533355712891e-01 2.000000000000000000e+00
4.360536858439445496e-02 6.719431152343750000e+02 6.051208877563476562e+01 7.321231079101562500e+02 5.714733600616455078e-01 2.000000000000000000e+00
8.883265991210937500e+02 2.759809570312500000e+02 9.550515747070312500e+02 3.703550720214843750e+02 4.860820770263671875e-01 5.800000000000000000e+01
7.987329101562500000e+02 1.356020660400390625e+02 8.627427978515625000e+02 1.873868713378906250e+02 4.539972543716430664e-01 2.000000000000000000e+00
7.513859252929687500e+02 3.783494873046875000e+02 8.325039062500000000e+02 4.404527587890625000e+02 4.298590421676635742e-01 5.800000000000000000e+01
6.951074218750000000e+01 5.810370483398437500e+02 1.903787384033203125e+02 6.714945068359375000e+02 4.113990366458892822e-01 7.000000000000000000e+00
6.407861328125000000e+02 4.520694580078125000e+02 7.403706054687500000e+02 5.431510620117187500e+02 4.086526632308959961e-01 5.800000000000000000e+01
8.233474121093750000e+02 3.297493896484375000e+02 8.991721801757812500e+02 3.953506774902343750e+02 4.015741050243377686e-01 5.800000000000000000e+01
5.096285705566406250e+02 3.173995361328125000e+02 5.927553710937500000e+02 3.750513916015625000e+02 3.983983695507049561e-01 2.000000000000000000e+00
6.904453277587890625e+01 5.833740234375000000e+02 1.879199066162109375e+02 6.682068481445312500e+02 3.964256346225738525e-01 2.000000000000000000e+00
9.733352661132812500e+02 2.897175216674804688e+01 1.022460266113281250e+03 7.133419036865234375e+01 3.899647891521453857e-01 2.000000000000000000e+00
6.201129760742187500e+02 5.800590209960937500e+02 7.256325683593750000e+02 6.776572875976562500e+02 3.888667523860931396e-01 2.000000000000000000e+00
1.546387207031250000e+03 4.964765930175781250e+01 1.588576293945312500e+03 9.108840942382812500e+01 3.854518532752990723e-01 2.000000000000000000e+00
1.018727233886718750e+03 1.369373679161071777e+00 1.068427612304687500e+03 3.771132659912109375e+01 3.253308534622192383e-01 2.000000000000000000e+00
9.939330444335937500e+02 1.843860626220703125e+02 1.085741821289062500e+03 2.551723327636718750e+02 3.100489079952239990e-01 5.800000000000000000e+01
4.656824111938476562e+01 3.250966186523437500e+02 1.261170196533203125e+02 3.800905151367187500e+02 3.095127940177917480e-01 2.000000000000000000e+00
6.381403808593750000e+02 4.517612304687500000e+02 7.424776611328125000e+02 5.455534057617187500e+02 3.034861683845520020e-01 2.000000000000000000e+00
7.370781250000000000e+02 4.924291076660156250e+02 8.276373901367187500e+02 5.717232666015625000e+02 2.961335480213165283e-01 2.000000000000000000e+00
9.584185180664062500e+02 2.353120117187500000e+02 1.021678833007812500e+03 2.769385375976562500e+02 2.645004093647003174e-01 2.000000000000000000e+00
6.348966674804687500e+02 4.745330505371093750e+02 6.989504394531250000e+02 5.389871215820312500e+02 2.597773075103759766e-01 2.000000000000000000e+00
3.141856994628906250e+02 6.579133911132812500e+02 3.675596008300781250e+02 6.966955566406250000e+02 2.566108405590057373e-01 3.000000000000000000e+00
1.666378784179687500e+02 4.633294677734375000e+02 3.377119140625000000e+02 6.007521362304687500e+02 2.520268857479095459e-01 7.000000000000000000e+00
