8.422412109375000000e+02 3.001163940429687500e+02 8.972785644531250000e+02 3.319505004882812500e+02 7.135767936706542969e-01 2.000000000000000000e+00
3.898405151367187500e+02 5.098645324707031250e+02 4.613893737792968750e+02 5.462590332031250000e+02 5.094178318977355957e-01 2.000000000000000000e+00
1.140062133789062500e+03 6.034699096679687500e+02 1.228207031250000000e+03 6.500228881835937500e+02 4.878392219543457031e-01 2.000000000000000000e+00
1.330909667968750000e+03 9.193491363525390625e+01 1.369550537109375000e+03 1.223330993652343750e+02 4.650278687477111816e-01 2.000000000000000000e+00
1.225923339843750000e+03 1.074128150939941406e+01 1.273290283203125000e+03 3.542132949829101562e+01 4.462442398071289062e-01 2.000000000000000000e+00
8.586054077148437500e+02 5.770402221679687500e+02 9.205658569335937500e+02 6.270078735351562500e+02 4.424644112586975098e-01 2.000000000000000000e+00
7.517497558593750000e+02 5.610843505859375000e+02 8.394058837890625000e+02 6.051036376953125000e+02 3.737474977970123291e-01 2.000000000000000000e+00
6.994517211914062500e+02 5.391314086914062500e+02 7.722604370117187500e+02 5.835897216796875000e+02 3.444488048553466797e-01 2.000000000000000000e+00
8.988880615234375000e+02 6.427343750000000000e+02 9.747401123046875000e+02 6.809184570312500000e+02 3.380388617515563965e-01 2.000000000000000000e+00
1.233081436157226562e+02 2.557591857910156250e+02 1.869559936523437500e+02 2.884805603027343750e+02 3.207960128784179688e-01 2.000000000000000000e+00
3.201645507812500000e+02 2.898622741699218750e+02 3.892027587890625000e+02 3.226553344726562500e+02 3.110893964767456055e-01 2.000000000000000000e+00
6.458394775390625000e+02 5.186198120117187500e+02 7.801729736328125000e+02 5.856491088867187500e+02 2.963673174381256104e-01 2.000000000000000000e+00
1.067531509399414062e+02 2.015429077148437500e+02 2.678980407714843750e+02 2.662002258300781250e+02 2.942999005317687988e-01 7.000000000000000000e+00
1.226846191406250000e+03 5.019641113281250000e+02 1.398024291992187500e+03 5.921510620117187500e+02 2.856646776199340820e-01 2.000000000000000000e+00
6.966366577148437500e+02 5.441782226562500000e+02 8.273391113281250000e+02 5.945948486328125000e+02 2.569309771060943604e-01 2.000000000000000000e+00
1.253682617187500000e+03 1.511237182617187500e+02 1.306867553710937500e+03 1.847427062988281250e+02 2.549190819263458252e-01 2.000000000000000000e+00
