5.647671508789062500e+02 4.681321716308593750e+02 6.520832519531250000e+02 5.281400756835937500e+02 8.391955494880676270e-01 2.000000000000000000e+00
9.749374389648437500e+02 6.609495849609375000e+02 1.084559204101562500e+03 7.323317260742187500e+02 8.185546398162841797e-01 2.000000000000000000e+00
9.203282470703125000e+02 7.625185546875000000e+02 1.035478515625000000e+03 8.443527832031250000e+02 8.060781955718994141e-01 2.000000000000000000e+00
1.187657104492187500e+03 7.610925292968750000e+02 1.293535400390625000e+03 8.434874877929687500e+02 7.495976686477661133e-01 2.000000000000000000e+00
8.633568115234375000e+02 6.015577392578125000e+02 9.595936889648437500e+02 6.744857788085937500e+02 7.402663230895996094e-01 2.000000000000000000e+00
4.443937072753906250e+02 5.117296142578125000e+02 5.239558715820312500e+02 5.664537963867187500e+02 6.826817393302917480e-01 2.000000000000000000e+00
1.397996215820312500e+03 8.697980346679687500e+02 1.548972534179687500e+03 9.644678955078125000e+02 6.719519495964050293e-01 2.000000000000000000e+00
1.785093750000000000e+03 8.269657897949218750e+01 1.829136474609375000e+03 1.114718704223632812e+02 5.365733504295349121e-01 2.000000000000000000e+00
4.947782592773437500e+02 4.307395629882812500e+02 5.790419921875000000e+02 4.905326232910156250e+02 5.230858922004699707e-01 2.000000000000000000e+00
7.596361694335937500e+02 1.479405975341796875e+02 8.968807373046875000e+02 3.873960876464843750e+02 3.211935758590698242e-01 5.000000000000000000e+00
7.800493774414062500e+02 5.705031738281250000e+02 8.480068359375000000e+02 6.229560546875000000e+02 3.169302344322204590e-01 2.000000000000000000e+00
4.993480224609375000e+02 3.657903442382812500e+02 5.958142089843750000e+02 4.245915527343750000e+02 2.948399484157562256e-01 2.000000000000000000e+00
1.675745483398437500e+03 6.131941528320312500e+02 1.892444091796875000e+03 8.240356445312500000e+02 2.764736413955688477e-01 2.000000000000000000e+00
1.512028320312500000e+03 4.026361694335937500e+02 1.599035278320312500e+03 4.667174682617187500e+02 2.670994699001312256e-01 2.000000000000000000e+00
1.835350708007812500e+03 2.378325500488281250e+02 1.916000000000000000e+03 2.919283142089843750e+02 2.633187174797058105e-01 2.000000000000000000e+00
