2.012231597900390625e+02 3.650552673339843750e+02 3.357799377441406250e+02 5.385740966796875000e+02 8.684163093566894531e-01 2.000000000000000000e+00
4.170926208496093750e+02 1.759720001220703125e+02 5.033928527832031250e+02 2.626951904296875000e+02 8.302818536758422852e-01 2.000000000000000000e+00
7.444621582031250000e+02 2.053601989746093750e+02 8.126454467773437500e+02 3.013525695800781250e+02 7.360126972198486328e-01 2.000000000000000000e+00
6.427390136718750000e+02 2.397416992187500000e+02 7.173584594726562500e+02 3.468838195800781250e+02 7.259011864662170410e-01 2.000000000000000000e+00
1.089593276977539062e+02 5.149436035156250000e+02 2.558743743896484375e+02 6.143811645507812500e+02 6.738121509552001953e-01 2.000000000000000000e+00
4.460211181640625000e+02 6.385829544067382812e+01 5.164776611328125000e+02 1.305049591064453125e+02 6.510201692581176758e-01 2.000000000000000000e+00
3.962149047851562500e+02 9.657138061523437500e+01 4.682325744628906250e+02 1.935661773681640625e+02 6.291318535804748535e-01 2.000000000000000000e+00
0.000000000000000000e+00 6.297471313476562500e+02 3.898361206054687500e+01 7.262873535156250000e+02 6.265392899513244629e-01 2.000000000000000000e+00
7.333676757812500000e+02 3.345168762207031250e+02 8.087664184570312500e+02 4.309141235351562500e+02 6.214836239814758301e-01 2.000000000000000000e+00
3.413078308105468750e+02 1.709806823730468750e+02 4.173845520019531250e+02 2.878460693359375000e+02 5.626408457756042480e-01 2.000000000000000000e+00
8.554852008819580078e-01 7.005306396484375000e+02 1.723162231445312500e+02 9.544865112304687500e+02 5.527781844139099121e-01 2.000000000000000000e+00
4.548598022460937500e+02 2.107234001159667969e+01 5.081608886718750000e+02 7.559872436523437500e+01 3.676614761352539062e-01 2.000000000000000000e+00
9.546759033203125000e+02 0.000000000000000000e+00 1.020126403808593750e+03 6.715251922607421875e+01 3.517663180828094482e-01 2.000000000000000000e+00
7.538413696289062500e+02 1.161220169067382812e+02 8.117048950195312500e+02 1.873036804199218750e+02 3.303347527980804443e-01 2.000000000000000000e+00
4.891486816406250000e+02 0.000000000000000000e+00 5.555980834960937500e+02 9.018768310546875000e+01 3.230547010898590088e-01 2.000000000000000000e+00
9.518222045898437500e+02 0.000000000000000000e+00 1.019385009765625000e+03 6.926553344726562500e+01 3.197060525417327881e-01 7.000000000000000000e+00
2.538595733642578125e+02 1.525120239257812500e+02 3.270457153320312500e+02 2.131152801513671875e+02 3.163783550262451172e-01 2.000000000000000000e+00
3.118794555664062500e+02 9.414078521728515625e+01 3.356608581542968750e+02 1.497077484130859375e+02 2.675809562206268311e-01 0.000000000000000000e+00
9.229951477050781250e+01 1.364826507568359375e+02 1.496467590332031250e+02 2.254420318603515625e+02 2.511831223964691162e-01 0.000000000000000000e+00
