7.763020629882812500e+02 5.123333740234375000e+02 8.597409667968750000e+02 5.612922363281250000e+02 8.389030694961547852e-01 2.000000000000000000e+00
6.143182373046875000e+02 5.729346313476562500e+02 6.936836547851562500e+02 6.323461303710937500e+02 8.348947167396545410e-01 2.000000000000000000e+00
7.419564208984375000e+02 4.510747985839843750e+02 8.118217163085937500e+02 4.966193847656250000e+02 8.029706478118896484e-01 2.000000000000000000e+00
4.770794677734375000e+02 3.385848693847656250e+02 5.392736206054687500e+02 3.779897155761718750e+02 7.751268148422241211e-01 2.000000000000000000e+00
8.151643676757812500e+02 6.137865600585937500e+02 8.966587524414062500e+02 6.807266845703125000e+02 7.549971938133239746e-01 2.000000000000000000e+00
1.215844238281250000e+03 7.361964111328125000e+02 1.322108032226562500e+03 8.057834472656250000e+02 7.517536878585815430e-01 2.000000000000000000e+00
1.097243408203125000e+03 6.345598754882812500e+02 1.186937866210937500e+03 6.922633056640625000e+02 7.215717434883117676e-01 2.000000000000000000e+00
3.514079589843750000e+02 3.117130432128906250e+02 4.068314819335937500e+02 3.460397338867187500e+02 6.759455800056457520e-01 2.000000000000000000e+00
4.550600891113281250e+02 4.972667846679687500e+02 5.205482177734375000e+02 5.472437133789062500e+02 6.725768446922302246e-01 2.000000000000000000e+00
3.207354125976562500e+02 3.427508544921875000e+02 3.692180175781250000e+02 3.828470458984375000e+02 6.673027276992797852e-01 2.000000000000000000e+00
5.455018310546875000e+02 4.686618347167968750e+02 6.475966796875000000e+02 5.478723754882812500e+02 6.489965915679931641e-01 2.000000000000000000e+00
1.123880615234375000e+03 7.656196289062500000e+02 1.225448730468750000e+03 8.472020263671875000e+02 6.302348971366882324e-01 2.000000000000000000e+00
0.000000000000000000e+00 2.077086944580078125e+02 3.492397308349609375e+01 2.382509765625000000e+02 6.221238970756530762e-01 2.000000000000000000e+00
1.232660034179687500e+03 6.495423583984375000e+02 1.333213134765625000e+03 7.095984497070312500e+02 6.175438165664672852e-01 2.000000000000000000e+00
3.812152709960937500e+02 4.151819152832031250e+02 4.511953735351562500e+02 4.643627624511718750e+02 6.098045706748962402e-01 2.000000000000000000e+00
1.816899719238281250e+02 2.086990356445312500e+02 2.373094635009765625e+02 2.409871520996093750e+02 6.077753901481628418e-01 2.000000000000000000e+00
2.439534912109375000e+02 3.429598388671875000e+02 3.027518310546875000e+02 3.834912719726562500e+02 5.990577340126037598e-01 2.000000000000000000e+00
1.355424438476562500e+03 8.043245239257812500e+02 1.399272949218750000e+03 8.575621948242187500e+02 5.827928185462951660e-01 2.000000000000000000e+00
2.969013977050781250e+01 2.480417938232421875e+02 1.486314697265625000e+02 3.336129150390625000e+02 5.730281472206115723e-01 7.000000000000000000e+00
2.276030883789062500e+02 2.960886230468750000e+02 2.796780090332031250e+02 3.313524475097656250e+02 5.666709542274475098e-01 2.000000000000000000e+00
7.859708251953125000e+02 2.486366119384765625e+02 8.251654663085937500e+02 2.917956542968750000e+02 5.209300518035888672e-01 2.000000000000000000e+00
9.890772247314453125e+01 1.949710235595703125e+02 1.354625396728515625e+02 2.219936981201171875e+02 5.096014142036437988e-01 2.000000000000000000e+00
3.875275878906250000e+02 3.783458862304687500e+02 4.537154846191406250e+02 4.224086303710937500e+02 4.958422183990478516e-01 2.000000000000000000e+00
2.586964416503906250e+02 1.628370361328125000e+02 3.150745544433593750e+02 1.906842346191406250e+02 4.800053536891937256e-01 2.000000000000000000e+00
1.081508300781250000e+03 5.324695434570312500e+02 1.115319824218750000e+03 5.690728149414062500e+02 4.478059709072113037e-01 2.000000000000000000e+00
2.814590454101562500e+02 3.954850463867187500e+02 3.459992370605468750e+02 4.454695129394531250e+02 4.406146705150604248e-01 2.000000000000000000e+00
7.408211059570312500e+02 8.453393554687500000e+01 7.693313598632812500e+02 1.040378189086914062e+02 3.365634381771087646e-01 2.000000000000000000e+00
8.761495971679687500e+02 4.473506164550781250e+02 9.595413818359375000e+02 4.785800476074218750e+02 3.349497616291046143e-01 2.000000000000000000e+00
1.046209106445312500e+03 4.937175598144531250e+02 1.062494506835937500e+03 5.193687744140625000e+02 3.233373165130615234e-01 0.000000000000000000e+00
4.804372558593750000e+02 2.731696472167968750e+02 4.943474731445312500e+02 3.049897766113281250e+02 2.811139225959777832e-01 9.000000000000000000e+00
2.328713226318359375e+02 3.121208496093750000e+02 2.893038024902343750e+02 3.747934570312500000e+02 2.667469978332519531e-01 2.000000000000000000e+00
