9.242541503906250000e+02 5.619337768554687500e+02 1.010075988769531250e+03 6.236028442382812500e+02 7.629531621932983398e-01 2.000000000000000000e+00
1.147553466796875000e+03 3.309101562500000000e+02 1.226525024414062500e+03 3.833363952636718750e+02 5.854027867317199707e-01 2.000000000000000000e+00
7.432204589843750000e+02 9.398517456054687500e+02 7.662249755859375000e+02 9.929888305664062500e+02 4.464196860790252686e-01 0.000000000000000000e+00
9.878530883789062500e+02 5.192389526367187500e+02 1.057707031250000000e+03 5.836076660156250000e+02 4.261993765830993652e-01 2.000000000000000000e+00
7.229678344726562500e+02 1.320121917724609375e+02 7.834772949218750000e+02 1.840850677490234375e+02 4.134913086891174316e-01 2.000000000000000000e+00
7.774300537109375000e+02 9.597767333984375000e+02 8.032396240234375000e+02 1.010332580566406250e+03 3.863438963890075684e-01 0.000000000000000000e+00
7.666168212890625000e+02 1.027392425537109375e+02 8.411524658203125000e+02 1.512107543945312500e+02 3.575396835803985596e-01 2.000000000000000000e+00
1.093791748046875000e+03 5.429743041992187500e+02 1.145943847656250000e+03 6.030545043945312500e+02 3.519995808601379395e-01 2.000000000000000000e+00
6.595285034179687500e+02 1.545703582763671875e+02 6.933051757812500000e+02 1.883778381347656250e+02 3.454552888870239258e-01 2.000000000000000000e+00
7.303645629882812500e+02 1.092368392944335938e+02 8.243703613281250000e+02 1.773672180175781250e+02 3.230749070644378662e-01 2.000000000000000000e+00
1.008711914062500000e+03 5.216709594726562500e+02 1.060091430664062500e+03 5.630812988281250000e+02 3.180984258651733398e-01 2.000000000000000000e+00
8.601007080078125000e+02 1.091799621582031250e+02 8.993922119140625000e+02 1.394481964111328125e+02 3.166765868663787842e-01 2.000000000000000000e+00
1.078268432617187500e+03 4.175275268554687500e+02 1.146770141601562500e+03 4.668820190429687500e+02 2.670767605304718018e-01 2.000000000000000000e+00
