1.012104614257812500e+03 6.373115234375000000e+02 1.111019165039062500e+03 7.245475463867187500e+02 8.322670459747314453e-01 2.000000000000000000e+00
6.792153930664062500e+02 3.337869873046875000e+02 7.736999511718750000e+02 4.034488525390625000e+02 8.152560591697692871e-01 2.000000000000000000e+00
1.187150634765625000e+03 7.699973754882812500e+02 1.329478881835937500e+03 8.927849731445312500e+02 8.135799765586853027e-01 2.000000000000000000e+00
0.000000000000000000e+00 7.975042114257812500e+02 1.331365356445312500e+02 9.147241210937500000e+02 7.987214922904968262e-01 2.000000000000000000e+00
8.395513916015625000e+02 4.764413757324218750e+02 9.430298461914062500e+02 5.681972045898437500e+02 7.928593754768371582e-01 2.000000000000000000e+00
9.411760253906250000e+02 8.809339599609375000e+02 1.095933593750000000e+03 1.033804443359375000e+03 7.640077471733093262e-01 2.000000000000000000e+00
3.062350769042968750e+02 2.231441650390625000e+02 3.873773193359375000e+02 2.885488281250000000e+02 7.153265476226806641e-01 2.000000000000000000e+00
7.872718572616577148e-01 7.519050292968750000e+02 7.824472808837890625e+01 8.405509033203125000e+02 6.925180554389953613e-01 2.000000000000000000e+00
7.531981201171875000e+02 6.336011962890625000e+02 8.362642822265625000e+02 7.522089843750000000e+02 6.123048067092895508e-01 2.000000000000000000e+00
9.073883056640625000e+02 5.084750747680664062e+01 9.776393432617187500e+02 1.082222366333007812e+02 6.068139672279357910e-01 2.000000000000000000e+00
4.203623580932617188e+01 3.812556838989257812e+01 1.333819274902343750e+02 1.233964996337890625e+02 5.716577768325805664e-01 2.000000000000000000e+00
8.703207397460937500e+02 3.869701004028320312e+01 9.297739868164062500e+02 8.779663848876953125e+01 5.025523304939270020e-01 2.000000000000000000e+00
8.279169921875000000e+02 1.018772460937500000e+03 8.679936523437500000e+02 1.050000000000000000e+03 4.241551160812377930e-01 0.000000000000000000e+00
7.413202514648437500e+02 0.000000000000000000e+00 8.871296997070312500e+02 8.346279144287109375e+01 4.212897121906280518e-01 7.000000000000000000e+00
1.322736663818359375e+02 4.191172790527343750e+01 2.587550964355468750e+02 1.297648162841796875e+02 4.197183549404144287e-01 2.000000000000000000e+00
2.701695556640625000e+02 9.049686889648437500e+02 3.061895446777343750e+02 9.367320556640625000e+02 4.190728664398193359e-01 2.000000000000000000e+00
4.024311447143554688e+01 9.531920623779296875e+01 1.262022171020507812e+02 1.536183166503906250e+02 4.183748364448547363e-01 2.000000000000000000e+00
1.828556671142578125e+02 2.021722259521484375e+02 2.627447814941406250e+02 2.707076721191406250e+02 3.774680793285369873e-01 2.000000000000000000e+00
1.816655578613281250e+02 9.514519653320312500e+02 2.417998352050781250e+02 9.934196777343750000e+02 3.718690574169158936e-01 2.000000000000000000e+00
7.400516357421875000e+02 1.528681516647338867e+00 8.973862304687500000e+02 8.167456054687500000e+01 3.422146439552307129e-01 2.000000000000000000e+00
7.766247558593750000e+02 9.286229858398437500e+02 8.272907104492187500e+02 9.727225341796875000e+02 2.908044457435607910e-01 2.000000000000000000e+00
8.188416748046875000e+02 3.031814575195312500e+01 8.990431518554687500e+02 8.265082550048828125e+01 2.845334708690643311e-01 2.000000000000000000e+00
7.390253906250000000e+02 0.000000000000000000e+00 8.866011352539062500e+02 8.471417236328125000e+01 2.828466594219207764e-01 5.000000000000000000e+00
0.000000000000000000e+00 2.070818901062011719e+00 1.747356033325195312e+01 3.986521530151367188e+01 2.733877897262573242e-01 2.000000000000000000e+00
