4.792693786621093750e+02 5.104437561035156250e+02 5.460819702148437500e+02 5.794923706054687500e+02 6.895803809165954590e-01 2.000000000000000000e+00
2.721750488281250000e+02 2.150195007324218750e+02 3.319893188476562500e+02 2.685580444335937500e+02 6.655359268188476562e-01 2.000000000000000000e+00
1.416914367675781250e+02 1.290308532714843750e+02 1.937539215087890625e+02 1.757508239746093750e+02 6.536666750907897949e-01 2.000000000000000000e+00
2.208538818359375000e+02 2.960426330566406250e+02 2.654374389648437500e+02 3.392137145996093750e+02 6.041835546493530273e-01 2.000000000000000000e+00
3.055481872558593750e+02 1.206610641479492188e+02 3.432130737304687500e+02 1.643728179931640625e+02 5.974230766296386719e-01 2.000000000000000000e+00
2.521382141113281250e+02 2.677029418945312500e+02 3.105470886230468750e+02 3.220721435546875000e+02 5.432314276695251465e-01 2.000000000000000000e+00
8.365194091796875000e+02 3.014323730468750000e+02 8.801749877929687500e+02 3.573877258300781250e+02 4.389834105968475342e-01 2.000000000000000000e+00
2.282834625244140625e+02 2.795735778808593750e+02 3.035824584960937500e+02 3.341170959472656250e+02 3.731988370418548584e-01 2.000000000000000000e+00
1.046190673828125000e+03 1.219546356201171875e+02 1.075262084960937500e+03 1.697431182861328125e+02 3.510323762893676758e-01 2.000000000000000000e+00
5.072164916992187500e+02 3.938173294067382812e+01 5.642175292968750000e+02 1.020280303955078125e+02 3.257775306701660156e-01 2.000000000000000000e+00
1.029728393554687500e+03 5.885085296630859375e+01 1.057341674804687500e+03 1.128222198486328125e+02 3.153040111064910889e-01 2.000000000000000000e+00
5.085229873657226562e-02 1.530970306396484375e+02 9.785785675048828125e+01 3.193164672851562500e+02 3.106836974620819092e-01 5.000000000000000000e+00
3.949425964355468750e+02 6.739482421875000000e+02 4.462814025878906250e+02 7.266503906250000000e+02 2.917457520961761475e-01 2.000000000000000000e+00
