9.345864868164062500e+02 5.045112304687500000e+02 1.099043945312500000e+03 7.376989746093750000e+02 7.263407111167907715e-01 5.000000000000000000e+00
9.685103759765625000e+02 3.228634033203125000e+02 1.029495483398437500e+03 3.808560485839843750e+02 6.822913289070129395e-01 2.000000000000000000e+00
8.961026000976562500e+02 1.982613220214843750e+02 9.523572998046875000e+02 2.538351287841796875e+02 5.605096220970153809e-01 2.000000000000000000e+00
7.627936401367187500e+02 7.923053741455078125e+01 8.190057983398437500e+02 1.198903808593750000e+02 5.148719549179077148e-01 2.000000000000000000e+00
6.891134643554687500e+02 3.052476501464843750e+02 7.420333251953125000e+02 3.652631530761718750e+02 4.947247803211212158e-01 2.000000000000000000e+00
1.138273193359375000e+03 3.700241699218750000e+02 1.210317504882812500e+03 4.463616638183593750e+02 4.879304468631744385e-01 2.000000000000000000e+00
8.085095825195312500e+02 1.854034881591796875e+02 8.656749267578125000e+02 2.364920196533203125e+02 4.419149160385131836e-01 2.000000000000000000e+00
1.134783447265625000e+03 3.714368591308593750e+02 1.207640258789062500e+03 4.456811523437500000e+02 3.495604097843170166e-01 7.000000000000000000e+00
8.384664306640625000e+02 8.853774261474609375e+01 9.529194335937500000e+02 2.055733795166015625e+02 3.336102366447448730e-01 7.000000000000000000e+00
8.290800170898437500e+02 6.028681945800781250e+01 9.092956542968750000e+02 1.013348464965820312e+02 2.971642613410949707e-01 2.000000000000000000e+00
3.774336853027343750e+02 0.000000000000000000e+00 4.429314575195312500e+02 3.613709259033203125e+01 2.843773961067199707e-01 2.000000000000000000e+00
8.157777099609375000e+02 2.153270339965820312e+01 8.922513427734375000e+02 6.676584625244140625e+01 2.836481928825378418e-01 2.000000000000000000e+00
6.524761962890625000e+02 2.064882354736328125e+02 7.182112426757812500e+02 2.663940124511718750e+02 2.560325264930725098e-01 2.000000000000000000e+00
