6.036223754882812500e+02 2.971217651367187500e+02 7.034593505859375000e+02 5.140343627929687500e+02 8.631646633148193359e-01 6.700000000000000000e+01
8.629216308593750000e+02 4.174325561523437500e+02 9.785311889648437500e+02 6.475678100585937500e+02 8.554275631904602051e-01 6.700000000000000000e+01
5.834152221679687500e+02 5.850036010742187500e+02 6.984129028320312500e+02 8.361624755859375000e+02 8.483893275260925293e-01 6.700000000000000000e+01
7.237515258789062500e+02 1.202338943481445312e+02 8.191730957031250000e+02 3.047608642578125000e+02 7.353321313858032227e-01 6.700000000000000000e+01
7.354668579101562500e+02 6.342271728515625000e+02 8.416857910156250000e+02 9.210826416015625000e+02 7.152328491210937500e-01 6.700000000000000000e+01
3.691677856445312500e+02 4.046266555786132812e+01 4.829434204101562500e+02 2.576070251464843750e+02 5.851888656616210938e-01 6.700000000000000000e+01
1.059893676757812500e+03 6.957886962890625000e+02 1.211288574218750000e+03 1.019027465820312500e+03 4.928005337715148926e-01 2.000000000000000000e+00
6.238908691406250000e+02 0.000000000000000000e+00 7.089481811523437500e+02 9.833843994140625000e+01 4.009613692760467529e-01 4.100000000000000000e+01
9.960160522460937500e+02 9.014725685119628906e-02 1.115356933593750000e+03 1.882992401123046875e+02 3.995774090290069580e-01 4.100000000000000000e+01
6.247397460937500000e+02 0.000000000000000000e+00 7.079731445312500000e+02 9.931804656982421875e+01 3.857178390026092529e-01 3.900000000000000000e+01
7.137789306640625000e+02 0.000000000000000000e+00 8.126907958984375000e+02 7.391716003417968750e+01 3.717336654663085938e-01 4.100000000000000000e+01
3.690183105468750000e+02 3.605799484252929688e+01 4.858228759765625000e+02 2.540337219238281250e+02 3.170212209224700928e-01 2.000000000000000000e+00
1.030653930664062500e+03 3.849383850097656250e+02 1.159247802734375000e+03 6.234227905273437500e+02 2.572651207447052002e-01 6.700000000000000000e+01
