6.644825439453125000e+02 3.099555664062500000e+02 7.157798461914062500e+02 3.352405700683593750e+02 7.225880026817321777e-01 2.000000000000000000e+00
4.047502136230468750e+02 3.026859741210937500e+02 4.548167724609375000e+02 3.243118896484375000e+02 6.661618947982788086e-01 2.000000000000000000e+00
3.064154968261718750e+02 2.772190856933593750e+02 3.490021667480468750e+02 2.992323608398437500e+02 6.470499634742736816e-01 2.000000000000000000e+00
7.176687011718750000e+02 2.542689666748046875e+02 7.432089233398437500e+02 2.759776916503906250e+02 5.486841797828674316e-01 2.000000000000000000e+00
4.421898193359375000e+02 6.672333374023437500e+02 4.857360229492187500e+02 7.279234008789062500e+02 5.220182538032531738e-01 2.000000000000000000e+00
1.139210083007812500e+03 3.597464904785156250e+02 1.205670043945312500e+03 3.895885009765625000e+02 5.065253376960754395e-01 2.000000000000000000e+00
5.760629882812500000e+02 5.842883911132812500e+02 6.254414062500000000e+02 7.324044799804687500e+02 4.625030159950256348e-01 5.000000000000000000e+00
7.546810913085937500e+02 2.540346832275390625e+02 7.813337402343750000e+02 2.760843200683593750e+02 4.530414640903472900e-01 2.000000000000000000e+00
7.786040039062500000e+02 1.923943023681640625e+02 8.034683837890625000e+02 2.146010284423828125e+02 3.422406613826751709e-01 2.000000000000000000e+00
7.010369873046875000e+02 1.652776641845703125e+02 7.239963989257812500e+02 1.907267456054687500e+02 3.356688320636749268e-01 2.000000000000000000e+00
4.932285156250000000e+02 5.266195678710937500e+02 5.588745117187500000e+02 5.762827758789062500e+02 2.600314319133758545e-01 7.000000000000000000e+00
