9.189384765625000000e+02 1.058778152465820312e+02 1.016645202636718750e+03 1.972371215820312500e+02 6.926267743110656738e-01 5.000000000000000000e+00
6.995250244140625000e+02 3.692994384765625000e+02 7.464942016601562500e+02 3.996614074707031250e+02 6.364629268646240234e-01 2.000000000000000000e+00
1.041431884765625000e+03 1.450119781494140625e+02 1.087561645507812500e+03 1.773351135253906250e+02 6.118476986885070801e-01 2.000000000000000000e+00
1.162970703125000000e+03 6.003293991088867188e+01 1.209145019531250000e+03 9.248535156250000000e+01 5.925385355949401855e-01 2.000000000000000000e+00
6.325228271484375000e+02 6.287559204101562500e+02 6.791953125000000000e+02 6.753040771484375000e+02 5.498809218406677246e-01 2.000000000000000000e+00
2.738042297363281250e+02 2.579156494140625000e+02 3.204499511718750000e+02 2.900908813476562500e+02 5.386154651641845703e-01 2.000000000000000000e+00
1.242778930664062500e+03 1.961123046875000000e+02 1.295378784179687500e+03 2.327134704589843750e+02 5.066827535629272461e-01 2.000000000000000000e+00
3.697434082031250000e+02 1.783617858886718750e+02 4.157668151855468750e+02 2.171073303222656250e+02 4.782129228115081787e-01 2.000000000000000000e+00
8.752526245117187500e+02 4.456575012207031250e+02 9.289365844726562500e+02 4.921533508300781250e+02 4.398567080497741699e-01 2.000000000000000000e+00
1.092170654296875000e+03 6.762023925781250000e+02 1.142854370117187500e+03 7.347113647460937500e+02 4.366127252578735352e-01 2.000000000000000000e+00
6.457575073242187500e+02 4.349697570800781250e+02 7.373576049804687500e+02 5.224724731445312500e+02 4.230875968933105469e-01 7.000000000000000000e+00
4.587890014648437500e+02 1.485409545898437500e+02 4.939995422363281250e+02 1.856261138916015625e+02 4.085305333137512207e-01 2.000000000000000000e+00
3.397666931152343750e+02 1.692882080078125000e+02 3.837350463867187500e+02 1.983164978027343750e+02 4.007148742675781250e-01 2.000000000000000000e+00
1.358355346679687500e+03 1.363267974853515625e+02 1.400000000000000000e+03 1.721645660400390625e+02 3.981066346168518066e-01 2.000000000000000000e+00
4.040211486816406250e+02 8.899233245849609375e+01 4.306449890136718750e+02 1.240244064331054688e+02 3.741110861301422119e-01 2.000000000000000000e+00
3.888696594238281250e+02 1.347814025878906250e+02 4.221956481933593750e+02 1.639437866210937500e+02 3.631736636161804199e-01 2.000000000000000000e+00
7.869257354736328125e+01 3.293056640625000000e+02 2.151003723144531250e+02 4.537204589843750000e+02 3.505968749523162842e-01 5.000000000000000000e+00
8.624508976936340332e-01 6.791542816162109375e+01 4.336936569213867188e+01 1.082043380737304688e+02 3.472938835620880127e-01 2.000000000000000000e+00
1.199533691406250000e+03 6.893187713623046875e+01 1.282887084960937500e+03 1.438206024169921875e+02 3.424651622772216797e-01 2.000000000000000000e+00
1.190262084960937500e+03 3.066919860839843750e+02 1.239403686523437500e+03 3.395655822753906250e+02 3.276703655719757080e-01 2.000000000000000000e+00
4.195508422851562500e+02 1.884367828369140625e+02 4.534733276367187500e+02 2.145923919677734375e+02 3.051358759403228760e-01 2.000000000000000000e+00
2.875063476562500000e+02 1.983446350097656250e+02 3.338502502441406250e+02 2.346762847900390625e+02 2.874779105186462402e-01 2.000000000000000000e+00
1.201717895507812500e+03 6.009902954101562500e+01 1.291046997070312500e+03 1.444169158935546875e+02 2.851260304450988770e-01 5.000000000000000000e+00
6.472067871093750000e+02 4.352893981933593750e+02 7.376499633789062500e+02 5.212172851562500000e+02 2.730630040168762207e-01 5.000000000000000000e+00
6.433110961914062500e+02 4.340151977539062500e+02 7.384533691406250000e+02 5.224109497070312500e+02 2.633884549140930176e-01 2.000000000000000000e+00
9.572815895080566406e-01 1.584292449951171875e+02 1.527248687744140625e+02 4.756955871582031250e+02 2.559942007064819336e-01 5.000000000000000000e+00
