7.638103637695312500e+02 4.781768798828125000e+02 8.270489501953125000e+02 5.330310668945312500e+02 7.754524946212768555e-01 2.000000000000000000e+00
8.737287597656250000e+02 5.174010620117187500e+02 9.287977905273437500e+02 5.713950805664062500e+02 7.256179451942443848e-01 2.000000000000000000e+00
7.742891235351562500e+02 6.284329833984375000e+02 8.461201171875000000e+02 6.881710205078125000e+02 6.248076558113098145e-01 2.000000000000000000e+00
1.821902832031250000e+03 1.028572265625000000e+03 1.913394897460937500e+03 1.078000000000000000e+03 5.911849737167358398e-01 2.000000000000000000e+00
3.561585083007812500e+02 4.097315368652343750e+02 4.011433715820312500e+02 4.399296875000000000e+02 5.666751861572265625e-01 2.000000000000000000e+00
6.994259643554687500e+02 7.252631835937500000e+02 7.773922119140625000e+02 7.796553344726562500e+02 4.971723258495330811e-01 2.000000000000000000e+00
1.650859985351562500e+03 7.287742919921875000e+02 1.896982666015625000e+03 9.787944335937500000e+02 4.886290729045867920e-01 7.000000000000000000e+00
1.515535522460937500e+03 8.564981689453125000e+02 1.562664428710937500e+03 8.923568725585937500e+02 3.924075365066528320e-01 2.000000000000000000e+00
5.691801757812500000e+02 1.672575073242187500e+02 6.082675781250000000e+02 1.886108703613281250e+02 3.658932149410247803e-01 2.000000000000000000e+00
4.098554687500000000e+02 2.262118377685546875e+02 4.393963623046875000e+02 2.464610748291015625e+02 3.426593840122222900e-01 2.000000000000000000e+00
3.737770385742187500e+02 3.108649902343750000e+02 4.522101135253906250e+02 3.619892272949218750e+02 2.908428609371185303e-01 2.000000000000000000e+00
8.953240966796875000e+02 2.873888549804687500e+02 1.814840698242187500e+03 4.506896972656250000e+02 2.891333103179931641e-01 6.000000000000000000e+00
1.100183227539062500e+03 6.395206909179687500e+02 1.143889526367187500e+03 6.778982543945312500e+02 2.653403878211975098e-01 2.000000000000000000e+00
3.269115295410156250e+02 2.245136871337890625e+02 3.592691040039062500e+02 2.474608459472656250e+02 2.602626681327819824e-01 2.000000000000000000e+00
5.141904907226562500e+02 2.283839111328125000e+02 5.479876098632812500e+02 2.520016784667968750e+02 2.552710473537445068e-01 2.000000000000000000e+00
