4.128269042968750000e+02 4.391316223144531250e+02 4.817248229980468750e+02 4.923130798339843750e+02 8.772212862968444824e-01 2.000000000000000000e+00
3.264397583007812500e+02 3.896921691894531250e+02 4.012316589355468750e+02 4.477171325683593750e+02 8.323341608047485352e-01 2.000000000000000000e+00
9.905685424804687500e+01 5.394888305664062500e+02 2.347508850097656250e+02 6.376414184570312500e+02 8.217062950134277344e-01 2.000000000000000000e+00
6.056079101562500000e+02 4.229195556640625000e+02 6.551496582031250000e+02 4.742463684082031250e+02 7.864325642585754395e-01 2.000000000000000000e+00
8.329142456054687500e+02 4.856755065917968750e+02 9.163237915039062500e+02 5.647927856445312500e+02 7.779975533485412598e-01 2.000000000000000000e+00
5.040881347656250000e+02 3.213973388671875000e+02 5.396088256835937500e+02 3.589373779296875000e+02 7.769473195075988770e-01 2.000000000000000000e+00
7.698347778320312500e+02 3.050134887695312500e+02 8.067550048828125000e+02 3.389387512207031250e+02 7.434700727462768555e-01 2.000000000000000000e+00
1.151472167968750000e+02 2.907812500000000000e+02 3.361040954589843750e+02 3.924192199707031250e+02 7.427691817283630371e-01 5.000000000000000000e+00
6.926908569335937500e+02 4.074821472167968750e+02 7.364028320312500000e+02 4.560780029296875000e+02 7.194448709487915039e-01 2.000000000000000000e+00
6.457191162109375000e+02 2.321746368408203125e+02 6.687119140625000000e+02 2.559321899414062500e+02 7.050379514694213867e-01 2.000000000000000000e+00
7.848096313476562500e+02 2.571568908691406250e+02 8.077973022460937500e+02 2.856851196289062500e+02 6.080181002616882324e-01 2.000000000000000000e+00
5.349154663085937500e+02 2.724143371582031250e+02 5.617240600585937500e+02 2.937589721679687500e+02 5.596569776535034180e-01 2.000000000000000000e+00
6.860215454101562500e+02 2.228893127441406250e+02 7.088461303710937500e+02 2.480750427246093750e+02 5.050714612007141113e-01 2.000000000000000000e+00
5.631428833007812500e+02 2.268933563232421875e+02 5.834052734375000000e+02 2.470002593994140625e+02 4.519857168197631836e-01 2.000000000000000000e+00
3.709659118652343750e+02 1.945690155029296875e+02 3.919044189453125000e+02 2.220183868408203125e+02 3.757523596286773682e-01 9.000000000000000000e+00
4.940026855468750000e+02 2.379434814453125000e+02 5.245988769531250000e+02 2.620968627929687500e+02 3.389430344104766846e-01 2.000000000000000000e+00
1.863671112060546875e+02 4.343164672851562500e+02 2.034155426025390625e+02 4.637437133789062500e+02 3.199116289615631104e-01 9.000000000000000000e+00
3.475249938964843750e+02 1.952551116943359375e+02 3.668086242675781250e+02 2.226379547119140625e+02 2.751048803329467773e-01 9.000000000000000000e+00
6.501321411132812500e+02 2.093013458251953125e+02 6.730778198242187500e+02 2.311754150390625000e+02 2.746562957763671875e-01 2.000000000000000000e+00
