4.632801513671875000e+02 3.912452392578125000e+02 5.280801391601562500e+02 4.455717468261718750e+02 7.527175545692443848e-01 2.000000000000000000e+00
3.852677917480468750e+02 2.667140808105468750e+02 4.483951110839843750e+02 3.228601684570312500e+02 6.439738273620605469e-01 2.000000000000000000e+00
4.505928649902343750e+02 5.766212768554687500e+02 5.282619018554687500e+02 6.490078735351562500e+02 6.147367954254150391e-01 2.000000000000000000e+00
4.853210754394531250e+02 2.661815795898437500e+02 5.408142700195312500e+02 3.071834411621093750e+02 5.316038131713867188e-01 2.000000000000000000e+00
2.519001464843750000e+02 1.919998016357421875e+02 2.986990661621093750e+02 2.336813354492187500e+02 4.956909716129302979e-01 2.000000000000000000e+00
6.819549560546875000e+02 1.161684722900390625e+02 7.275422363281250000e+02 1.475698394775390625e+02 4.632850587368011475e-01 2.000000000000000000e+00
5.457888793945312500e+02 2.450919189453125000e+02 6.253925781250000000e+02 2.872095642089843750e+02 4.610939025878906250e-01 2.000000000000000000e+00
4.134096679687500000e+02 2.091406860351562500e+02 4.722200317382812500e+02 2.474451599121093750e+02 4.370577633380889893e-01 2.000000000000000000e+00
9.490680694580078125e+01 1.560873107910156250e+02 1.620422668457031250e+02 1.952936248779296875e+02 4.246259033679962158e-01 2.000000000000000000e+00
7.903247680664062500e+02 7.916530609130859375e+01 8.602269287109375000e+02 1.140901489257812500e+02 3.796221017837524414e-01 2.000000000000000000e+00
1.663955810546875000e+03 1.990973663330078125e+02 1.713101684570312500e+03 2.350041046142578125e+02 3.758226335048675537e-01 2.000000000000000000e+00
6.416356201171875000e+02 3.117575073242187500e+02 7.063463745117187500e+02 3.446258850097656250e+02 3.633826076984405518e-01 2.000000000000000000e+00
1.657053222656250000e+02 1.121519699096679688e+02 2.173864288330078125e+02 1.602479248046875000e+02 3.441361784934997559e-01 2.000000000000000000e+00
4.508346862792968750e+02 2.426676330566406250e+02 4.935050354003906250e+02 2.815259399414062500e+02 3.328568339347839355e-01 2.000000000000000000e+00
1.889052246093750000e+03 6.473294830322265625e+01 1.916000000000000000e+03 8.822931671142578125e+01 3.077248930931091309e-01 2.000000000000000000e+00
2.081571960449218750e+02 3.868678665161132812e+01 2.500975189208984375e+02 6.892267608642578125e+01 3.077128231525421143e-01 2.000000000000000000e+00
6.982747650146484375e+01 1.284445343017578125e+02 1.289415435791015625e+02 1.635156860351562500e+02 2.983451485633850098e-01 2.000000000000000000e+00
4.267194213867187500e+02 2.196091003417968750e+02 4.928231201171875000e+02 2.708114624023437500e+02 2.732175290584564209e-01 2.000000000000000000e+00
3.906997375488281250e+02 2.447656250000000000e+02 4.635355224609375000e+02 3.099158630371093750e+02 2.674670815467834473e-01 2.000000000000000000e+00
