0.000000000000000000e+00 6.399575195312500000e+02 2.298087921142578125e+02 7.836581420898437500e+02 6.113951802253723145e-01 7.000000000000000000e+00
3.225003662109375000e+02 7.507972412109375000e+02 3.555379028320312500e+02 7.862394409179687500e+02 5.724266171455383301e-01 2.000000000000000000e+00
1.051852783203125000e+03 3.057550659179687500e+02 1.120213867187500000e+03 3.677275085449218750e+02 3.707113265991210938e-01 7.000000000000000000e+00
1.759699096679687500e+02 2.229260559082031250e+02 2.327910003662109375e+02 3.082315673828125000e+02 3.292552530765533447e-01 7.000000000000000000e+00
3.275342712402343750e+02 7.158293457031250000e+02 3.584989318847656250e+02 7.545866699218750000e+02 3.150703907012939453e-01 2.000000000000000000e+00
3.321078186035156250e+02 7.123583984375000000e+02 3.603613586425781250e+02 7.381727905273437500e+02 3.043561875820159912e-01 2.000000000000000000e+00
1.094650024414062500e+03 1.817321624755859375e+02 1.323685668945312500e+03 4.551470947265625000e+02 2.873910963535308838e-01 5.000000000000000000e+00
3.571051330566406250e+02 5.521918334960937500e+02 3.852877502441406250e+02 5.991067504882812500e+02 2.694496810436248779e-01 2.000000000000000000e+00
1.786071624755859375e+02 2.086158752441406250e+02 2.320847778320312500e+02 2.385046081542968750e+02 2.671749293804168701e-01 2.000000000000000000e+00
1.080833374023437500e+03 4.507227783203125000e+02 1.130505249023437500e+03 4.849078674316406250e+02 2.582917511463165283e-01 2.000000000000000000e+00
