5.470090942382812500e+02 2.850646667480468750e+02 6.156235351562500000e+02 3.319180908203125000e+02 8.325588703155517578e-01 2.000000000000000000e+00
5.918339233398437500e+02 3.450036621093750000e+02 6.693217773437500000e+02 3.951069335937500000e+02 7.308203577995300293e-01 2.000000000000000000e+00
6.312383422851562500e+02 3.795079040527343750e+02 7.248344116210937500e+02 4.602100219726562500e+02 7.258749008178710938e-01 2.000000000000000000e+00
7.015817871093750000e+02 4.973627624511718750e+02 8.068926391601562500e+02 5.718390502929687500e+02 7.198931574821472168e-01 2.000000000000000000e+00
1.503462036132812500e+03 4.588710937500000000e+02 1.592524291992187500e+03 5.252611694335937500e+02 6.251209974288940430e-01 2.000000000000000000e+00
1.506065063476562500e+03 2.921618347167968750e+02 1.552102905273437500e+03 3.299920043945312500e+02 5.908193588256835938e-01 2.000000000000000000e+00
1.571952270507812500e+03 3.245105590820312500e+02 1.618587036132812500e+03 3.659000244140625000e+02 5.494879484176635742e-01 2.000000000000000000e+00
7.822487792968750000e+02 5.859698486328125000e+02 9.055755615234375000e+02 7.137308959960937500e+02 5.392145514488220215e-01 2.000000000000000000e+00
1.008363830566406250e+03 2.029833221435546875e+02 1.410601074218750000e+03 7.639644775390625000e+02 5.123445987701416016e-01 7.000000000000000000e+00
1.539518798828125000e+03 3.119559936523437500e+02 1.600248535156250000e+03 3.585801086425781250e+02 5.063914060592651367e-01 2.000000000000000000e+00
2.497379760742187500e+02 4.382543640136718750e+02 2.951678161621093750e+02 5.507630004882812500e+02 4.942108690738677979e-01 0.000000000000000000e+00
5.355303344726562500e+02 1.044438958168029785e+00 5.901763305664062500e+02 3.694240570068359375e+01 4.231707751750946045e-01 2.000000000000000000e+00
1.497889648437500000e+03 6.597360839843750000e+02 1.562836914062500000e+03 7.073027954101562500e+02 3.735659420490264893e-01 2.000000000000000000e+00
4.968667602539062500e+02 3.209480285644531250e+01 5.284232177734375000e+02 6.090597915649414062e+01 3.585892319679260254e-01 2.000000000000000000e+00
1.805528564453125000e+02 4.450576477050781250e+02 2.734062500000000000e+02 5.777429809570312500e+02 3.540387153625488281e-01 0.000000000000000000e+00
7.565325927734375000e+02 5.578059082031250000e+02 8.419653320312500000e+02 6.223262329101562500e+02 3.531160652637481689e-01 2.000000000000000000e+00
1.509189300537109375e+02 3.707247619628906250e+02 2.319629974365234375e+02 4.108466491699218750e+02 3.517980575561523438e-01 2.000000000000000000e+00
2.294169921875000000e+02 2.774886608123779297e+00 3.128195495605468750e+02 4.342963027954101562e+01 3.303131163120269775e-01 2.000000000000000000e+00
0.000000000000000000e+00 9.114633789062500000e+02 8.483804321289062500e+01 1.059804809570312500e+03 3.170205354690551758e-01 2.000000000000000000e+00
8.512713623046875000e+02 8.784751586914062500e+02 9.208236083984375000e+02 9.403834838867187500e+02 2.855266630649566650e-01 2.000000000000000000e+00
4.724109191894531250e+02 9.342959594726562500e+01 5.047875061035156250e+02 1.437320709228515625e+02 2.794941663742065430e-01 2.000000000000000000e+00
1.523846435546875000e+03 3.023806152343750000e+02 1.583474487304687500e+03 3.467532653808593750e+02 2.763759195804595947e-01 2.000000000000000000e+00
