5.035357666015625000e+02 3.114823608398437500e+02 6.465678710937500000e+02 4.088676452636718750e+02 8.778288960456848145e-01 2.000000000000000000e+00
8.671907348632812500e+02 1.741356964111328125e+02 9.990988159179687500e+02 2.591761474609375000e+02 8.460702896118164062e-01 2.000000000000000000e+00
7.893327636718750000e+02 1.126769409179687500e+02 8.878841552734375000e+02 1.825566101074218750e+02 7.915804386138916016e-01 2.000000000000000000e+00
1.019130004882812500e+03 1.506715698242187500e+02 1.124535156250000000e+03 2.213927459716796875e+02 7.410677671432495117e-01 2.000000000000000000e+00
1.234414672851562500e+03 1.010584182739257812e+02 1.400000000000000000e+03 2.509526367187500000e+02 6.967483758926391602e-01 2.000000000000000000e+00
5.633604736328125000e+02 1.986202697753906250e+02 6.776899414062500000e+02 3.031450805664062500e+02 6.138424873352050781e-01 9.000000000000000000e+00
3.962691955566406250e+02 7.588040161132812500e+02 6.401231079101562500e+02 8.873586425781250000e+02 5.969734191894531250e-01 2.000000000000000000e+00
2.133382263183593750e+02 1.095586166381835938e+02 2.741183166503906250e+02 1.763415527343750000e+02 5.457305312156677246e-01 2.000000000000000000e+00
5.625317382812500000e+02 2.005494995117187500e+02 6.796977539062500000e+02 3.018522338867187500e+02 5.302724838256835938e-01 2.000000000000000000e+00
2.167102203369140625e+02 1.758913574218750000e+02 3.325031127929687500e+02 2.647788085937500000e+02 5.103120207786560059e-01 2.000000000000000000e+00
3.452489013671875000e+02 5.964946365356445312e+01 4.187807312011718750e+02 1.367916107177734375e+02 4.815853238105773926e-01 2.000000000000000000e+00
8.775576171875000000e+02 1.218335437774658203e+01 9.122109985351562500e+02 7.411808776855468750e+01 4.636102318763732910e-01 9.000000000000000000e+00
1.250657104492187500e+03 2.851188964843750000e+02 1.276626708984375000e+03 3.334133911132812500e+02 4.076765179634094238e-01 0.000000000000000000e+00
1.600433959960937500e+02 8.710563964843750000e+02 3.386982116699218750e+02 9.663226318359375000e+02 4.021737277507781982e-01 2.000000000000000000e+00
7.802770385742187500e+02 4.457444152832031250e+02 8.028856201171875000e+02 5.130925903320312500e+02 3.810771107673645020e-01 0.000000000000000000e+00
9.445321655273437500e+02 7.335264682769775391e+00 9.741567382812500000e+02 6.981327819824218750e+01 3.739318251609802246e-01 9.000000000000000000e+00
6.626281738281250000e+02 5.116698913574218750e+02 6.857493896484375000e+02 6.105923461914062500e+02 3.460613191127777100e-01 0.000000000000000000e+00
6.750288085937500000e+02 6.946402072906494141e+00 7.459919433593750000e+02 5.322742843627929688e+01 3.100014030933380127e-01 2.000000000000000000e+00
6.163074951171875000e+02 1.015362381935119629e+00 7.417355957031250000e+02 4.953165054321289062e+01 3.037276566028594971e-01 2.000000000000000000e+00
6.121954345703125000e+02 2.720814943313598633e-01 7.151736450195312500e+02 4.638183975219726562e+01 2.948538362979888916e-01 9.000000000000000000e+00
