9.374181518554687500e+02 6.738460540771484375e+01 9.796723022460937500e+02 9.723391723632812500e+01 5.910321474075317383e-01 2.000000000000000000e+00
5.241414794921875000e+02 4.408002929687500000e+02 6.058090820312500000e+02 4.786533813476562500e+02 5.766984224319458008e-01 2.000000000000000000e+00
3.261442565917968750e+02 5.694694213867187500e+02 4.185847473144531250e+02 7.406784057617187500e+02 5.688259601593017578e-01 2.000000000000000000e+00
1.108269424438476562e+02 2.411685638427734375e+02 1.439694213867187500e+02 2.744904785156250000e+02 4.240506291389465332e-01 2.000000000000000000e+00
3.260787048339843750e+02 5.745034790039062500e+02 4.175191650390625000e+02 7.437349853515625000e+02 4.102709293365478516e-01 7.000000000000000000e+00
5.116669921875000000e+02 5.384617309570312500e+02 5.756970214843750000e+02 6.648919677734375000e+02 3.999302089214324951e-01 2.000000000000000000e+00
1.655250396728515625e+02 1.391040802001953125e+02 1.966024780273437500e+02 1.671729583740234375e+02 3.991174101829528809e-01 2.000000000000000000e+00
5.106519470214843750e+02 5.387687988281250000e+02 5.725147705078125000e+02 6.615768432617187500e+02 3.985317647457122803e-01 7.000000000000000000e+00
1.032988037109375000e+03 1.794300384521484375e+02 1.107691162109375000e+03 2.205356597900390625e+02 3.964182138442993164e-01 2.000000000000000000e+00
1.872633666992187500e+02 1.394248046875000000e+02 2.209569549560546875e+02 1.695385894775390625e+02 3.693313002586364746e-01 2.000000000000000000e+00
6.363797187805175781e-01 3.066182861328125000e+02 9.003778076171875000e+01 3.586303100585937500e+02 2.953309416770935059e-01 7.000000000000000000e+00
4.381513366699218750e+02 1.032914810180664062e+02 5.740221557617187500e+02 2.955604248046875000e+02 2.786508202552795410e-01 4.000000000000000000e+00
4.393103332519531250e+02 1.056241607666015625e+02 5.710715332031250000e+02 2.957677612304687500e+02 2.739959061145782471e-01 2.000000000000000000e+00
1.187928695678710938e+02 1.673714141845703125e+02 1.693390197753906250e+02 1.943733062744140625e+02 2.712825536727905273e-01 2.000000000000000000e+00
2.031279907226562500e+02 1.031485443115234375e+02 2.409724578857421875e+02 1.345109405517578125e+02 2.711064219474792480e-01 2.000000000000000000e+00
