8.671760559082031250e-01 6.856622924804687500e+02 1.034590759277343750e+02 8.421318359375000000e+02 8.346254825592041016e-01 2.000000000000000000e+00
8.241343498229980469e-01 4.918609924316406250e+02 1.790562133789062500e+02 6.423518676757812500e+02 7.951546907424926758e-01 2.000000000000000000e+00
7.607756958007812500e+02 2.650128173828125000e+02 8.646915283203125000e+02 3.474488830566406250e+02 7.622669339179992676e-01 2.000000000000000000e+00
4.150389099121093750e+02 8.046838989257812500e+02 5.586546020507812500e+02 1.009088195800781250e+03 7.034131288528442383e-01 2.000000000000000000e+00
7.674227294921875000e+02 4.018861389160156250e+02 8.485607299804687500e+02 5.323182373046875000e+02 6.883744001388549805e-01 2.000000000000000000e+00
5.834948730468750000e+02 4.235377502441406250e+02 6.955361328125000000e+02 5.741793212890625000e+02 6.826335191726684570e-01 2.000000000000000000e+00
3.084020385742187500e+02 6.696284179687500000e+02 4.826412963867187500e+02 8.986348266601562500e+02 6.709553003311157227e-01 2.000000000000000000e+00
9.002936401367187500e+02 3.862115783691406250e+02 9.296975097656250000e+02 4.473294067382812500e+02 6.596949100494384766e-01 0.000000000000000000e+00
4.474537048339843750e+02 3.171172714233398438e+01 5.491505126953125000e+02 1.185241241455078125e+02 6.265806555747985840e-01 2.000000000000000000e+00
1.516949615478515625e+02 2.662814331054687500e+02 3.150894165039062500e+02 4.579989013671875000e+02 6.057687401771545410e-01 7.000000000000000000e+00
6.824324951171875000e+02 6.950560302734375000e+02 8.269226074218750000e+02 9.534484252929687500e+02 6.022459268569946289e-01 2.000000000000000000e+00
1.801533508300781250e+02 2.478173828125000000e+02 4.525978393554687500e+02 6.061170654296875000e+02 5.934673547744750977e-01 7.000000000000000000e+00
8.445802001953125000e+02 6.817431030273437500e+02 8.690033569335937500e+02 7.423288574218750000e+02 5.626015067100524902e-01 0.000000000000000000e+00
0.000000000000000000e+00 4.531730346679687500e+02 5.737936019897460938e+01 5.163499145507812500e+02 5.531198978424072266e-01 2.000000000000000000e+00
9.516261596679687500e+02 2.410865631103515625e+02 9.735818481445312500e+02 2.996212768554687500e+02 5.241474509239196777e-01 0.000000000000000000e+00
9.262100219726562500e+02 1.544008941650390625e+02 9.440249023437500000e+02 1.983639526367187500e+02 5.138342380523681641e-01 0.000000000000000000e+00
4.803120117187500000e+02 1.609172821044921875e+02 5.799844360351562500e+02 2.451162414550781250e+02 4.593491554260253906e-01 2.000000000000000000e+00
3.158409423828125000e+02 9.167003631591796875e+01 4.154721984863281250e+02 1.713847198486328125e+02 4.254623055458068848e-01 2.000000000000000000e+00
5.497936401367187500e+02 2.272172546386718750e+02 6.246305541992187500e+02 2.988037109375000000e+02 3.415461778640747070e-01 2.000000000000000000e+00
8.128190040588378906e-01 2.204945983886718750e+02 1.957586059570312500e+02 4.214313659667968750e+02 3.382495641708374023e-01 7.000000000000000000e+00
5.844505615234375000e+02 0.000000000000000000e+00 6.346980590820312500e+02 2.427683258056640625e+01 2.965860962867736816e-01 2.000000000000000000e+00
4.025102844238281250e+02 1.193925628662109375e+02 4.804449768066406250e+02 1.972479400634765625e+02 2.819036543369293213e-01 2.000000000000000000e+00
0.000000000000000000e+00 2.185440216064453125e+02 1.962608947753906250e+02 4.209770812988281250e+02 2.770802676677703857e-01 2.000000000000000000e+00
