2.362266063690185547e+00 3.328190002441406250e+02 7.629885864257812500e+01 3.716638793945312500e+02 6.660748720169067383e-01 2.000000000000000000e+00
5.160753784179687500e+02 4.110926208496093750e+02 5.616323242187500000e+02 4.596711730957031250e+02 5.400801301002502441e-01 2.000000000000000000e+00
1.325561218261718750e+02 4.702779846191406250e+02 1.778646697998046875e+02 5.237227783203125000e+02 4.594788551330566406e-01 2.000000000000000000e+00
1.445960998535156250e+02 2.938919372558593750e+02 2.186354827880859375e+02 3.322585144042968750e+02 4.198194742202758789e-01 2.000000000000000000e+00
5.681691894531250000e+02 2.708476562500000000e+02 5.956129760742187500e+02 2.960610351562500000e+02 3.713046014308929443e-01 2.000000000000000000e+00
2.508137359619140625e+02 1.086981887817382812e+02 2.914501342773437500e+02 1.317666778564453125e+02 3.698953688144683838e-01 2.000000000000000000e+00
8.214444732666015625e+01 3.096032104492187500e+02 1.473179626464843750e+02 3.462513122558593750e+02 3.566091954708099365e-01 2.000000000000000000e+00
3.473567581176757812e+01 5.983513793945312500e+02 1.372603912353515625e+02 7.370380249023437500e+02 2.863051295280456543e-01 5.000000000000000000e+00
3.628973999023437500e+02 2.437983551025390625e+02 4.192421264648437500e+02 2.878588256835937500e+02 2.758995592594146729e-01 2.000000000000000000e+00
5.592570800781250000e+02 5.713566894531250000e+02 6.048624267578125000e+02 6.394478149414062500e+02 2.700990140438079834e-01 2.000000000000000000e+00
1.452278442382812500e+02 1.157940979003906250e+02 1.966557922363281250e+02 1.386237945556640625e+02 2.623083889484405518e-01 2.000000000000000000e+00
