1.693259765625000000e+03 6.576535644531250000e+02 1.806244995117187500e+03 7.105606079101562500e+02 6.531795263290405273e-01 2.000000000000000000e+00
4.396461791992187500e+02 2.373577423095703125e+02 4.927252197265625000e+02 2.801460266113281250e+02 5.061560869216918945e-01 2.000000000000000000e+00
7.246738281250000000e+02 3.341135559082031250e+02 7.967849731445312500e+02 3.791549377441406250e+02 4.995062649250030518e-01 2.000000000000000000e+00
5.812738647460937500e+02 5.359271240234375000e+02 6.636008300781250000e+02 6.053444824218750000e+02 4.880644679069519043e-01 2.000000000000000000e+00
6.372098999023437500e+02 9.649764251708984375e+01 6.796970825195312500e+02 1.318521118164062500e+02 4.495229721069335938e-01 2.000000000000000000e+00
8.026896362304687500e+02 3.321275024414062500e+02 8.425819091796875000e+02 3.825867919921875000e+02 3.683244585990905762e-01 2.000000000000000000e+00
6.590750732421875000e+02 9.862128448486328125e+01 6.981544799804687500e+02 1.312514190673828125e+02 3.025202155113220215e-01 2.000000000000000000e+00
1.389416217803955078e+00 6.277374877929687500e+02 1.091988525390625000e+02 7.609364624023437500e+02 2.872163355350494385e-01 7.000000000000000000e+00
1.738063354492187500e+03 8.055880126953125000e+02 1.829588012695312500e+03 8.392083129882812500e+02 2.862732112407684326e-01 2.000000000000000000e+00
3.345002441406250000e+02 6.628596801757812500e+02 4.560559082031250000e+02 7.679210815429687500e+02 2.658010721206665039e-01 7.000000000000000000e+00
7.807446289062500000e+02 4.433806152343750000e+02 8.882758789062500000e+02 5.574627685546875000e+02 2.523626685142517090e-01 7.000000000000000000e+00
