7.260602416992187500e+02 3.873579406738281250e+02 8.241441040039062500e+02 4.376398010253906250e+02 8.100204467773437500e-01 2.000000000000000000e+00
5.617941894531250000e+02 4.111463317871093750e+02 6.881019897460937500e+02 4.967677612304687500e+02 7.469543814659118652e-01 2.000000000000000000e+00
8.365200195312500000e+02 4.404486389160156250e+02 9.287789916992187500e+02 5.328811035156250000e+02 7.410356998443603516e-01 2.000000000000000000e+00
1.008769470214843750e+03 6.523104248046875000e+02 1.105195068359375000e+03 7.632908325195312500e+02 7.166811227798461914e-01 2.000000000000000000e+00
1.778916473388671875e+02 4.746496200561523438e+01 2.542656707763671875e+02 9.609217834472656250e+01 6.650089025497436523e-01 2.000000000000000000e+00
9.100131225585937500e+02 5.450518188476562500e+02 1.014297912597656250e+03 6.399656982421875000e+02 6.471511721611022949e-01 2.000000000000000000e+00
4.007687377929687500e+02 4.906379394531250000e+02 5.136839599609375000e+02 5.780663452148437500e+02 6.169235706329345703e-01 2.000000000000000000e+00
1.167313354492187500e+03 1.875245056152343750e+02 1.261615966796875000e+03 2.373527832031250000e+02 6.019457578659057617e-01 2.000000000000000000e+00
8.746785736083984375e+01 2.477631950378417969e+01 1.767727813720703125e+02 7.280648803710937500e+01 5.670318603515625000e-01 2.000000000000000000e+00
2.341312866210937500e+02 5.580810546875000000e+02 3.789824829101562500e+02 6.845277709960937500e+02 4.990618228912353516e-01 7.000000000000000000e+00
1.647698516845703125e+02 3.799103698730468750e+02 2.450667572021484375e+02 4.608899841308593750e+02 4.937101304531097412e-01 7.000000000000000000e+00
1.905054931640625000e+02 4.742951049804687500e+02 2.593276977539062500e+02 5.626184692382812500e+02 4.886991679668426514e-01 2.000000000000000000e+00
1.258935180664062500e+03 1.678096771240234375e+02 1.337969116210937500e+03 2.177476043701171875e+02 4.744724035263061523e-01 2.000000000000000000e+00
5.342206420898437500e+02 2.044940643310546875e+02 6.455966186523437500e+02 2.938686828613281250e+02 4.472733736038208008e-01 7.000000000000000000e+00
4.125718688964843750e+02 3.341357727050781250e+02 5.155982666015625000e+02 3.855005187988281250e+02 3.668519258499145508e-01 7.000000000000000000e+00
2.335100860595703125e+02 5.557547607421875000e+02 3.753712768554687500e+02 6.841215209960937500e+02 3.217041492462158203e-01 2.000000000000000000e+00
8.347025146484375000e+02 4.458284912109375000e+02 1.017189208984375000e+03 6.413773193359375000e+02 3.206481039524078369e-01 2.000000000000000000e+00
2.607433776855468750e+02 6.844897460937500000e+01 3.354736022949218750e+02 9.752761077880859375e+01 3.048548996448516846e-01 2.000000000000000000e+00
7.516817016601562500e+02 4.957057495117187500e+02 1.051808959960937500e+03 7.856408081054687500e+02 2.982588112354278564e-01 2.000000000000000000e+00
1.897689819335937500e+02 4.752953796386718750e+02 2.576566772460937500e+02 5.636463623046875000e+02 2.821534872055053711e-01 7.000000000000000000e+00
1.585816650390625000e+02 1.870458679199218750e+02 2.341308288574218750e+02 2.545305938720703125e+02 2.753344178199768066e-01 2.000000000000000000e+00
