1.032598876953125000e+03 4.809564208984375000e+02 1.070672729492187500e+03 5.054770812988281250e+02 7.155421972274780273e-01 2.000000000000000000e+00
9.825783081054687500e+02 4.879106750488281250e+02 1.026991821289062500e+03 5.244546508789062500e+02 6.700307130813598633e-01 2.000000000000000000e+00
6.930172119140625000e+02 7.578844604492187500e+02 7.462826538085937500e+02 8.044861450195312500e+02 5.093892812728881836e-01 2.000000000000000000e+00
6.410292358398437500e+02 6.112527465820312500e+02 6.998556518554687500e+02 6.698286132812500000e+02 4.922381639480590820e-01 2.000000000000000000e+00
1.108557983398437500e+03 4.385075988769531250e+02 1.154285522460937500e+03 4.621402587890625000e+02 4.617725014686584473e-01 2.000000000000000000e+00
8.872238769531250000e+02 5.232715454101562500e+02 9.345241699218750000e+02 5.576008300781250000e+02 4.555194377899169922e-01 2.000000000000000000e+00
7.854881591796875000e+02 5.504390258789062500e+02 8.337634887695312500e+02 5.913059082031250000e+02 4.452771544456481934e-01 2.000000000000000000e+00
7.318684082031250000e+02 5.914081420898437500e+02 7.838589477539062500e+02 6.395686645507812500e+02 4.160730242729187012e-01 2.000000000000000000e+00
6.135454711914062500e+02 5.545537109375000000e+02 6.581718750000000000e+02 5.889804077148437500e+02 4.040154516696929932e-01 2.000000000000000000e+00
9.373649291992187500e+02 5.099562377929687500e+02 9.833007812500000000e+02 5.418562622070312500e+02 3.838156461715698242e-01 2.000000000000000000e+00
9.281160278320312500e+02 4.816848449707031250e+02 9.768195190429687500e+02 5.305965576171875000e+02 3.487879931926727295e-01 2.000000000000000000e+00
8.433983154296875000e+02 5.482124023437500000e+02 8.920573730468750000e+02 5.923798217773437500e+02 3.481467068195343018e-01 2.000000000000000000e+00
6.437661743164062500e+02 4.019857788085937500e+02 7.023568725585937500e+02 4.802096557617187500e+02 3.393615782260894775e-01 7.000000000000000000e+00
6.946992797851562500e+02 5.712457275390625000e+02 7.451881713867187500e+02 6.057694702148437500e+02 3.391794264316558838e-01 2.000000000000000000e+00
6.363829956054687500e+02 5.803746948242187500e+02 6.931721191406250000e+02 6.316201782226562500e+02 3.344493508338928223e-01 2.000000000000000000e+00
3.048030700683593750e+02 8.353515625000000000e+02 3.776686096191406250e+02 9.250166015625000000e+02 3.020160496234893799e-01 2.000000000000000000e+00
1.316478637695312500e+03 3.699130554199218750e+02 1.355849853515625000e+03 3.927486267089843750e+02 2.844688892364501953e-01 2.000000000000000000e+00
