9.409505615234375000e+02 5.720647583007812500e+02 1.040719116210937500e+03 6.227429809570312500e+02 8.493139743804931641e-01 2.000000000000000000e+00
9.801037597656250000e+02 6.665303955078125000e+02 1.086934936523437500e+03 7.264063110351562500e+02 7.917304039001464844e-01 2.000000000000000000e+00
9.259562377929687500e+02 4.696775207519531250e+02 1.018898071289062500e+03 5.233375854492187500e+02 7.183714509010314941e-01 2.000000000000000000e+00
1.007907958984375000e+03 4.499490661621093750e+02 1.089394409179687500e+03 4.987819824218750000e+02 6.973014473915100098e-01 2.000000000000000000e+00
7.922431182861328125e+01 4.302168884277343750e+02 1.790898284912109375e+02 4.772735290527343750e+02 6.418823599815368652e-01 2.000000000000000000e+00
6.675114135742187500e+02 4.885542297363281250e+02 7.585291748046875000e+02 5.451889648437500000e+02 5.673215985298156738e-01 2.000000000000000000e+00
6.933226318359375000e+02 2.707058715820312500e+02 7.661027221679687500e+02 3.093799743652343750e+02 5.363159179687500000e-01 2.000000000000000000e+00
1.263320434570312500e+03 2.886521911621093750e+02 1.586085205078125000e+03 5.244822387695312500e+02 5.146988630294799805e-01 7.000000000000000000e+00
6.561166381835937500e+02 5.739057006835937500e+02 8.256906738281250000e+02 7.048763427734375000e+02 4.386300742626190186e-01 7.000000000000000000e+00
6.565514373779296875e+01 5.077903137207031250e+02 3.386721191406250000e+02 7.456207885742187500e+02 3.876399397850036621e-01 7.000000000000000000e+00
9.645222167968750000e+02 4.069348754882812500e+02 1.021647949218750000e+03 4.433984680175781250e+02 3.769605457782745361e-01 2.000000000000000000e+00
1.499873901367187500e+03 2.483421936035156250e+02 1.618464355468750000e+03 3.221956787109375000e+02 3.483439385890960693e-01 2.000000000000000000e+00
4.996319293975830078e+00 5.382471923828125000e+02 1.022499084472656250e+02 6.155779418945312500e+02 3.465845882892608643e-01 2.000000000000000000e+00
7.021660156250000000e+02 2.087514495849609375e+02 7.685256958007812500e+02 2.572796936035156250e+02 3.088369369506835938e-01 2.000000000000000000e+00
1.828874969482421875e+02 2.613296813964843750e+02 2.690717468261718750e+02 3.041947937011718750e+02 3.053203225135803223e-01 2.000000000000000000e+00
6.753123168945312500e+02 6.019291381835937500e+02 8.314764404296875000e+02 7.045148315429687500e+02 2.794013917446136475e-01 2.000000000000000000e+00
