1.900117950439453125e+02 5.888676757812500000e+02 2.740804138183593750e+02 6.596566162109375000e+02 5.061011910438537598e-01 2.000000000000000000e+00
5.078207397460937500e+02 1.764884643554687500e+02 5.521350708007812500e+02 2.199456329345703125e+02 4.587825238704681396e-01 2.000000000000000000e+00
5.793736572265625000e+02 6.720106506347656250e+01 6.329216308593750000e+02 1.609449310302734375e+02 4.178245961666107178e-01 7.000000000000000000e+00
5.789519042968750000e+02 3.394726753234863281e+00 6.015011596679687500e+02 3.051403808593750000e+01 3.887506127357482910e-01 2.000000000000000000e+00
7.975354003906250000e+02 4.890208740234375000e+02 8.454876098632812500e+02 5.571127929687500000e+02 3.789325654506683350e-01 2.000000000000000000e+00
3.106507568359375000e+02 4.116120910644531250e+02 3.934193420410156250e+02 5.009743347167968750e+02 3.752111196517944336e-01 7.000000000000000000e+00
7.196912231445312500e+02 4.744837646484375000e+02 7.750616455078125000e+02 6.692982177734375000e+02 3.058432340621948242e-01 7.000000000000000000e+00
9.006868896484375000e+02 5.558031005859375000e+02 9.129965209960937500e+02 5.784273681640625000e+02 2.957308590412139893e-01 0.000000000000000000e+00
3.105827331542968750e+02 4.125114135742187500e+02 3.936810302734375000e+02 5.000613403320312500e+02 2.907965183258056641e-01 2.000000000000000000e+00
5.420477294921875000e+02 1.199489669799804688e+02 5.750389404296875000e+02 1.440111083984375000e+02 2.578611671924591064e-01 2.000000000000000000e+00
7.945813598632812500e+02 4.882489318847656250e+02 8.465001220703125000e+02 5.561926269531250000e+02 2.507837116718292236e-01 7.000000000000000000e+00
