1.168592163085937500e+03 4.914144897460937500e+02 1.358395996093750000e+03 6.492238159179687500e+02 7.734494209289550781e-01 7.000000000000000000e+00
1.078988647460937500e+03 2.955778198242187500e+02 1.128475097656250000e+03 3.342523498535156250e+02 5.793786644935607910e-01 2.000000000000000000e+00
6.840460815429687500e+02 4.662288818359375000e+02 8.725045166015625000e+02 6.008242187500000000e+02 5.296185016632080078e-01 7.000000000000000000e+00
1.095644897460937500e+03 4.933945922851562500e+02 1.169966552734375000e+03 5.511087646484375000e+02 4.345256984233856201e-01 7.000000000000000000e+00
8.272466430664062500e+02 4.463764038085937500e+02 9.012237548828125000e+02 5.054985046386718750e+02 4.290225803852081299e-01 2.000000000000000000e+00
8.175102539062500000e+02 4.483945617675781250e+02 9.020303344726562500e+02 5.079764709472656250e+02 4.221098124980926514e-01 7.000000000000000000e+00
1.087114746093750000e+03 8.274687500000000000e+02 1.246608398437500000e+03 9.842360839843750000e+02 3.909577429294586182e-01 7.000000000000000000e+00
1.025066650390625000e+03 3.178535766601562500e+02 1.082662475585937500e+03 3.635337219238281250e+02 3.351270556449890137e-01 2.000000000000000000e+00
1.159851684570312500e+03 2.456958007812500000e+02 1.213207641601562500e+03 2.821355285644531250e+02 3.315773010253906250e-01 2.000000000000000000e+00
1.745773559570312500e+03 7.792100219726562500e+02 1.860331298828125000e+03 8.990864868164062500e+02 3.251765966415405273e-01 7.000000000000000000e+00
1.542096313476562500e+03 1.834723114967346191e+00 1.591609741210937500e+03 3.037573432922363281e+01 2.858335673809051514e-01 2.000000000000000000e+00
1.096968505859375000e+03 4.901759033203125000e+02 1.165164428710937500e+03 5.516134033203125000e+02 2.566760778427124023e-01 2.000000000000000000e+00
