1.146493774414062500e+03 5.921691284179687500e+02 1.257775756835937500e+03 6.470600585937500000e+02 5.765795111656188965e-01 7.000000000000000000e+00
1.259834594726562500e+03 5.982078857421875000e+02 1.384313842773437500e+03 6.507363281250000000e+02 5.484474897384643555e-01 7.000000000000000000e+00
2.178418426513671875e+02 5.456596679687500000e+02 3.090184631347656250e+02 5.953191528320312500e+02 5.445969104766845703e-01 2.000000000000000000e+00
3.511458435058593750e+02 5.455121459960937500e+02 4.435648498535156250e+02 5.968542480468750000e+02 5.196746587753295898e-01 2.000000000000000000e+00
1.262929199218750000e+03 7.948439941406250000e+02 1.411076660156250000e+03 8.546531982421875000e+02 5.175048708915710449e-01 7.000000000000000000e+00
5.234752197265625000e+02 2.601572265625000000e+02 6.567031860351562500e+02 3.963385009765625000e+02 4.823445081710815430e-01 5.000000000000000000e+00
4.599069824218750000e+02 2.648742065429687500e+02 5.680885620117187500e+02 4.017195739746093750e+02 4.568374156951904297e-01 5.000000000000000000e+00
1.021160095214843750e+03 5.968915405273437500e+02 1.133566406250000000e+03 6.467957153320312500e+02 4.284300208091735840e-01 2.000000000000000000e+00
3.536652221679687500e+02 5.439351196289062500e+02 4.463569946289062500e+02 5.994635009765625000e+02 3.803237080574035645e-01 7.000000000000000000e+00
1.477928955078125000e+03 6.484033203125000000e+02 1.602129272460937500e+03 7.036177978515625000e+02 3.719596564769744873e-01 7.000000000000000000e+00
1.019653625488281250e+03 5.964474487304687500e+02 1.133553222656250000e+03 6.479503173828125000e+02 3.645771741867065430e-01 7.000000000000000000e+00
1.473123901367187500e+03 5.988218994140625000e+02 1.608281494140625000e+03 6.568085327148437500e+02 3.556578755378723145e-01 7.000000000000000000e+00
1.746042236328125000e+03 6.115577392578125000e+02 1.877252319335937500e+03 6.603299560546875000e+02 3.437572717666625977e-01 2.000000000000000000e+00
4.526778869628906250e+02 5.564505615234375000e+02 5.692857666015625000e+02 6.072797851562500000e+02 3.349597156047821045e-01 7.000000000000000000e+00
6.370933837890625000e+02 2.574424133300781250e+02 7.315470581054687500e+02 4.088697204589843750e+02 3.116908669471740723e-01 5.000000000000000000e+00
1.061529397964477539e+00 6.866142578125000000e+02 6.943302154541015625e+01 7.381094970703125000e+02 2.595373988151550293e-01 2.000000000000000000e+00
