3.347879333496093750e+02 9.381481323242187500e+02 4.661888122558593750e+02 1.043012207031250000e+03 8.291019201278686523e-01 2.000000000000000000e+00
4.811144714355468750e+02 8.542398071289062500e+02 5.891063842773437500e+02 9.379140625000000000e+02 8.059693574905395508e-01 2.000000000000000000e+00
2.086772766113281250e+02 4.345452575683593750e+02 2.858130187988281250e+02 4.767218017578125000e+02 6.564897298812866211e-01 2.000000000000000000e+00
2.762492980957031250e+02 4.660646057128906250e+02 3.584208068847656250e+02 5.160101318359375000e+02 6.552130579948425293e-01 2.000000000000000000e+00
7.978953857421875000e+02 6.381007690429687500e+02 8.668558349609375000e+02 6.971102905273437500e+02 6.463005542755126953e-01 2.000000000000000000e+00
5.882467651367187500e+02 7.911746215820312500e+02 6.677760009765625000e+02 8.544692993164062500e+02 6.010864377021789551e-01 2.000000000000000000e+00
1.218540573120117188e+02 3.889339599609375000e+02 1.845657501220703125e+02 4.245901794433593750e+02 4.525596797466278076e-01 2.000000000000000000e+00
6.601116943359375000e+02 7.316226196289062500e+02 7.450127563476562500e+02 7.985889282226562500e+02 3.800289928913116455e-01 2.000000000000000000e+00
9.515253295898437500e+02 7.140722656250000000e+02 1.306158325195312500e+03 1.073816650390625000e+03 3.742057979106903076e-01 5.000000000000000000e+00
2.667208862304687500e+02 6.525767822265625000e+02 4.744457092285156250e+02 8.404044189453125000e+02 3.559939265251159668e-01 5.000000000000000000e+00
2.795871257781982422e+00 6.794722290039062500e+02 2.446116638183593750e+02 9.643647460937500000e+02 3.533246219158172607e-01 5.000000000000000000e+00
1.862449584960937500e+03 2.519437255859375000e+02 1.910665039062500000e+03 2.845317687988281250e+02 3.522634506225585938e-01 2.000000000000000000e+00
1.731178710937500000e+03 4.569849243164062500e+02 1.875907104492187500e+03 5.345256958007812500e+02 3.392243683338165283e-01 2.000000000000000000e+00
1.683190460205078125e+02 5.731885375976562500e+02 2.643050537109375000e+02 6.243630371093750000e+02 3.377252519130706787e-01 2.000000000000000000e+00
1.205788574218750000e+03 3.084425964355468750e+02 1.292992553710937500e+03 3.754154357910156250e+02 3.261977136135101318e-01 7.000000000000000000e+00
1.161064575195312500e+03 7.076873779296875000e+02 1.316240600585937500e+03 8.326541748046875000e+02 3.103817999362945557e-01 7.000000000000000000e+00
7.491577758789062500e+02 2.480146484375000000e+02 1.096089477539062500e+03 5.026896667480468750e+02 2.972498834133148193e-01 6.000000000000000000e+00
