4.198645324707031250e+02 6.580852661132812500e+02 5.846958007812500000e+02 7.726583862304687500e+02 7.391074299812316895e-01 7.000000000000000000e+00
1.220259155273437500e+03 6.022078247070312500e+02 1.916000000000000000e+03 9.613144531250000000e+02 5.284756422042846680e-01 6.000000000000000000e+00
1.044246948242187500e+03 5.375400390625000000e+02 1.126571166992187500e+03 5.758448486328125000e+02 5.113885402679443359e-01 2.000000000000000000e+00
1.057512451171875000e+03 3.729173278808593750e+02 1.126077636718750000e+03 4.134224548339843750e+02 4.875642359256744385e-01 2.000000000000000000e+00
9.738605346679687500e+02 4.336009826660156250e+02 1.018043579101562500e+03 4.683645935058593750e+02 4.839739203453063965e-01 2.000000000000000000e+00
8.669324340820312500e+02 4.190880126953125000e+02 9.588581542968750000e+02 4.658666992187500000e+02 4.346637129783630371e-01 2.000000000000000000e+00
1.118465576171875000e+03 3.340973205566406250e+02 1.190836914062500000e+03 3.709376831054687500e+02 4.190961718559265137e-01 2.000000000000000000e+00
1.215051147460937500e+03 8.208796386718750000e+02 1.339903442382812500e+03 9.052675781250000000e+02 3.984231054782867432e-01 7.000000000000000000e+00
0.000000000000000000e+00 4.180880737304687500e+02 3.412838745117187500e+01 4.474768676757812500e+02 3.478133976459503174e-01 2.000000000000000000e+00
1.225297485351562500e+03 8.176177368164062500e+02 1.337310668945312500e+03 9.056172485351562500e+02 3.444982469081878662e-01 2.000000000000000000e+00
1.428365112304687500e+03 9.394451904296875000e+02 1.598491821289062500e+03 1.061844116210937500e+03 3.355177044868469238e-01 2.000000000000000000e+00
1.426781127929687500e+03 9.358083496093750000e+02 1.596460083007812500e+03 1.073943847656250000e+03 3.160804808139801025e-01 7.000000000000000000e+00
3.338218078613281250e+02 3.168503417968750000e+02 6.858862915039062500e+02 5.842285766601562500e+02 2.998667955398559570e-01 5.000000000000000000e+00
6.644955444335937500e+02 7.969251708984375000e+02 7.714694213867187500e+02 8.789885253906250000e+02 2.925100624561309814e-01 7.000000000000000000e+00
5.783111572265625000e+02 7.443398437500000000e+02 6.887194824218750000e+02 8.387014160156250000e+02 2.911154925823211670e-01 7.000000000000000000e+00
