6.215522460937500000e+02 4.715633239746093750e+02 6.851366577148437500e+02 5.076191711425781250e+02 6.442453861236572266e-01 2.000000000000000000e+00
3.471987304687500000e+02 1.938405871391296387e+00 5.537325439453125000e+02 2.353905487060546875e+02 6.166954040527343750e-01 6.200000000000000000e+01
5.149235839843750000e+02 3.992422790527343750e+02 6.167802734375000000e+02 4.874801330566406250e+02 5.883643627166748047e-01 7.000000000000000000e+00
8.741890258789062500e+02 5.515213623046875000e+02 9.189043579101562500e+02 6.246378784179687500e+02 4.034669697284698486e-01 2.000000000000000000e+00
9.487308349609375000e+02 5.361036376953125000e+02 9.806245117187500000e+02 5.943212890625000000e+02 3.946646749973297119e-01 2.000000000000000000e+00
6.499153442382812500e+02 4.452595825195312500e+02 7.099993286132812500e+02 4.826836853027343750e+02 3.659603595733642578e-01 2.000000000000000000e+00
1.683316192626953125e+02 3.982043151855468750e+02 2.284676513671875000e+02 4.345648193359375000e+02 3.572249412536621094e-01 2.000000000000000000e+00
3.372319946289062500e+02 4.680896606445312500e+02 4.081114501953125000e+02 4.975430603027343750e+02 3.151612877845764160e-01 2.000000000000000000e+00
3.500872850418090820e-01 3.523898010253906250e+02 6.612236785888671875e+01 4.276146240234375000e+02 2.904865443706512451e-01 7.000000000000000000e+00
1.817737197875976562e+01 3.661544494628906250e+02 6.534208679199218750e+01 4.279073791503906250e+02 2.689693272113800049e-01 2.000000000000000000e+00
