4.027675170898437500e+02 2.557700653076171875e+02 4.377785949707031250e+02 2.804817199707031250e+02 7.278171181678771973e-01 2.000000000000000000e+00
2.882570495605468750e+02 9.651730346679687500e+01 3.274758605957031250e+02 1.239393615722656250e+02 6.257559061050415039e-01 2.000000000000000000e+00
3.745023193359375000e+02 2.917763061523437500e+02 4.097184143066406250e+02 3.264969787597656250e+02 6.149232983589172363e-01 2.000000000000000000e+00
3.780816955566406250e+02 1.435436706542968750e+02 4.174045410156250000e+02 1.758235168457031250e+02 6.109429001808166504e-01 2.000000000000000000e+00
4.695070800781250000e+02 3.062313842773437500e+02 5.101806945800781250e+02 3.463134765625000000e+02 5.492547750473022461e-01 2.000000000000000000e+00
1.369378509521484375e+02 6.321534729003906250e+01 1.710074768066406250e+02 8.948345947265625000e+01 5.295088887214660645e-01 2.000000000000000000e+00
4.498224182128906250e+02 2.462961578369140625e+02 4.812907409667968750e+02 2.759802246093750000e+02 5.212354660034179688e-01 2.000000000000000000e+00
4.539330139160156250e+02 3.419864196777343750e+02 4.931824340820312500e+02 3.843922119140625000e+02 4.272901415824890137e-01 2.000000000000000000e+00
3.684098205566406250e+02 3.303498458862304688e+01 3.969614868164062500e+02 5.703216934204101562e+01 4.204657673835754395e-01 2.000000000000000000e+00
3.372790222167968750e+02 2.043197479248046875e+02 3.680697021484375000e+02 2.288340911865234375e+02 4.013244211673736572e-01 2.000000000000000000e+00
3.626430969238281250e+02 4.904683113098144531e+00 3.964588317871093750e+02 2.669798088073730469e+01 3.607108294963836670e-01 2.000000000000000000e+00
7.090732421875000000e+02 4.053020629882812500e+02 7.404767456054687500e+02 4.379550170898437500e+02 3.489428758621215820e-01 9.000000000000000000e+00
2.184789428710937500e+02 1.212405014038085938e+02 2.539874420166015625e+02 1.438032379150390625e+02 3.328085541725158691e-01 2.000000000000000000e+00
5.516589965820312500e+02 4.587048950195312500e+02 5.934357910156250000e+02 5.068585815429687500e+02 2.712757587432861328e-01 9.000000000000000000e+00
1.180729980468750000e+03 7.136713867187500000e+02 1.200043579101562500e+03 7.451379394531250000e+02 2.605533301830291748e-01 0.000000000000000000e+00
