5.714960937500000000e+02 2.052788391113281250e+02 6.177991943359375000e+02 2.414065399169921875e+02 5.489657521247863770e-01 2.000000000000000000e+00
7.290835571289062500e+02 2.913427429199218750e+02 7.815787353515625000e+02 3.291231079101562500e+02 5.434303283691406250e-01 2.000000000000000000e+00
4.922148437500000000e+02 3.685517578125000000e+02 5.456721191406250000e+02 4.078522644042968750e+02 5.313838124275207520e-01 2.000000000000000000e+00
3.228788757324218750e+02 8.669543457031250000e+01 3.761303710937500000e+02 1.236398391723632812e+02 5.174033045768737793e-01 2.000000000000000000e+00
5.685933837890625000e+02 2.761150817871093750e+02 6.091769409179687500e+02 3.098983154296875000e+02 4.307924211025238037e-01 2.000000000000000000e+00
1.859048614501953125e+02 1.944247055053710938e+01 2.387319335937500000e+02 5.487567138671875000e+01 4.213079810142517090e-01 2.000000000000000000e+00
1.286947998046875000e+03 3.991560058593750000e+02 1.373842651367187500e+03 4.552145690917968750e+02 4.204836487770080566e-01 2.000000000000000000e+00
9.245787963867187500e+02 3.649884033203125000e+02 9.589229736328125000e+02 3.945093688964843750e+02 4.135594367980957031e-01 2.000000000000000000e+00
6.132609863281250000e+02 3.349200744628906250e+02 6.601054077148437500e+02 3.715255126953125000e+02 3.963863849639892578e-01 2.000000000000000000e+00
5.497106933593750000e+02 1.194235992431640625e+02 5.970717163085937500e+02 1.571867980957031250e+02 3.653806447982788086e-01 2.000000000000000000e+00
6.487562866210937500e+02 2.102017059326171875e+02 6.990061645507812500e+02 2.451663970947265625e+02 3.128040432929992676e-01 2.000000000000000000e+00
