4.750971984863281250e+02 9.518291625976562500e+02 6.912268066406250000e+02 1.049267089843750000e+03 8.878560066223144531e-01 2.000000000000000000e+00
1.005094055175781250e+03 7.113325805664062500e+02 1.049470336914062500e+03 7.513499145507812500e+02 8.232499361038208008e-01 2.000000000000000000e+00
5.199653930664062500e+02 8.769945068359375000e+02 6.971168212890625000e+02 9.696184082031250000e+02 8.114799857139587402e-01 2.000000000000000000e+00
7.077492675781250000e+02 7.386660156250000000e+02 8.139467163085937500e+02 7.830751953125000000e+02 7.438285350799560547e-01 2.000000000000000000e+00
5.998220214843750000e+02 8.547867431640625000e+02 7.160087890625000000e+02 9.246793823242187500e+02 7.110745906829833984e-01 2.000000000000000000e+00
6.475988769531250000e+02 8.059942626953125000e+02 7.656657714843750000e+02 8.696335449218750000e+02 6.444175243377685547e-01 2.000000000000000000e+00
1.351400756835937500e+03 6.765448608398437500e+02 1.399435791015625000e+03 7.045975341796875000e+02 6.406816244125366211e-01 2.000000000000000000e+00
9.233606567382812500e+02 6.226596679687500000e+02 9.487473144531250000e+02 6.438036499023437500e+02 5.839894413948059082e-01 2.000000000000000000e+00
7.452388305664062500e+02 7.043493652343750000e+02 8.353830566406250000e+02 7.432886962890625000e+02 5.317271351814270020e-01 2.000000000000000000e+00
5.143869628906250000e+02 6.736364135742187500e+02 5.487924804687500000e+02 6.973084106445312500e+02 5.198091268539428711e-01 2.000000000000000000e+00
3.949878845214843750e+02 9.552290039062500000e+02 4.719063110351562500e+02 1.025990722656250000e+03 5.126551985740661621e-01 2.000000000000000000e+00
1.244932861328125000e+03 6.546420898437500000e+02 1.287432617187500000e+03 6.789317016601562500e+02 4.370061755180358887e-01 2.000000000000000000e+00
7.735139160156250000e+02 6.745236206054687500e+02 8.502006835937500000e+02 7.151001586914062500e+02 4.175894856452941895e-01 2.000000000000000000e+00
4.608967895507812500e+02 6.870773315429687500e+02 4.740780029296875000e+02 7.130270385742187500e+02 3.722358047962188721e-01 0.000000000000000000e+00
7.620032958984375000e+02 6.901690673828125000e+02 8.427998046875000000e+02 7.334404296875000000e+02 3.631908297538757324e-01 2.000000000000000000e+00
3.296709289550781250e+02 6.944530639648437500e+02 3.461815185546875000e+02 7.385532836914062500e+02 3.450855016708374023e-01 0.000000000000000000e+00
7.151293945312500000e+02 6.577644042968750000e+02 7.252894287109375000e+02 6.810196533203125000e+02 3.337316513061523438e-01 0.000000000000000000e+00
