8.174414062500000000e+02 3.849447937011718750e+02 8.626562500000000000e+02 4.188318786621093750e+02 6.391791105270385742e-01 2.000000000000000000e+00
7.824404907226562500e+02 4.608311462402343750e+02 8.268448486328125000e+02 5.130854492187500000e+02 6.119844913482666016e-01 2.000000000000000000e+00
1.006552673339843750e+03 8.892665405273437500e+02 1.127229858398437500e+03 9.502387695312500000e+02 5.869857072830200195e-01 2.000000000000000000e+00
9.322020263671875000e+02 1.010538452148437500e+03 1.087441650390625000e+03 1.072879516601562500e+03 5.060892105102539062e-01 2.000000000000000000e+00
7.370381469726562500e+02 5.520817260742187500e+02 7.937530517578125000e+02 6.138980102539062500e+02 4.429441094398498535e-01 2.000000000000000000e+00
1.009795593261718750e+03 4.649207153320312500e+02 1.055594238281250000e+03 5.340000000000000000e+02 4.246938526630401611e-01 8.000000000000000000e+00
1.812552246093750000e+03 1.402483367919921875e+02 1.916000000000000000e+03 2.455750732421875000e+02 3.560173511505126953e-01 8.000000000000000000e+00
9.199187622070312500e+02 5.362780151367187500e+02 9.639073486328125000e+02 6.076124877929687500e+02 3.482219576835632324e-01 8.000000000000000000e+00
1.145304809570312500e+03 6.215291748046875000e+02 1.213866821289062500e+03 6.717364501953125000e+02 3.462002873420715332e-01 2.000000000000000000e+00
1.159955566406250000e+03 1.815532226562500000e+02 1.217235107421875000e+03 2.039204559326171875e+02 3.372515738010406494e-01 2.000000000000000000e+00
1.210371826171875000e+03 2.301734313964843750e+02 1.246578002929687500e+03 2.633263244628906250e+02 3.274716138839721680e-01 2.000000000000000000e+00
1.120559082031250000e+03 4.677792053222656250e+02 1.173813720703125000e+03 4.993739929199218750e+02 3.140508830547332764e-01 8.000000000000000000e+00
9.330103759765625000e+02 1.010568786621093750e+03 1.084900756835937500e+03 1.069827758789062500e+03 3.072167038917541504e-01 7.000000000000000000e+00
1.603797363281250000e+03 4.105295715332031250e+02 1.638940673828125000e+03 4.444381103515625000e+02 2.904326021671295166e-01 1.400000000000000000e+01
1.093792480468750000e+03 3.783117370605468750e+02 1.134023437500000000e+03 4.129755554199218750e+02 2.751130461692810059e-01 8.000000000000000000e+00
1.140981689453125000e+03 6.179734497070312500e+02 1.212915893554687500e+03 6.717999877929687500e+02 2.738742530345916748e-01 8.000000000000000000e+00
1.066636962890625000e+03 6.824461669921875000e+02 1.144732910156250000e+03 7.470214843750000000e+02 2.549015879631042480e-01 2.000000000000000000e+00
