9.403774414062500000e+02 1.522095947265625000e+02 9.907041015625000000e+02 1.895007629394531250e+02 6.993297934532165527e-01 2.000000000000000000e+00
1.076700439453125000e+03 2.093610382080078125e+02 1.137556762695312500e+03 2.483593902587890625e+02 6.847800016403198242e-01 2.000000000000000000e+00
1.058159790039062500e+03 1.505342712402343750e+02 1.114619873046875000e+03 1.818191680908203125e+02 6.633937954902648926e-01 2.000000000000000000e+00
6.885920410156250000e+02 6.937088775634765625e+01 7.352131347656250000e+02 1.013296661376953125e+02 5.948132872581481934e-01 2.000000000000000000e+00
1.136736694335937500e+03 2.072529907226562500e+02 1.196162597656250000e+03 2.441147460937500000e+02 5.934367775917053223e-01 2.000000000000000000e+00
7.175180664062500000e+02 5.673187866210937500e+02 7.856156616210937500e+02 6.416192626953125000e+02 5.735762119293212891e-01 2.000000000000000000e+00
6.915539550781250000e+02 5.255983886718750000e+02 7.594174194335937500e+02 5.910844116210937500e+02 5.664511322975158691e-01 2.000000000000000000e+00
1.280813476562500000e+03 2.642541198730468750e+02 1.336162353515625000e+03 2.981195068359375000e+02 5.298035740852355957e-01 2.000000000000000000e+00
1.370964477539062500e+03 2.018692321777343750e+02 1.400000000000000000e+03 2.380923614501953125e+02 5.070189237594604492e-01 2.000000000000000000e+00
9.025946655273437500e+02 1.038413772583007812e+02 9.533776855468750000e+02 1.342509765625000000e+02 4.829750061035156250e-01 2.000000000000000000e+00
2.974622802734375000e+02 1.011670074462890625e+02 3.496617431640625000e+02 1.379162445068359375e+02 4.625900983810424805e-01 2.000000000000000000e+00
3.073593139648437500e+02 1.316062316894531250e+02 3.678142089843750000e+02 1.692023468017578125e+02 4.592469930648803711e-01 2.000000000000000000e+00
7.205350341796875000e+02 1.358798522949218750e+02 7.771394042968750000e+02 1.727117614746093750e+02 4.414791464805603027e-01 2.000000000000000000e+00
1.002638793945312500e+03 1.205509567260742188e+02 1.056908813476562500e+03 1.475963745117187500e+02 4.018681645393371582e-01 2.000000000000000000e+00
7.671936035156250000e+02 4.533864440917968750e+02 8.234483032226562500e+02 5.073151245117187500e+02 3.910602629184722900e-01 2.000000000000000000e+00
7.537260131835937500e+02 1.058740615844726562e+02 7.971140136718750000e+02 1.364060668945312500e+02 3.499872684478759766e-01 2.000000000000000000e+00
6.144434814453125000e+02 6.083178100585937500e+02 7.137122802734375000e+02 6.850526733398437500e+02 3.385076224803924561e-01 2.000000000000000000e+00
8.021032714843750000e+02 7.913342285156250000e+01 8.527296752929687500e+02 1.053870391845703125e+02 3.166633844375610352e-01 2.000000000000000000e+00
2.849272766113281250e+02 3.288836059570312500e+02 3.344784851074218750e+02 3.611480102539062500e+02 3.110875487327575684e-01 2.000000000000000000e+00
6.442872924804687500e+02 7.767842864990234375e+01 6.994381103515625000e+02 1.140261230468750000e+02 3.048540651798248291e-01 2.000000000000000000e+00
8.332709960937500000e+02 4.794949035644531250e+02 9.008712158203125000e+02 5.498099365234375000e+02 2.833518981933593750e-01 2.000000000000000000e+00
8.142348632812500000e+02 3.986427001953125000e+02 8.660625000000000000e+02 4.493316955566406250e+02 2.803995311260223389e-01 2.000000000000000000e+00
1.311744384765625000e+03 2.869560241699218750e+02 1.398755737304687500e+03 3.475224914550781250e+02 2.598783075809478760e-01 2.000000000000000000e+00
6.518864135742187500e+02 9.770772552490234375e+01 7.072717895507812500e+02 1.279920806884765625e+02 2.532094717025756836e-01 2.000000000000000000e+00
