5.539436721801757812e+01 2.207077980041503906e+01 1.117438354492187500e+02 6.277809524536132812e+01 5.790829658508300781e-01 2.000000000000000000e+00
3.666990051269531250e+02 3.380063056945800781e+00 4.196809997558593750e+02 4.720477676391601562e+01 5.743807554244995117e-01 2.000000000000000000e+00
1.221501831054687500e+03 6.810269165039062500e+02 1.349453491210937500e+03 7.716900024414062500e+02 4.768724441528320312e-01 2.000000000000000000e+00
1.046587280273437500e+03 5.754146728515625000e+02 1.119591430664062500e+03 6.375552368164062500e+02 4.673412442207336426e-01 2.000000000000000000e+00
2.446005096435546875e+02 5.034653854370117188e+01 3.056027221679687500e+02 9.305819702148437500e+01 4.526450932025909424e-01 2.000000000000000000e+00
4.608048706054687500e+02 1.386619472503662109e+01 5.111857299804687500e+02 5.434753036499023438e+01 4.048472344875335693e-01 2.000000000000000000e+00
1.020918151855468750e+03 5.144752807617187500e+02 1.098502319335937500e+03 5.725271606445312500e+02 3.889454603195190430e-01 2.000000000000000000e+00
7.856054077148437500e+02 4.314159851074218750e+02 8.778471679687500000e+02 5.185347900390625000e+02 3.083629310131072998e-01 2.000000000000000000e+00
6.597099609375000000e+02 1.082937088012695312e+02 7.276420898437500000e+02 1.503066558837890625e+02 2.979235947132110596e-01 2.000000000000000000e+00
7.891093750000000000e+02 4.746692504882812500e+02 8.756642456054687500e+02 5.322507324218750000e+02 2.734388411045074463e-01 2.000000000000000000e+00
1.088471069335937500e+03 3.510560913085937500e+02 1.144133911132812500e+03 4.055509948730468750e+02 2.705985307693481445e-01 2.000000000000000000e+00
