8.956618041992187500e+02 5.822913818359375000e+02 9.469500122070312500e+02 6.194761962890625000e+02 7.212308645248413086e-01 2.000000000000000000e+00
8.245869140625000000e+02 3.159637145996093750e+02 8.577843017578125000e+02 3.356168823242187500e+02 5.673127174377441406e-01 2.000000000000000000e+00
4.292315368652343750e+02 4.485248413085937500e+02 4.661188354492187500e+02 4.789447021484375000e+02 5.471290946006774902e-01 2.000000000000000000e+00
8.697688598632812500e+02 3.093916931152343750e+02 8.983826904296875000e+02 3.306260986328125000e+02 5.108287930488586426e-01 2.000000000000000000e+00
6.610871887207031250e+01 4.760090637207031250e+02 1.006741638183593750e+02 5.059501953125000000e+02 4.704173505306243896e-01 2.000000000000000000e+00
3.603572082519531250e+02 5.472555541992187500e+02 4.098946533203125000e+02 5.822269897460937500e+02 4.017966687679290771e-01 2.000000000000000000e+00
2.287835998535156250e+02 4.612297363281250000e+02 2.831455078125000000e+02 5.089135437011718750e+02 3.842791914939880371e-01 7.000000000000000000e+00
1.081647338867187500e+03 4.933870544433593750e+02 1.110138916015625000e+03 5.244444580078125000e+02 3.520371913909912109e-01 2.000000000000000000e+00
9.405805969238281250e+01 4.586665039062500000e+02 1.350318908691406250e+02 4.920955810546875000e+02 3.356696069240570068e-01 2.000000000000000000e+00
8.676493530273437500e+02 2.779338073730468750e+02 8.940701293945312500e+02 2.943910522460937500e+02 3.267443180084228516e-01 2.000000000000000000e+00
7.904694213867187500e+02 1.022891479492187500e+03 8.082678222656250000e+02 1.050000000000000000e+03 3.062358200550079346e-01 0.000000000000000000e+00
8.904765014648437500e+02 3.406087951660156250e+02 9.344777832031250000e+02 3.723695373535156250e+02 3.042046129703521729e-01 2.000000000000000000e+00
8.846477050781250000e+02 8.032631225585937500e+02 9.129750366210937500e+02 8.328037109375000000e+02 3.034450113773345947e-01 3.000000000000000000e+00
1.809156036376953125e+01 4.307287597656250000e+02 5.762247848510742188e+01 4.535587158203125000e+02 2.955759465694427490e-01 2.000000000000000000e+00
5.418217163085937500e+02 6.061901855468750000e+02 5.904400634765625000e+02 6.437518920898437500e+02 2.917893826961517334e-01 7.000000000000000000e+00
4.345015258789062500e+02 5.923320922851562500e+02 4.825540466308593750e+02 6.235719604492187500e+02 2.916573882102966309e-01 2.000000000000000000e+00
4.207218627929687500e+02 6.045025634765625000e+02 4.756505737304687500e+02 6.388308105468750000e+02 2.878119051456451416e-01 2.000000000000000000e+00
1.102598632812500000e+03 5.258088378906250000e+02 1.135090942382812500e+03 5.560401611328125000e+02 2.814149260520935059e-01 2.000000000000000000e+00
5.939483261108398438e+01 4.462888793945312500e+02 9.578812408447265625e+01 4.727780151367187500e+02 2.783427536487579346e-01 2.000000000000000000e+00
4.278162841796875000e+02 5.643886718750000000e+02 4.618131408691406250e+02 5.904792480468750000e+02 2.766761183738708496e-01 2.000000000000000000e+00
7.051461791992187500e+01 4.702862243652343750e+02 1.247346496582031250e+02 5.009159545898437500e+02 2.665482163429260254e-01 2.000000000000000000e+00
8.263729248046875000e+02 9.297080078125000000e+02 8.654096069335937500e+02 9.685042114257812500e+02 2.611530721187591553e-01 3.000000000000000000e+00
