1.541522827148437500e+02 3.909411621093750000e+02 2.061806335449218750e+02 4.257330017089843750e+02 6.551503539085388184e-01 2.000000000000000000e+00
8.604940414428710938e+00 4.186390075683593750e+02 7.530490875244140625e+01 4.583130187988281250e+02 5.529306530952453613e-01 2.000000000000000000e+00
3.788582153320312500e+02 2.451484527587890625e+02 4.063825988769531250e+02 2.729664611816406250e+02 5.133310556411743164e-01 2.000000000000000000e+00
0.000000000000000000e+00 3.874762878417968750e+02 2.736395263671875000e+01 4.096252746582031250e+02 4.977158606052398682e-01 2.000000000000000000e+00
1.637666168212890625e+02 3.417723083496093750e+02 2.016692199707031250e+02 3.700503234863281250e+02 4.879640042781829834e-01 2.000000000000000000e+00
3.041749267578125000e+02 7.939306640625000000e+01 3.233128051757812500e+02 9.644250488281250000e+01 4.677938520908355713e-01 2.000000000000000000e+00
2.650870666503906250e+02 7.711693572998046875e+01 2.855448608398437500e+02 9.905775451660156250e+01 3.933506906032562256e-01 2.000000000000000000e+00
9.139677429199218750e+01 3.599862060546875000e+02 1.418074645996093750e+02 3.881318969726562500e+02 3.745500743389129639e-01 2.000000000000000000e+00
4.843088073730468750e+02 4.498275146484375000e+02 5.145875244140625000e+02 4.871498718261718750e+02 3.739717006683349609e-01 2.000000000000000000e+00
2.449613189697265625e+02 4.246841049194335938e+01 2.626343078613281250e+02 5.864473342895507812e+01 3.339709639549255371e-01 2.000000000000000000e+00
0.000000000000000000e+00 4.524393615722656250e+02 3.536792373657226562e+01 5.105087890625000000e+02 3.216288387775421143e-01 2.000000000000000000e+00
4.481628723144531250e+02 3.515287170410156250e+02 4.768337402343750000e+02 3.857319030761718750e+02 2.972584664821624756e-01 2.000000000000000000e+00
4.224230651855468750e+02 3.011941528320312500e+02 4.488922729492187500e+02 3.272654418945312500e+02 2.869507372379302979e-01 2.000000000000000000e+00
2.663492431640625000e+02 6.161866784095764160e-01 2.936051635742187500e+02 1.818553352355957031e+01 2.803607285022735596e-01 2.000000000000000000e+00
2.093779754638671875e+02 1.777429223060607910e+00 2.268414916992187500e+02 1.504330348968505859e+01 2.796342968940734863e-01 2.000000000000000000e+00
3.361612243652343750e+02 2.390072174072265625e+02 3.654319152832031250e+02 2.649198913574218750e+02 2.739686667919158936e-01 2.000000000000000000e+00
6.406851806640625000e+02 4.455047912597656250e+02 6.677849731445312500e+02 4.762226562500000000e+02 2.679502964019775391e-01 2.000000000000000000e+00
2.703563232421875000e+02 3.577860260009765625e+01 2.864582519531250000e+02 5.056364440917968750e+01 2.674104273319244385e-01 2.000000000000000000e+00
5.417846679687500000e+02 4.701144104003906250e+02 5.836818847656250000e+02 5.186837768554687500e+02 2.544006109237670898e-01 2.000000000000000000e+00
