6.950825195312500000e+02 6.600689697265625000e+02 7.954689331054687500e+02 7.613695678710937500e+02 7.572542428970336914e-01 2.000000000000000000e+00
4.989915771484375000e+02 4.092438354492187500e+02 5.695827026367187500e+02 4.480355224609375000e+02 6.298442482948303223e-01 2.000000000000000000e+00
4.132666931152343750e+02 3.416369628906250000e+02 4.524708557128906250e+02 3.810778503417968750e+02 5.586950182914733887e-01 2.000000000000000000e+00
1.044255523681640625e+02 2.834447937011718750e+02 1.467668609619140625e+02 3.244397277832031250e+02 5.573689937591552734e-01 2.000000000000000000e+00
6.172365112304687500e+02 5.132720336914062500e+02 7.018310546875000000e+02 6.382202758789062500e+02 4.444248080253601074e-01 7.000000000000000000e+00
5.932372436523437500e+02 4.504000549316406250e+02 6.564622192382812500e+02 5.129061889648437500e+02 3.841099441051483154e-01 2.000000000000000000e+00
5.842098388671875000e+02 2.268878479003906250e+02 6.135729980468750000e+02 2.577764282226562500e+02 3.708832561969757080e-01 2.000000000000000000e+00
3.085393981933593750e+02 3.640810546875000000e+02 4.015932617187500000e+02 4.450398559570312500e+02 3.438002169132232666e-01 7.000000000000000000e+00
7.808996582031250000e+02 4.889430236816406250e+01 8.433882446289062500e+02 9.303164672851562500e+01 3.293706178665161133e-01 2.000000000000000000e+00
7.962307739257812500e+02 6.839771118164062500e+02 8.614796752929687500e+02 7.435718383789062500e+02 3.082377016544342041e-01 2.000000000000000000e+00
