4.000428009033203125e+01 8.563059692382812500e+02 1.804235992431640625e+02 9.441971435546875000e+02 8.015386462211608887e-01 2.000000000000000000e+00
3.255629577636718750e+02 2.782022094726562500e+02 4.084541931152343750e+02 3.239242553710937500e+02 6.796958446502685547e-01 2.000000000000000000e+00
1.026777709960937500e+03 4.871083679199218750e+02 1.109603515625000000e+03 5.453434448242187500e+02 6.766361594200134277e-01 2.000000000000000000e+00
1.270480346679687500e+03 4.347771911621093750e+02 1.340662109375000000e+03 4.787923889160156250e+02 6.705392599105834961e-01 2.000000000000000000e+00
2.296462402343750000e+02 7.799905395507812500e+02 3.561170959472656250e+02 8.553472290039062500e+02 6.565427184104919434e-01 2.000000000000000000e+00
3.458364257812500000e+02 7.203165893554687500e+02 4.434665222167968750e+02 7.956017456054687500e+02 6.510356068611145020e-01 2.000000000000000000e+00
1.716349487304687500e+03 3.042359313964843750e+02 1.788046020507812500e+03 3.509836425781250000e+02 6.265776753425598145e-01 2.000000000000000000e+00
1.057460083007812500e+03 4.387734375000000000e+02 1.127102783203125000e+03 4.805221252441406250e+02 6.265147328376770020e-01 2.000000000000000000e+00
6.923534545898437500e+02 5.875961914062500000e+02 7.819957885742187500e+02 6.437391967773437500e+02 6.138311028480529785e-01 2.000000000000000000e+00
4.584450683593750000e+02 6.789787597656250000e+02 5.646984252929687500e+02 7.497650146484375000e+02 5.758069753646850586e-01 2.000000000000000000e+00
1.027535766601562500e+03 2.322421875000000000e+02 1.073043701171875000e+03 2.632981262207031250e+02 4.761335551738739014e-01 2.000000000000000000e+00
1.574110961914062500e+03 3.044001770019531250e+02 1.633549682617187500e+03 3.501938476562500000e+02 4.668461680412292480e-01 2.000000000000000000e+00
1.739916748046875000e+03 3.855274353027343750e+02 1.815605712890625000e+03 4.374326782226562500e+02 4.161879420280456543e-01 2.000000000000000000e+00
8.851638183593750000e+02 5.145670776367187500e+02 9.525010986328125000e+02 5.542115478515625000e+02 3.653796017169952393e-01 2.000000000000000000e+00
4.135218200683593750e+02 6.898508453369140625e+01 4.692172851562500000e+02 1.163572235107421875e+02 3.383308649063110352e-01 2.000000000000000000e+00
1.007821273803710938e+02 5.777551269531250000e+02 2.323169403076171875e+02 6.749870605468750000e+02 3.383086025714874268e-01 7.000000000000000000e+00
7.847791748046875000e+02 5.575134277343750000e+02 8.663693237304687500e+02 6.029413452148437500e+02 3.047231733798980713e-01 2.000000000000000000e+00
3.063508605957031250e+02 2.275090332031250000e+02 3.845527038574218750e+02 2.700392761230468750e+02 2.645969390869140625e-01 2.000000000000000000e+00
