1.205060058593750000e+03 5.303920898437500000e+02 1.322182617187500000e+03 6.261187744140625000e+02 8.081930875778198242e-01 2.000000000000000000e+00
1.287686645507812500e+03 1.718081207275390625e+02 1.394268188476562500e+03 2.629154968261718750e+02 7.983403205871582031e-01 2.000000000000000000e+00
2.881805114746093750e+02 4.669855651855468750e+02 4.189357299804687500e+02 5.655130004882812500e+02 6.963989138603210449e-01 2.000000000000000000e+00
7.760216064453125000e+02 1.636574554443359375e+02 8.570508422851562500e+02 2.136599578857421875e+02 6.846567988395690918e-01 2.000000000000000000e+00
1.191483764648437500e+03 2.203307495117187500e+02 1.305604858398437500e+03 3.125046691894531250e+02 5.988501310348510742e-01 2.000000000000000000e+00
1.030203979492187500e+03 2.511212310791015625e+02 1.160432128906250000e+03 3.488652648925781250e+02 5.838785171508789062e-01 2.000000000000000000e+00
1.182244262695312500e+03 1.713417663574218750e+02 1.249946777343750000e+03 2.350016326904296875e+02 5.390431284904479980e-01 2.000000000000000000e+00
1.183908691406250000e+03 2.777020454406738281e+01 1.235133544921875000e+03 6.076792144775390625e+01 5.112135410308837891e-01 2.000000000000000000e+00
1.141221557617187500e+03 2.251822509765625000e+02 1.228473266601562500e+03 2.773212890625000000e+02 5.067538619041442871e-01 2.000000000000000000e+00
1.078663085937500000e+03 2.485414314270019531e+01 1.132064941406250000e+03 5.444028091430664062e+01 5.022648572921752930e-01 2.000000000000000000e+00
9.041182861328125000e+02 3.268479003906250000e+02 1.045109741210937500e+03 4.169704589843750000e+02 4.580559730529785156e-01 2.000000000000000000e+00
8.333178100585937500e+02 2.348812255859375000e+02 9.126089477539062500e+02 2.970821533203125000e+02 4.358998239040374756e-01 2.000000000000000000e+00
8.258630981445312500e+02 4.590798034667968750e+02 9.492478637695312500e+02 5.582484130859375000e+02 4.350969195365905762e-01 7.000000000000000000e+00
6.850692749023437500e+02 6.596686401367187500e+02 7.770934448242187500e+02 7.409108276367187500e+02 4.334726929664611816e-01 2.000000000000000000e+00
1.151956787109375000e+03 1.905525817871093750e+02 1.242427734375000000e+03 2.705410461425781250e+02 4.015811681747436523e-01 2.000000000000000000e+00
1.046220214843750000e+03 6.786890258789062500e+02 1.166541992187500000e+03 7.823301391601562500e+02 4.010848104953765869e-01 2.000000000000000000e+00
8.246280517578125000e+02 4.594678039550781250e+02 9.507322998046875000e+02 5.582749633789062500e+02 3.981098830699920654e-01 2.000000000000000000e+00
1.069436523437500000e+03 2.768656005859375000e+02 1.213125610351562500e+03 3.889397277832031250e+02 3.761543035507202148e-01 2.000000000000000000e+00
