3.390671997070312500e+02 6.868247680664062500e+02 3.966192016601562500e+02 7.261325073242187500e+02 7.646678686141967773e-01 2.000000000000000000e+00
1.839382476806640625e+02 7.136903076171875000e+02 2.338606262207031250e+02 7.594431152343750000e+02 6.941315531730651855e-01 2.000000000000000000e+00
1.057726211547851562e+02 7.042645874023437500e+02 1.635268096923828125e+02 7.505111694335937500e+02 6.762107610702514648e-01 2.000000000000000000e+00
1.085427490234375000e+03 2.908984985351562500e+02 1.166077514648437500e+03 3.361019592285156250e+02 6.090209484100341797e-01 2.000000000000000000e+00
1.072527343750000000e+03 3.635300903320312500e+02 1.128623657226562500e+03 4.015943603515625000e+02 5.608294010162353516e-01 2.000000000000000000e+00
2.388877105712890625e+02 5.470347900390625000e+02 2.829835205078125000e+02 5.792657470703125000e+02 5.240887999534606934e-01 2.000000000000000000e+00
1.947068176269531250e+02 5.584688720703125000e+02 2.348246917724609375e+02 5.873067626953125000e+02 4.685803353786468506e-01 2.000000000000000000e+00
1.058943115234375000e+03 3.757961120605468750e+02 1.209494506835937500e+03 5.715270996093750000e+02 4.056366384029388428e-01 7.000000000000000000e+00
1.254209747314453125e+02 5.743459472656250000e+02 1.653362426757812500e+02 6.035585937500000000e+02 3.495584726333618164e-01 2.000000000000000000e+00
9.121144409179687500e+02 4.388610839843750000e+02 9.372261352539062500e+02 4.741882019042968750e+02 3.478424847126007080e-01 2.000000000000000000e+00
2.024238739013671875e+02 5.534845581054687500e+02 2.745871887207031250e+02 5.851902465820312500e+02 3.198700845241546631e-01 2.000000000000000000e+00
9.590263671875000000e+02 4.152554931640625000e+02 9.837494506835937500e+02 4.489355163574218750e+02 3.112100660800933838e-01 2.000000000000000000e+00
