8.903433837890625000e+02 1.990313873291015625e+02 1.030659790039062500e+03 3.104444885253906250e+02 8.936129808425903320e-01 2.000000000000000000e+00
7.081726074218750000e+02 3.091463317871093750e+02 8.641629638671875000e+02 4.143437805175781250e+02 8.745598196983337402e-01 2.000000000000000000e+00
9.003046875000000000e+02 4.963580627441406250e+02 1.073179077148437500e+03 6.229156494140625000e+02 8.386979699134826660e-01 2.000000000000000000e+00
6.881031494140625000e+02 2.351447143554687500e+02 8.159354248046875000e+02 3.311094360351562500e+02 8.217776417732238770e-01 2.000000000000000000e+00
1.036528198242187500e+03 1.224162368774414062e+02 1.152394897460937500e+03 2.196329193115234375e+02 8.138086199760437012e-01 2.000000000000000000e+00
1.049997436523437500e+03 3.495047912597656250e+02 1.227207397460937500e+03 4.354287109375000000e+02 7.733123302459716797e-01 2.000000000000000000e+00
1.098683593750000000e+03 5.108275756835937500e+02 1.278917602539062500e+03 6.693318481445312500e+02 7.658053636550903320e-01 2.000000000000000000e+00
3.372079162597656250e+02 3.993352890014648438e+01 4.584819946289062500e+02 1.298883514404296875e+02 7.645676732063293457e-01 2.000000000000000000e+00
6.999561157226562500e+02 6.128408813476562500e+02 7.914998779296875000e+02 7.984970703125000000e+02 7.165291905403137207e-01 2.000000000000000000e+00
7.485972290039062500e+02 4.768948745727539062e+01 8.493820800781250000e+02 1.558489074707031250e+02 7.013533711433410645e-01 2.000000000000000000e+00
9.418044433593750000e+02 6.082835083007812500e+02 1.104444824218750000e+03 7.603645019531250000e+02 6.899834275245666504e-01 2.000000000000000000e+00
1.152055053710937500e+03 6.364652633666992188e+01 1.250881591796875000e+03 1.462212677001953125e+02 6.693956851959228516e-01 2.000000000000000000e+00
6.830113525390625000e+02 8.255647277832031250e+01 7.447736206054687500e+02 1.769824523925781250e+02 6.660174131393432617e-01 2.000000000000000000e+00
4.362678833007812500e+02 7.035275268554687500e+02 6.175613403320312500e+02 9.224121093750000000e+02 6.240947842597961426e-01 6.700000000000000000e+01
1.208751373291015625e+02 6.213125610351562500e+02 3.034166870117187500e+02 8.060247802734375000e+02 6.198858022689819336e-01 2.000000000000000000e+00
6.078776245117187500e+02 9.751070404052734375e+01 6.648311157226562500e+02 1.903644714355468750e+02 6.111121773719787598e-01 2.000000000000000000e+00
2.474168548583984375e+02 7.332370605468750000e+02 3.924537048339843750e+02 9.250887451171875000e+02 6.017810702323913574e-01 6.700000000000000000e+01
7.935784301757812500e+02 6.992775201797485352e-01 9.030261840820312500e+02 9.966961669921875000e+01 5.889043211936950684e-01 2.000000000000000000e+00
4.226068115234375000e+02 6.674429321289062500e+01 5.193249511718750000e+02 1.678247375488281250e+02 5.643595457077026367e-01 2.000000000000000000e+00
1.487491455078125000e+02 3.584652404785156250e+02 2.604987792968750000e+02 4.475934448242187500e+02 5.476914644241333008e-01 2.000000000000000000e+00
2.961314392089843750e+02 5.367189025878906250e+01 3.197132263183593750e+02 1.011439666748046875e+02 5.133234858512878418e-01 0.000000000000000000e+00
1.305942749023437500e+03 7.135781860351562500e+02 1.400000000000000000e+03 8.416909179687500000e+02 5.010654926300048828e-01 2.000000000000000000e+00
2.478404846191406250e+02 7.333374023437500000e+02 3.933822021484375000e+02 9.260661010742187500e+02 4.740950465202331543e-01 2.000000000000000000e+00
1.109598266601562500e+03 6.953616943359375000e+02 1.249770874023437500e+03 7.922020874023437500e+02 4.135822057723999023e-01 2.000000000000000000e+00
1.228493408203125000e+03 2.660311937332153320e+00 1.358195922851562500e+03 8.625549316406250000e+01 4.131149947643280029e-01 7.000000000000000000e+00
3.137511596679687500e+02 2.119245452880859375e+02 3.506762390136718750e+02 2.659534606933593750e+02 4.024315774440765381e-01 0.000000000000000000e+00
5.240461425781250000e+02 8.439872741699218750e+01 5.905119628906250000e+02 1.752762451171875000e+02 3.662275075912475586e-01 2.000000000000000000e+00
1.120915893554687500e+03 7.192783203125000000e+02 1.270189331054687500e+03 8.676098022460937500e+02 3.609391450881958008e-01 2.000000000000000000e+00
7.658634643554687500e+02 1.909701919555664062e+01 8.852776489257812500e+02 1.291564331054687500e+02 3.179445266723632812e-01 2.000000000000000000e+00
1.224901977539062500e+03 4.820961303710937500e+02 1.267077880859375000e+03 5.342931518554687500e+02 2.801994979381561279e-01 0.000000000000000000e+00
1.220972656250000000e+03 4.835577697753906250e+02 1.276354736328125000e+03 5.395222778320312500e+02 2.595956623554229736e-01 2.000000000000000000e+00
