1.617447753906250000e+03 8.903278808593750000e+02 1.730517822265625000e+03 9.525048217773437500e+02 7.772863507270812988e-01 2.000000000000000000e+00
1.210969360351562500e+03 7.605519409179687500e+02 1.278198608398437500e+03 8.150593872070312500e+02 6.930055618286132812e-01 2.000000000000000000e+00
1.788669189453125000e+03 9.417008666992187500e+02 1.861072021484375000e+03 1.017219909667968750e+03 5.546684861183166504e-01 2.000000000000000000e+00
1.218952026367187500e+03 6.283474731445312500e+02 1.296920898437500000e+03 6.704628295898437500e+02 5.026187896728515625e-01 2.000000000000000000e+00
1.847023315429687500e+03 6.613081054687500000e+02 1.912772949218750000e+03 7.089029541015625000e+02 4.924893975257873535e-01 2.000000000000000000e+00
1.767450927734375000e+03 5.900486450195312500e+02 1.822478515625000000e+03 6.276472167968750000e+02 4.591803848743438721e-01 2.000000000000000000e+00
1.880797851562500000e+03 8.023528442382812500e+02 1.916000000000000000e+03 8.564364013671875000e+02 4.497918784618377686e-01 2.000000000000000000e+00
1.801754394531250000e+03 7.479248046875000000e+02 1.863998535156250000e+03 7.974201660156250000e+02 4.356432259082794189e-01 2.000000000000000000e+00
1.693268554687500000e+03 7.569768066406250000e+02 1.869711669921875000e+03 8.963939819335937500e+02 4.142449796199798584e-01 2.000000000000000000e+00
1.103477050781250000e+03 5.789381713867187500e+02 1.156305908203125000e+03 6.219523315429687500e+02 4.097836315631866455e-01 2.000000000000000000e+00
1.157133911132812500e+03 5.531828002929687500e+02 1.213961425781250000e+03 5.955444335937500000e+02 3.756057620048522949e-01 2.000000000000000000e+00
1.267872802734375000e+03 6.151790161132812500e+02 1.327584594726562500e+03 6.634537963867187500e+02 3.411569893360137939e-01 2.000000000000000000e+00
1.758221801757812500e+03 1.006514526367187500e+03 1.839534790039062500e+03 1.078000000000000000e+03 3.219979405403137207e-01 2.000000000000000000e+00
1.685394042968750000e+03 7.558670654296875000e+02 1.873193847656250000e+03 8.964713745117187500e+02 3.085571527481079102e-01 7.000000000000000000e+00
1.540424316406250000e+03 9.611719970703125000e+02 1.681196411132812500e+03 1.062050659179687500e+03 2.626957595348358154e-01 2.000000000000000000e+00
1.859621582031250000e+03 5.046439514160156250e+02 1.915003051757812500e+03 5.496740112304687500e+02 2.583712041378021240e-01 2.000000000000000000e+00
