6.605930786132812500e+02 4.355533142089843750e+02 7.378529052734375000e+02 5.071558837890625000e+02 6.866836547851562500e-01 2.000000000000000000e+00
5.259862060546875000e+02 4.329925537109375000e+02 6.113295288085937500e+02 4.900059204101562500e+02 6.775245666503906250e-01 2.000000000000000000e+00
8.251834106445312500e+02 5.443111572265625000e+02 9.100578002929687500e+02 6.198959960937500000e+02 6.554861068725585938e-01 2.000000000000000000e+00
7.849712524414062500e+02 5.121973266601562500e+02 8.719002075195312500e+02 6.025783081054687500e+02 4.721710085868835449e-01 2.000000000000000000e+00
0.000000000000000000e+00 2.635759277343750000e+02 5.297235107421875000e+01 3.103721008300781250e+02 4.391281306743621826e-01 2.000000000000000000e+00
1.011613342285156250e+03 7.229824829101562500e+01 1.059958496093750000e+03 1.089297027587890625e+02 4.043518006801605225e-01 2.000000000000000000e+00
1.018301208496093750e+03 1.271491317749023438e+02 1.080067993164062500e+03 1.778739318847656250e+02 4.024631381034851074e-01 2.000000000000000000e+00
1.073692138671875000e+03 1.465770111083984375e+02 1.131098876953125000e+03 1.971086883544921875e+02 3.889534771442413330e-01 2.000000000000000000e+00
1.812207946777343750e+02 2.276538372039794922e+00 2.664914550781250000e+02 6.369773864746093750e+01 3.657569289207458496e-01 2.000000000000000000e+00
0.000000000000000000e+00 2.223485260009765625e+02 6.296775054931640625e+01 3.016765441894531250e+02 3.295174241065979004e-01 2.000000000000000000e+00
1.427585449218750000e+02 1.928167877197265625e+02 2.028858032226562500e+02 2.419900054931640625e+02 3.167500197887420654e-01 2.000000000000000000e+00
1.107719116210937500e+03 7.082456665039062500e+02 1.162102294921875000e+03 7.515405883789062500e+02 3.023073077201843262e-01 2.000000000000000000e+00
1.446129882812500000e+03 2.794513244628906250e+02 1.534140258789062500e+03 3.370322570800781250e+02 2.969411611557006836e-01 2.000000000000000000e+00
1.182137695312500000e+03 7.159264526367187500e+02 1.239574340820312500e+03 7.743834838867187500e+02 2.938937544822692871e-01 2.000000000000000000e+00
1.068420486450195312e+02 1.975856475830078125e+02 1.591037292480468750e+02 2.336007385253906250e+02 2.786457240581512451e-01 2.000000000000000000e+00
