6.416929931640625000e+02 3.628884582519531250e+02 7.294154663085937500e+02 4.227070617675781250e+02 6.642209291458129883e-01 2.000000000000000000e+00
6.639255981445312500e+02 3.574453125000000000e+02 8.299818115234375000e+02 5.042171325683593750e+02 4.397346079349517822e-01 7.000000000000000000e+00
1.175904174804687500e+03 4.976799621582031250e+02 1.230044555664062500e+03 5.652585449218750000e+02 4.347407817840576172e-01 2.000000000000000000e+00
1.054683959960937500e+03 6.846035156250000000e+02 1.109676269531250000e+03 7.767912597656250000e+02 4.234890639781951904e-01 2.000000000000000000e+00
1.112407226562500000e+03 4.699483032226562500e+02 1.183761474609375000e+03 5.444752197265625000e+02 4.232256710529327393e-01 2.000000000000000000e+00
3.255059814453125000e+02 3.551001892089843750e+02 4.772859497070312500e+02 4.244384460449218750e+02 3.912209868431091309e-01 2.000000000000000000e+00
4.398908913135528564e-01 5.039609985351562500e+02 3.686442565917968750e+01 5.587125854492187500e+02 3.863771557807922363e-01 2.000000000000000000e+00
3.014386901855468750e+02 1.874698028564453125e+02 3.783636474609375000e+02 2.261118164062500000e+02 3.732526004314422607e-01 2.000000000000000000e+00
2.331353302001953125e+02 4.216649169921875000e+02 3.161506347656250000e+02 5.042509460449218750e+02 3.643038570880889893e-01 7.000000000000000000e+00
8.796614990234375000e+02 6.945552368164062500e+02 9.531605834960937500e+02 7.995541992187500000e+02 3.513185679912567139e-01 7.000000000000000000e+00
0.000000000000000000e+00 6.157212524414062500e+02 6.512416992187500000e+02 1.067896850585937500e+03 3.288797140121459961e-01 7.000000000000000000e+00
9.073149414062500000e+02 4.987568359375000000e+02 9.936030273437500000e+02 5.705485839843750000e+02 3.015068173408508301e-01 2.000000000000000000e+00
3.233801269531250000e+02 3.526972656250000000e+02 4.766966247558593750e+02 4.271427612304687500e+02 2.867425084114074707e-01 7.000000000000000000e+00
9.040609741210937500e+02 3.770899963378906250e+02 1.047734252929687500e+03 5.698997802734375000e+02 2.795023322105407715e-01 7.000000000000000000e+00
