4.609601440429687500e+02 5.598876953125000000e+02 6.040746459960937500e+02 7.112275390625000000e+02 8.944096565246582031e-01 2.000000000000000000e+00
4.601589965820312500e+02 3.661371459960937500e+02 5.979224853515625000e+02 5.161151733398437500e+02 8.713937997817993164e-01 2.000000000000000000e+00
3.123322448730468750e+02 2.748851623535156250e+02 4.175662841796875000e+02 4.098042602539062500e+02 8.599169254302978516e-01 2.000000000000000000e+00
1.004421234130859375e+02 1.630742645263671875e+02 2.516713409423828125e+02 2.739447631835937500e+02 7.632288336753845215e-01 2.000000000000000000e+00
9.980449829101562500e+02 8.712255859375000000e+02 1.260197387695312500e+03 1.048233886718750000e+03 7.458701729774475098e-01 2.000000000000000000e+00
4.315543212890625000e+02 2.006194458007812500e+02 5.462853393554687500e+02 3.259858093261718750e+02 7.224601507186889648e-01 2.000000000000000000e+00
7.169979095458984375e+01 7.754214477539062500e+01 2.065446929931640625e+02 1.764916992187500000e+02 7.011713385581970215e-01 2.000000000000000000e+00
5.994388427734375000e+02 5.185849609375000000e+02 8.105800781250000000e+02 7.584148559570312500e+02 6.809110045433044434e-01 2.000000000000000000e+00
3.115486450195312500e+02 1.303805389404296875e+02 3.812362365722656250e+02 2.426863403320312500e+02 6.478853225708007812e-01 2.000000000000000000e+00
1.636130371093750000e+02 9.079841613769531250e+01 3.092852478027343750e+02 1.676362152099609375e+02 5.787141919136047363e-01 2.000000000000000000e+00
4.981969604492187500e+02 0.000000000000000000e+00 5.738779907226562500e+02 5.805255508422851562e+01 5.616462826728820801e-01 2.000000000000000000e+00
6.373775634765625000e+02 1.604510345458984375e+02 6.569151000976562500e+02 2.279910278320312500e+02 5.517728924751281738e-01 0.000000000000000000e+00
9.205560913085937500e+02 7.079895019531250000e+02 9.684899291992187500e+02 8.047822265625000000e+02 5.367804169654846191e-01 0.000000000000000000e+00
7.528373413085937500e+02 3.971771240234375000e+02 8.746746826171875000e+02 5.083783264160156250e+02 4.863199293613433838e-01 2.000000000000000000e+00
5.248258056640625000e+02 1.044314117431640625e+02 5.568878173828125000e+02 1.599834899902343750e+02 4.737225472927093506e-01 0.000000000000000000e+00
6.436038208007812500e+01 7.810513916015625000e+02 2.316927795410156250e+02 1.009713745117187500e+03 3.993556201457977295e-01 4.100000000000000000e+01
1.264978637695312500e+03 1.008124023437500000e+03 1.382199707031250000e+03 1.049308105468750000e+03 3.330380916595458984e-01 2.000000000000000000e+00
9.284671630859375000e+02 3.683043212890625000e+02 9.590985717773437500e+02 4.186030578613281250e+02 3.112306296825408936e-01 0.000000000000000000e+00
