6.918164672851562500e+02 2.212316989898681641e+00 7.782971191406250000e+02 1.733372650146484375e+02 7.760755419731140137e-01 6.700000000000000000e+01
5.346336669921875000e+02 5.990936889648437500e+02 6.434843139648437500e+02 8.051519165039062500e+02 7.693814039230346680e-01 2.000000000000000000e+00
3.120882263183593750e+02 6.184647827148437500e+02 4.359879760742187500e+02 8.127283325195312500e+02 6.697794198989868164e-01 2.000000000000000000e+00
6.546426391601562500e+02 2.572715759277343750e+02 7.526646118164062500e+02 4.491853027343750000e+02 6.684390306472778320e-01 6.700000000000000000e+01
4.926534652709960938e+01 8.230404663085937500e+02 2.644090881347656250e+02 1.018912475585937500e+03 6.261246800422668457e-01 6.700000000000000000e+01
6.651944580078125000e+02 5.693853759765625000e+02 7.732207031250000000e+02 7.498300781250000000e+02 5.758385062217712402e-01 6.700000000000000000e+01
4.488801879882812500e+02 2.498555183410644531e+00 5.553504638671875000e+02 1.984958648681640625e+02 5.683318972587585449e-01 6.700000000000000000e+01
7.512766113281250000e+02 6.788733520507812500e+02 8.713316650390625000e+02 9.275663452148437500e+02 5.647212862968444824e-01 6.700000000000000000e+01
6.592091064453125000e+02 5.713500976562500000e+02 7.722614746093750000e+02 7.907227172851562500e+02 5.405842661857604980e-01 2.000000000000000000e+00
8.308579101562500000e+02 4.923483276367187500e+02 1.029948974609375000e+03 6.740418090820312500e+02 4.198508858680725098e-01 8.000000000000000000e+00
4.496608276367187500e+02 3.819755315780639648e+00 5.550924682617187500e+02 1.979242553710937500e+02 3.767393529415130615e-01 3.900000000000000000e+01
1.082128906250000000e+03 6.709944458007812500e+02 1.318522583007812500e+03 8.188179931640625000e+02 3.341401517391204834e-01 2.000000000000000000e+00
1.082933105468750000e+03 6.718872680664062500e+02 1.318056762695312500e+03 8.191774291992187500e+02 3.154146969318389893e-01 4.000000000000000000e+00
1.218130874633789062e+02 4.888588190078735352e-01 2.081912994384765625e+02 1.041080551147460938e+02 2.987705469131469727e-01 3.900000000000000000e+01
8.304355468750000000e+02 4.915003662109375000e+02 1.030423339843750000e+03 6.706790771484375000e+02 2.708519697189331055e-01 2.000000000000000000e+00
