6.009334716796875000e+02 4.482677612304687500e+02 6.314846191406250000e+02 4.868266601562500000e+02 5.270502567291259766e-01 2.000000000000000000e+00
5.415468139648437500e+02 3.402923889160156250e+02 5.684724731445312500e+02 3.730073547363281250e+02 4.540492892265319824e-01 2.000000000000000000e+00
6.946160888671875000e+02 6.575624084472656250e+01 7.144751586914062500e+02 8.654655456542968750e+01 4.288572967052459717e-01 2.000000000000000000e+00
5.003009643554687500e+02 7.716001892089843750e+01 5.236764526367187500e+02 9.995497894287109375e+01 4.286363422870635986e-01 2.000000000000000000e+00
4.666769104003906250e+02 1.330907897949218750e+02 4.900819702148437500e+02 1.577609252929687500e+02 3.779048025608062744e-01 2.000000000000000000e+00
5.512003173828125000e+02 2.391974487304687500e+02 5.778732299804687500e+02 2.726706237792968750e+02 3.017600476741790771e-01 2.000000000000000000e+00
5.717914428710937500e+02 4.123799133300781250e+01 5.921094360351562500e+02 6.490509033203125000e+01 3.013090193271636963e-01 2.000000000000000000e+00
1.883838043212890625e+02 2.138915710449218750e+02 3.040720214843750000e+02 3.472654418945312500e+02 3.006996810436248779e-01 7.000000000000000000e+00
2.811283264160156250e+02 3.725077819824218750e+01 3.335845336914062500e+02 6.449456024169921875e+01 2.863155901432037354e-01 2.000000000000000000e+00
4.411956787109375000e+02 1.420611000061035156e+01 4.623657226562500000e+02 3.659755706787109375e+01 2.717438638210296631e-01 2.000000000000000000e+00
7.570941772460937500e+02 1.370811614990234375e+02 8.207710571289062500e+02 2.345734558105468750e+02 2.614430189132690430e-01 5.000000000000000000e+00
