1.291556640625000000e+03 8.983939208984375000e+02 1.346076171875000000e+03 9.453597412109375000e+02 5.212516188621520996e-01 2.000000000000000000e+00
1.169501586914062500e+03 8.817881469726562500e+02 1.223705688476562500e+03 9.232968139648437500e+02 5.065193176269531250e-01 2.000000000000000000e+00
7.012243041992187500e+02 7.838048095703125000e+02 7.571955566406250000e+02 8.167163696289062500e+02 4.878917038440704346e-01 2.000000000000000000e+00
1.195416625976562500e+03 8.318895263671875000e+02 1.242823608398437500e+03 8.621030273437500000e+02 3.928235769271850586e-01 2.000000000000000000e+00
1.212178466796875000e+03 9.041227416992187500e+02 1.264421264648437500e+03 9.493895874023437500e+02 3.655499219894409180e-01 2.000000000000000000e+00
1.241152221679687500e+03 9.243179931640625000e+02 1.303339965820312500e+03 9.812788696289062500e+02 3.551289737224578857e-01 2.000000000000000000e+00
1.351760742187500000e+03 9.167925415039062500e+02 1.400000000000000000e+03 9.598886108398437500e+02 3.297609388828277588e-01 2.000000000000000000e+00
1.287004638671875000e+03 4.041023559570312500e+02 1.399622680664062500e+03 5.684454956054687500e+02 3.275556266307830811e-01 6.000000000000000000e+00
4.691237487792968750e+02 7.704649047851562500e+02 5.044043884277343750e+02 8.100400390625000000e+02 3.081082105636596680e-01 2.000000000000000000e+00
1.113706420898437500e+03 8.619042358398437500e+02 1.176845581054687500e+03 8.971992797851562500e+02 2.963975369930267334e-01 2.000000000000000000e+00
5.449629516601562500e+02 6.411302490234375000e+02 5.734010009765625000e+02 6.671513671875000000e+02 2.563146650791168213e-01 2.000000000000000000e+00
