9.376484375000000000e+02 4.351217346191406250e+02 1.013224792480468750e+03 5.130562133789062500e+02 8.117200732231140137e-01 2.000000000000000000e+00
2.458061828613281250e+02 3.245852966308593750e+02 3.215662231445312500e+02 3.854639892578125000e+02 8.004377484321594238e-01 2.000000000000000000e+00
9.011587524414062500e+02 3.508063049316406250e+02 9.755712280273437500e+02 4.340927124023437500e+02 7.795504927635192871e-01 2.000000000000000000e+00
3.705466308593750000e+02 2.859985046386718750e+02 4.492297973632812500e+02 3.742427062988281250e+02 7.015245556831359863e-01 2.000000000000000000e+00
8.822495727539062500e+02 2.960769653320312500e+02 9.409880371093750000e+02 3.421134033203125000e+02 6.515059471130371094e-01 2.000000000000000000e+00
4.427388916015625000e+02 7.953711700439453125e+01 5.077514648437500000e+02 1.319866638183593750e+02 5.819263458251953125e-01 2.000000000000000000e+00
8.486084594726562500e+02 1.917339935302734375e+02 8.944016113281250000e+02 2.332381744384765625e+02 5.269214510917663574e-01 2.000000000000000000e+00
7.687369995117187500e+02 7.455361938476562500e+01 8.032191162109375000e+02 1.063992538452148438e+02 4.215627908706665039e-01 2.000000000000000000e+00
5.291992797851562500e+02 5.411972808837890625e+01 5.630216674804687500e+02 8.724468994140625000e+01 3.847551643848419189e-01 2.000000000000000000e+00
7.512294921875000000e+02 2.436498832702636719e+01 7.943448486328125000e+02 5.826259231567382812e+01 3.495386838912963867e-01 2.000000000000000000e+00
9.967095184326171875e+01 2.259966735839843750e+02 1.517553253173828125e+02 2.913686218261718750e+02 3.345376551151275635e-01 2.000000000000000000e+00
3.543882751464843750e+02 1.540614318847656250e+02 4.354143676757812500e+02 1.935619659423828125e+02 3.255661129951477051e-01 2.000000000000000000e+00
4.930784301757812500e+02 5.657365417480468750e+01 5.290144653320312500e+02 8.690438842773437500e+01 2.504177391529083252e-01 2.000000000000000000e+00
