7.305347290039062500e+02 6.785765380859375000e+02 8.348842773437500000e+02 7.459731445312500000e+02 8.769043684005737305e-01 2.000000000000000000e+00
1.094746337890625000e+03 5.584366455078125000e+02 1.175687744140625000e+03 6.222581176757812500e+02 7.557122707366943359e-01 2.000000000000000000e+00
7.569748535156250000e+02 8.064437255859375000e+02 8.564528198242187500e+02 9.269658813476562500e+02 6.624554991722106934e-01 2.000000000000000000e+00
8.843200073242187500e+02 6.475105590820312500e+02 9.855207519531250000e+02 7.461231079101562500e+02 5.998732447624206543e-01 7.000000000000000000e+00
1.372373901367187500e+03 3.083557434082031250e+02 1.400000000000000000e+03 3.331866149902343750e+02 5.001166462898254395e-01 2.000000000000000000e+00
2.141087055206298828e+00 4.650103149414062500e+02 1.706918792724609375e+02 6.580380859375000000e+02 4.266677200794219971e-01 5.000000000000000000e+00
1.247814453125000000e+03 7.420583343505859375e+01 1.397987426757812500e+03 1.291579742431640625e+02 4.079663157463073730e-01 2.500000000000000000e+01
1.042198608398437500e+03 7.805648803710937500e+02 1.279713745117187500e+03 1.048443603515625000e+03 3.846294879913330078e-01 7.000000000000000000e+00
1.464364929199218750e+02 6.576038818359375000e+02 2.267101593017578125e+02 7.395025634765625000e+02 3.789628744125366211e-01 2.000000000000000000e+00
0.000000000000000000e+00 4.129942626953125000e+02 3.446257400512695312e+01 4.550421447753906250e+02 3.690873384475708008e-01 2.000000000000000000e+00
1.262167480468750000e+03 4.436272277832031250e+02 1.318484375000000000e+03 4.855625915527343750e+02 3.052668571472167969e-01 2.000000000000000000e+00
2.632454223632812500e+02 1.539228973388671875e+02 3.385415954589843750e+02 2.101281280517578125e+02 2.806718349456787109e-01 6.000000000000000000e+00
