4.817392272949218750e+02 5.958372802734375000e+02 5.893602905273437500e+02 6.752203979492187500e+02 6.660098433494567871e-01 2.000000000000000000e+00
6.147311401367187500e+02 5.865211181640625000e+02 9.416008300781250000e+02 9.764751586914062500e+02 6.489892601966857910e-01 7.000000000000000000e+00
4.097625122070312500e+02 7.418875732421875000e+02 7.254149780273437500e+02 1.044986572265625000e+03 6.096328496932983398e-01 7.000000000000000000e+00
9.802148437500000000e+02 3.036064147949218750e+02 1.029670043945312500e+03 3.352595520019531250e+02 4.972417354583740234e-01 2.000000000000000000e+00
3.894013671875000000e+02 8.444223022460937500e+02 4.119259033203125000e+02 8.844251098632812500e+02 4.925070703029632568e-01 0.000000000000000000e+00
8.127780151367187500e+02 3.999988403320312500e+02 1.240833984375000000e+03 8.076007080078125000e+02 4.662732779979705811e-01 7.000000000000000000e+00
1.377787963867187500e+03 4.344816589355468750e+02 1.400000000000000000e+03 4.711758422851562500e+02 4.250557422637939453e-01 2.000000000000000000e+00
8.318726806640625000e+02 8.651950683593750000e+02 1.102070800781250000e+03 1.049592285156250000e+03 3.090762495994567871e-01 7.000000000000000000e+00
2.285710144042968750e+02 8.865034179687500000e+02 5.295379028320312500e+02 1.047771484375000000e+03 2.844617068767547607e-01 7.000000000000000000e+00
1.065196777343750000e+03 3.394231567382812500e+02 1.079016357421875000e+03 3.692876586914062500e+02 2.608961462974548340e-01 0.000000000000000000e+00
