1.375602905273437500e+03 7.906733398437500000e+02 1.473764770507812500e+03 8.599593505859375000e+02 7.881364822387695312e-01 2.000000000000000000e+00
1.276070556640625000e+03 8.331444091796875000e+02 1.381614379882812500e+03 9.258532714843750000e+02 7.223965525627136230e-01 2.000000000000000000e+00
1.769280273437500000e+03 1.029170166015625000e+03 1.864889160156250000e+03 1.075997802734375000e+03 6.489384174346923828e-01 2.000000000000000000e+00
8.677014770507812500e+02 4.817869873046875000e+02 1.069889526367187500e+03 6.245870971679687500e+02 6.413311958312988281e-01 7.000000000000000000e+00
6.575260009765625000e+02 7.087478637695312500e+02 8.585584716796875000e+02 9.456105957031250000e+02 5.580886602401733398e-01 7.000000000000000000e+00
1.644152221679687500e+03 3.827569580078125000e+02 1.735359252929687500e+03 4.348987731933593750e+02 5.452519059181213379e-01 2.000000000000000000e+00
1.273356445312500000e+03 7.170349731445312500e+02 1.363903076171875000e+03 7.961920776367187500e+02 5.257390737533569336e-01 2.000000000000000000e+00
1.589962646484375000e+03 4.211997375488281250e+02 1.660601928710937500e+03 4.652610778808593750e+02 5.185713171958923340e-01 2.000000000000000000e+00
1.619458740234375000e+03 9.385929565429687500e+02 1.754584960937500000e+03 1.027178710937500000e+03 4.726373553276062012e-01 2.000000000000000000e+00
1.619167602539062500e+03 9.352208251953125000e+02 1.753315185546875000e+03 1.030588500976562500e+03 4.308062791824340820e-01 7.000000000000000000e+00
3.348709411621093750e+02 8.595274658203125000e+02 3.807843322753906250e+02 9.053937377929687500e+02 4.148001968860626221e-01 2.000000000000000000e+00
1.176564086914062500e+03 6.767659912109375000e+02 1.260061889648437500e+03 7.449580078125000000e+02 3.901293277740478516e-01 2.000000000000000000e+00
1.016441059112548828e+01 7.250012207031250000e+02 3.152654113769531250e+02 9.671587524414062500e+02 3.715480566024780273e-01 7.000000000000000000e+00
1.260236328125000000e+03 9.557838134765625000e+02 1.353236938476562500e+03 1.070448852539062500e+03 3.577749431133270264e-01 7.000000000000000000e+00
1.367506347656250000e+03 7.881022949218750000e+02 1.441474487304687500e+03 8.386260375976562500e+02 3.530682325363159180e-01 2.000000000000000000e+00
1.365641113281250000e+03 7.887356567382812500e+02 1.408719970703125000e+03 8.300250244140625000e+02 2.904614508152008057e-01 2.000000000000000000e+00
1.177962158203125000e+03 6.836440429687500000e+02 1.268995849609375000e+03 7.471833496093750000e+02 2.669509053230285645e-01 7.000000000000000000e+00
3.787667846679687500e+02 6.426950683593750000e+02 4.405224914550781250e+02 7.182131958007812500e+02 2.624895274639129639e-01 7.000000000000000000e+00
