8.724536132812500000e+02 6.280130615234375000e+02 9.320817871093750000e+02 6.556820068359375000e+02 6.815115213394165039e-01 2.000000000000000000e+00
6.062344970703125000e+02 6.123589477539062500e+02 6.482915649414062500e+02 6.327172241210937500e+02 6.724903583526611328e-01 2.000000000000000000e+00
6.563068847656250000e+02 6.455227050781250000e+02 7.045569458007812500e+02 6.761370239257812500e+02 6.377406716346740723e-01 2.000000000000000000e+00
7.356772460937500000e+02 6.239575195312500000e+02 7.749761352539062500e+02 6.416835937500000000e+02 6.318701505661010742e-01 2.000000000000000000e+00
6.031786499023437500e+02 6.570711669921875000e+02 6.540524291992187500e+02 6.823977661132812500e+02 5.764218568801879883e-01 2.000000000000000000e+00
7.626413574218750000e+02 6.588814086914062500e+02 8.008462524414062500e+02 6.848919067382812500e+02 5.076444149017333984e-01 2.000000000000000000e+00
4.968330078125000000e+02 6.522387695312500000e+02 5.390928344726562500e+02 6.752717285156250000e+02 4.886561334133148193e-01 2.000000000000000000e+00
1.033987182617187500e+03 6.542089843750000000e+02 1.082584838867187500e+03 6.749159545898437500e+02 4.799771308898925781e-01 2.000000000000000000e+00
7.329108886718750000e+02 5.260267333984375000e+02 7.631201171875000000e+02 5.563148193359375000e+02 4.342662990093231201e-01 2.000000000000000000e+00
1.136316894531250000e+03 6.977012329101562500e+02 1.181521118164062500e+03 7.274819946289062500e+02 4.286829829216003418e-01 2.000000000000000000e+00
7.259963378906250000e+02 9.249496459960937500e+02 7.730940551757812500e+02 9.980589599609375000e+02 4.067705869674682617e-01 2.000000000000000000e+00
1.170839599609375000e+03 7.246473999023437500e+02 1.224902832031250000e+03 7.562285156250000000e+02 4.036538898944854736e-01 2.000000000000000000e+00
4.526600646972656250e+02 6.221354370117187500e+02 5.026697998046875000e+02 6.565285034179687500e+02 3.941357433795928955e-01 2.000000000000000000e+00
1.320901367187500000e+03 6.711727294921875000e+02 1.400000000000000000e+03 7.115026245117187500e+02 3.788062930107116699e-01 4.000000000000000000e+00
6.003986816406250000e+02 9.753215332031250000e+02 6.599750366210937500e+02 1.046468505859375000e+03 3.635214269161224365e-01 2.000000000000000000e+00
5.467155761718750000e+02 6.841964111328125000e+02 5.925418090820312500e+02 7.273916625976562500e+02 3.140515685081481934e-01 2.000000000000000000e+00
8.468889160156250000e+02 5.029524230957031250e+02 8.659624023437500000e+02 5.211948242187500000e+02 2.998046278953552246e-01 2.000000000000000000e+00
6.807517700195312500e+02 7.106258544921875000e+02 6.983568115234375000e+02 7.320762939453125000e+02 2.994904220104217529e-01 9.000000000000000000e+00
7.188572998046875000e+02 8.417896118164062500e+02 7.573685913085937500e+02 8.884462280273437500e+02 2.850479781627655029e-01 2.000000000000000000e+00
1.170037109375000000e+03 6.532423095703125000e+02 1.225003540039062500e+03 6.774035034179687500e+02 2.774928510189056396e-01 2.000000000000000000e+00
6.839962768554687500e+02 9.121334838867187500e+02 7.390297241210937500e+02 9.748598632812500000e+02 2.703913450241088867e-01 2.000000000000000000e+00
6.399407348632812500e+02 9.021110839843750000e+02 6.913094482421875000e+02 9.650858154296875000e+02 2.683323919773101807e-01 2.000000000000000000e+00
7.910072631835937500e+02 5.080074462890625000e+02 8.163700561523437500e+02 5.305109863281250000e+02 2.638095319271087646e-01 2.000000000000000000e+00
8.539609375000000000e+02 6.020511474609375000e+02 8.918365478515625000e+02 6.236991577148437500e+02 2.563128471374511719e-01 2.000000000000000000e+00
