2.146815338134765625e+02 5.303775634765625000e+02 3.060353393554687500e+02 6.146776123046875000e+02 8.514449000358581543e-01 2.000000000000000000e+00
1.478248748779296875e+02 4.777772216796875000e+02 2.347644805908203125e+02 5.545765380859375000e+02 7.858331203460693359e-01 2.000000000000000000e+00
3.372090454101562500e+02 5.790130004882812500e+02 4.218029785156250000e+02 6.875416259765625000e+02 7.612378597259521484e-01 2.000000000000000000e+00
9.116442871093750000e+02 3.440908203125000000e+02 1.014886169433593750e+03 4.415138854980468750e+02 7.031562328338623047e-01 5.000000000000000000e+00
9.816774749755859375e+01 4.215797119140625000e+02 1.735783996582031250e+02 4.839100341796875000e+02 7.017065286636352539e-01 2.000000000000000000e+00
1.243290405273437500e+03 2.498904113769531250e+02 1.265998779296875000e+03 2.687597961425781250e+02 5.288405418395996094e-01 2.000000000000000000e+00
6.427465209960937500e+02 8.705814819335937500e+02 6.663972778320312500e+02 9.207739257812500000e+02 5.230473875999450684e-01 0.000000000000000000e+00
1.608684844970703125e+02 8.234904174804687500e+02 2.461766510009765625e+02 8.956553344726562500e+02 5.193481445312500000e-01 2.000000000000000000e+00
5.111310424804687500e+02 7.922138061523437500e+02 5.404760131835937500e+02 8.533258666992187500e+02 4.739464819431304932e-01 0.000000000000000000e+00
6.182269897460937500e+02 8.956325683593750000e+02 6.451656494140625000e+02 9.486828002929687500e+02 4.516214728355407715e-01 0.000000000000000000e+00
7.748070678710937500e+02 4.217623596191406250e+02 7.931910400390625000e+02 4.681520080566406250e+02 4.242630600929260254e-01 0.000000000000000000e+00
8.697736816406250000e+02 4.777480773925781250e+02 9.008421020507812500e+02 5.236099853515625000e+02 3.566053509712219238e-01 0.000000000000000000e+00
1.151830322265625000e+03 2.250646514892578125e+02 1.215023315429687500e+03 2.737505798339843750e+02 3.551993966102600098e-01 7.000000000000000000e+00
1.313546386718750000e+03 1.824793395996093750e+02 1.333704589843750000e+03 2.004716796875000000e+02 3.503951132297515869e-01 2.000000000000000000e+00
7.962288818359375000e+02 4.331489562988281250e+02 8.174670410156250000e+02 4.651759338378906250e+02 3.163722753524780273e-01 0.000000000000000000e+00
4.430182495117187500e+02 4.955437622070312500e+02 4.864940795898437500e+02 5.366505126953125000e+02 2.999602854251861572e-01 3.000000000000000000e+00
7.910823364257812500e+02 2.605175170898437500e+02 1.015092407226562500e+03 4.231343688964843750e+02 2.996720969676971436e-01 5.000000000000000000e+00
5.357326049804687500e+02 5.098114624023437500e+02 5.676183471679687500e+02 5.446483764648437500e+02 2.971681952476501465e-01 0.000000000000000000e+00
7.914815063476562500e+02 2.527689056396484375e+02 1.015555541992187500e+03 4.340139770507812500e+02 2.878425121307373047e-01 6.000000000000000000e+00
6.693248901367187500e+02 9.014482421875000000e+02 6.952861938476562500e+02 9.454812011718750000e+02 2.770894765853881836e-01 0.000000000000000000e+00
2.212944641113281250e+02 4.109738769531250000e+02 2.417454986572265625e+02 4.404286499023437500e+02 2.612094283103942871e-01 0.000000000000000000e+00
1.379609008789062500e+03 1.621676788330078125e+02 1.400000000000000000e+03 1.873260955810546875e+02 2.532546818256378174e-01 2.000000000000000000e+00
