8.927765502929687500e+02 6.215349731445312500e+02 9.929179077148437500e+02 6.661913452148437500e+02 7.772778868675231934e-01 2.000000000000000000e+00
7.256915283203125000e+02 6.161062622070312500e+02 8.248455200195312500e+02 6.581382446289062500e+02 7.635903954505920410e-01 2.000000000000000000e+00
9.226466674804687500e+02 7.070761718750000000e+02 1.043520263671875000e+03 7.599226074218750000e+02 7.634565234184265137e-01 2.000000000000000000e+00
4.659466934204101562e+01 8.939337768554687500e+02 1.580765228271484375e+02 1.017311401367187500e+03 7.168251872062683105e-01 2.000000000000000000e+00
1.096725463867187500e+03 6.241062011718750000e+02 1.197156982421875000e+03 6.706917114257812500e+02 7.054803967475891113e-01 2.000000000000000000e+00
3.473443908691406250e+02 8.933190917968750000e+02 4.337744750976562500e+02 1.000877929687500000e+03 6.534484624862670898e-01 2.000000000000000000e+00
4.151760559082031250e+02 9.034122924804687500e+02 4.961899414062500000e+02 1.016169799804687500e+03 6.416217088699340820e-01 2.000000000000000000e+00
1.200830566406250000e+03 7.045400390625000000e+02 1.291262207031250000e+03 7.458483886718750000e+02 5.502060055732727051e-01 2.000000000000000000e+00
8.309973907470703125e+01 7.688421020507812500e+02 2.089640960693359375e+02 8.310585327148437500e+02 5.201733112335205078e-01 2.000000000000000000e+00
1.234019165039062500e+03 4.192347717285156250e+02 1.274006103515625000e+03 4.602579650878906250e+02 3.818196952342987061e-01 2.000000000000000000e+00
1.258036987304687500e+03 5.776591186523437500e+02 1.315560913085937500e+03 6.340752563476562500e+02 3.053286671638488770e-01 2.000000000000000000e+00
1.174865478515625000e+03 1.556649017333984375e+02 1.204893432617187500e+03 1.880487060546875000e+02 2.929234504699707031e-01 2.000000000000000000e+00
