1.317798217773437500e+03 4.766371459960937500e+02 1.398376342773437500e+03 5.470329589843750000e+02 8.277973532676696777e-01 2.000000000000000000e+00
1.259312500000000000e+03 6.027868041992187500e+02 1.371303833007812500e+03 6.650462646484375000e+02 7.462679147720336914e-01 2.000000000000000000e+00
6.416995239257812500e+02 3.709850158691406250e+02 7.388148193359375000e+02 4.271170654296875000e+02 7.059777975082397461e-01 2.000000000000000000e+00
1.585436224937438965e+00 2.096354370117187500e+02 7.410894775390625000e+01 2.667875366210937500e+02 6.006491780281066895e-01 2.000000000000000000e+00
6.457467651367187500e+02 3.187178649902343750e+02 7.251129150390625000e+02 3.769001159667968750e+02 5.262202620506286621e-01 2.000000000000000000e+00
1.404022094726562500e+03 9.569447631835937500e+02 1.553453247070312500e+03 1.060046386718750000e+03 4.978435039520263672e-01 7.000000000000000000e+00
8.853708496093750000e+02 4.218403625488281250e+02 9.622172851562500000e+02 5.090733642578125000e+02 4.903681278228759766e-01 7.000000000000000000e+00
5.640957641601562500e+01 1.298013763427734375e+02 1.414285736083984375e+02 1.645500488281250000e+02 4.344087243080139160e-01 2.000000000000000000e+00
2.075598449707031250e+02 1.571719665527343750e+02 2.604738769531250000e+02 1.919911651611328125e+02 3.955407738685607910e-01 2.000000000000000000e+00
1.512931213378906250e+02 2.084637756347656250e+02 2.356142578125000000e+02 2.550018463134765625e+02 3.951083123683929443e-01 2.000000000000000000e+00
1.736415161132812500e+03 4.433414611816406250e+02 1.833457031250000000e+03 5.155500488281250000e+02 3.705072999000549316e-01 2.000000000000000000e+00
1.110005737304687500e+03 2.323950042724609375e+02 1.181893310546875000e+03 2.694883422851562500e+02 3.677414357662200928e-01 2.000000000000000000e+00
1.268681030273437500e+03 4.349129333496093750e+02 1.328541748046875000e+03 4.803083496093750000e+02 3.619834780693054199e-01 2.000000000000000000e+00
5.530587768554687500e+02 2.468434906005859375e+02 6.000475463867187500e+02 2.833407287597656250e+02 2.875347733497619629e-01 2.000000000000000000e+00
1.245946655273437500e+03 6.748492431640625000e+02 1.386710449218750000e+03 8.349169311523437500e+02 2.590864002704620361e-01 7.000000000000000000e+00
1.635565307617187500e+03 6.240211791992187500e+02 1.912310668945312500e+03 8.458965454101562500e+02 2.512446939945220947e-01 7.000000000000000000e+00
