3.641755676269531250e+02 3.620542907714843750e+02 4.294872436523437500e+02 4.107503051757812500e+02 5.762996673583984375e-01 2.000000000000000000e+00
7.456591796875000000e+02 6.062832641601562500e+02 8.354556274414062500e+02 6.589382934570312500e+02 5.236311554908752441e-01 2.000000000000000000e+00
1.655258666992187500e+03 7.467539062500000000e+02 1.703688598632812500e+03 7.871970825195312500e+02 4.736436307430267334e-01 2.000000000000000000e+00
7.915094604492187500e+02 4.517880554199218750e+02 8.576052856445312500e+02 5.045225830078125000e+02 4.326898753643035889e-01 2.000000000000000000e+00
1.000767822265625000e+03 7.215800170898437500e+02 1.077854736328125000e+03 7.560040283203125000e+02 3.734005391597747803e-01 2.000000000000000000e+00
1.284630126953125000e+02 7.365270996093750000e+02 2.208450164794921875e+02 7.693953247070312500e+02 3.709280192852020264e-01 2.000000000000000000e+00
6.749933471679687500e+02 7.147241973876953125e+01 7.746874389648437500e+02 2.377509002685546875e+02 3.637899756431579590e-01 7.000000000000000000e+00
4.142169494628906250e+02 2.839001770019531250e+02 4.688246459960937500e+02 3.209665527343750000e+02 3.583376407623291016e-01 2.000000000000000000e+00
1.605736450195312500e+03 6.905460815429687500e+02 1.642371582031250000e+03 7.214082641601562500e+02 3.475135564804077148e-01 2.000000000000000000e+00
4.626519165039062500e+02 2.230161437988281250e+02 6.193940429687500000e+02 3.511765136718750000e+02 3.187741041183471680e-01 7.000000000000000000e+00
2.690781860351562500e+02 5.255903320312500000e+02 4.901178283691406250e+02 7.121030273437500000e+02 2.671847343444824219e-01 7.000000000000000000e+00
