1.005496643066406250e+03 6.860545654296875000e+02 1.235816040039062500e+03 7.974086303710937500e+02 8.485845923423767090e-01 2.000000000000000000e+00
7.431503906250000000e+02 4.108693542480468750e+02 8.941555786132812500e+02 5.080707092285156250e+02 7.774521112442016602e-01 2.000000000000000000e+00
9.791285400390625000e+02 3.964380798339843750e+02 1.124210083007812500e+03 4.731452941894531250e+02 7.315139770507812500e-01 2.000000000000000000e+00
8.460924072265625000e+02 1.260810928344726562e+02 9.894152832031250000e+02 2.047990112304687500e+02 7.211324572563171387e-01 2.000000000000000000e+00
2.185163726806640625e+02 1.844107666015625000e+02 3.368043212890625000e+02 2.469441375732421875e+02 7.184606194496154785e-01 2.000000000000000000e+00
6.924098510742187500e+02 2.999710693359375000e+02 8.397089233398437500e+02 3.856236572265625000e+02 7.059484124183654785e-01 2.000000000000000000e+00
6.658490600585937500e+02 1.542412567138671875e+02 7.794801025390625000e+02 2.031038360595703125e+02 7.043280601501464844e-01 2.000000000000000000e+00
8.840642089843750000e+02 3.473340759277343750e+02 1.013130859375000000e+03 4.267574768066406250e+02 5.827414393424987793e-01 2.000000000000000000e+00
9.636428833007812500e+02 5.079170837402343750e+02 1.149078979492187500e+03 6.145424804687500000e+02 5.727840065956115723e-01 2.000000000000000000e+00
1.105450073242187500e+03 3.323842468261718750e+02 1.260142822265625000e+03 4.338272705078125000e+02 5.523880124092102051e-01 2.000000000000000000e+00
1.001384216308593750e+03 3.108660278320312500e+02 1.130886840820312500e+03 3.958184509277343750e+02 5.100848674774169922e-01 2.000000000000000000e+00
9.807512207031250000e+02 2.494182891845703125e+02 1.132414184570312500e+03 3.744830932617187500e+02 3.176174163818359375e-01 2.000000000000000000e+00
1.240424926757812500e+03 1.737867295742034912e-01 1.331349853515625000e+03 3.341056823730468750e+01 2.971729636192321777e-01 2.000000000000000000e+00
