1.045136352539062500e+03 3.550225219726562500e+02 1.112848632812500000e+03 4.016634826660156250e+02 7.768108844757080078e-01 2.000000000000000000e+00
8.418639526367187500e+02 3.451626281738281250e+02 9.000104980468750000e+02 3.875340270996093750e+02 6.881732344627380371e-01 2.000000000000000000e+00
7.627010498046875000e+02 4.463904113769531250e+02 8.475945434570312500e+02 5.129996948242187500e+02 6.792723536491394043e-01 2.000000000000000000e+00
8.618391723632812500e+02 4.567904357910156250e+02 9.372634277343750000e+02 5.126805419921875000e+02 6.327804923057556152e-01 2.000000000000000000e+00
1.289364746093750000e+03 4.579499053955078125e+01 1.324250976562500000e+03 6.231811523437500000e+01 5.294844508171081543e-01 2.000000000000000000e+00
1.208744506835937500e+03 2.908815002441406250e+02 1.374658325195312500e+03 4.356262512207031250e+02 5.252129435539245605e-01 5.000000000000000000e+00
1.326367919921875000e+03 1.245064773559570312e+02 1.373768432617187500e+03 1.627744140625000000e+02 5.117950439453125000e-01 2.000000000000000000e+00
6.323486938476562500e+02 4.144170837402343750e+02 6.875740356445312500e+02 4.522877197265625000e+02 4.410150945186614990e-01 2.000000000000000000e+00
5.563928222656250000e+02 2.914595642089843750e+02 6.047369384765625000e+02 3.239017639160156250e+02 3.880871236324310303e-01 2.000000000000000000e+00
8.324646606445312500e+02 3.646645812988281250e+02 8.821739501953125000e+02 4.000714111328125000e+02 2.764211297035217285e-01 2.000000000000000000e+00
