7.889714355468750000e+02 9.299484863281250000e+02 8.998623657226562500e+02 1.016019531250000000e+03 6.802103519439697266e-01 2.000000000000000000e+00
4.836012573242187500e+02 5.660620727539062500e+02 5.517052001953125000e+02 6.202310180664062500e+02 6.182017326354980469e-01 2.000000000000000000e+00
3.285297241210937500e+02 7.775867309570312500e+02 4.138476257324218750e+02 8.240130615234375000e+02 6.071453690528869629e-01 2.000000000000000000e+00
7.991838989257812500e+02 7.667288208007812500e+02 9.106445312500000000e+02 8.341554565429687500e+02 5.410475134849548340e-01 2.000000000000000000e+00
6.300187377929687500e+02 7.328684082031250000e+02 7.265404663085937500e+02 7.908386840820312500e+02 4.781482219696044922e-01 2.000000000000000000e+00
1.151334716796875000e+03 4.948390197753906250e+02 1.397868774414062500e+03 8.902699584960937500e+02 3.778473436832427979e-01 8.000000000000000000e+00
6.270260009765625000e+02 8.259428100585937500e+02 7.109896240234375000e+02 8.746846313476562500e+02 3.490267395973205566e-01 2.000000000000000000e+00
7.640337524414062500e+02 3.930293884277343750e+02 1.240554565429687500e+03 6.421963500976562500e+02 3.112554252147674561e-01 7.000000000000000000e+00
3.925077209472656250e+02 5.808703613281250000e+02 4.617000732421875000e+02 6.169005737304687500e+02 3.079036772251129150e-01 2.000000000000000000e+00
2.184566802978515625e+02 6.870980224609375000e+02 2.735284729003906250e+02 7.399721679687500000e+02 2.750518918037414551e-01 2.000000000000000000e+00
6.212644042968750000e+02 9.805393066406250000e+02 8.138900756835937500e+02 1.049556274414062500e+03 2.660876512527465820e-01 2.000000000000000000e+00
