4.786856384277343750e+02 5.781356811523437500e+02 5.604465942382812500e+02 6.281571044921875000e+02 7.406286001205444336e-01 2.000000000000000000e+00
2.963181762695312500e+02 4.820570678710937500e+02 3.740204162597656250e+02 5.297149047851562500e+02 7.248390913009643555e-01 2.000000000000000000e+00
4.363164978027343750e+02 5.223415527343750000e+02 5.178991699218750000e+02 5.644616699218750000e+02 7.117786407470703125e-01 2.000000000000000000e+00
4.470266723632812500e+01 4.171036071777343750e+02 1.133663177490234375e+02 4.567349548339843750e+02 6.810389161109924316e-01 2.000000000000000000e+00
1.366930541992187500e+02 4.829539489746093750e+02 2.087379608154296875e+02 5.275127563476562500e+02 6.769106984138488770e-01 2.000000000000000000e+00
1.551002502441406250e+02 5.317892456054687500e+02 2.392051086425781250e+02 5.752628784179687500e+02 6.364971995353698730e-01 2.000000000000000000e+00
7.397212524414062500e+02 1.230920333862304688e+02 7.922598266601562500e+02 1.498683776855468750e+02 6.178304553031921387e-01 2.000000000000000000e+00
7.002593994140625000e+02 1.430249481201171875e+02 7.438969726562500000e+02 1.752109680175781250e+02 5.591490268707275391e-01 2.000000000000000000e+00
2.225396575927734375e+02 2.846297302246093750e+02 2.916967163085937500e+02 3.225041809082031250e+02 4.620063304901123047e-01 2.000000000000000000e+00
9.356285400390625000e+02 2.563360900878906250e+02 9.663654174804687500e+02 2.981175231933593750e+02 4.575374424457550049e-01 2.000000000000000000e+00
2.065110626220703125e+02 4.555996093750000000e+02 2.806057128906250000e+02 5.020601501464843750e+02 4.466920495033264160e-01 2.000000000000000000e+00
8.979626464843750000e+02 3.099475402832031250e+02 9.289746093750000000e+02 3.582532043457031250e+02 4.112038016319274902e-01 2.000000000000000000e+00
7.519681396484375000e+02 8.978166961669921875e+01 7.953513793945312500e+02 1.175091705322265625e+02 3.959361910820007324e-01 2.000000000000000000e+00
7.490143432617187500e+02 6.329083251953125000e+01 7.922775268554687500e+02 9.287488555908203125e+01 3.816503882408142090e-01 2.000000000000000000e+00
6.492545166015625000e+02 5.612826538085937500e+02 7.395409545898437500e+02 6.024503784179687500e+02 3.770110309123992920e-01 2.000000000000000000e+00
9.594836425781250000e+02 1.687038116455078125e+02 1.010336059570312500e+03 2.613934020996093750e+02 3.575237393379211426e-01 5.000000000000000000e+00
9.968190307617187500e+02 3.354959716796875000e+02 1.024938232421875000e+03 3.709805603027343750e+02 3.256429135799407959e-01 2.000000000000000000e+00
7.492546386718750000e+02 7.163105010986328125e+01 7.933865356445312500e+02 1.105518188476562500e+02 3.238133788108825684e-01 2.000000000000000000e+00
9.700005493164062500e+02 2.611361694335937500e+02 1.010493774414062500e+03 3.174699707031250000e+02 3.168864846229553223e-01 2.000000000000000000e+00
6.164802856445312500e+02 4.159997253417968750e+02 6.282199096679687500e+02 4.347518920898437500e+02 3.064103722572326660e-01 9.000000000000000000e+00
9.401118164062500000e+02 3.195786743164062500e+02 9.713674316406250000e+02 3.574389648437500000e+02 2.660112679004669189e-01 2.000000000000000000e+00
7.571100463867187500e+02 3.117886352539062500e+02 7.679400634765625000e+02 3.395989074707031250e+02 2.596032619476318359e-01 9.000000000000000000e+00
