4.685040588378906250e+02 2.019636688232421875e+02 5.791833496093750000e+02 2.568258361816406250e+02 8.071849942207336426e-01 2.000000000000000000e+00
2.384525537490844727e-01 7.064371337890625000e+02 1.102588348388671875e+02 8.929534301757812500e+02 7.231242656707763672e-01 2.000000000000000000e+00
1.541171417236328125e+02 6.549356689453125000e+02 3.404369506835937500e+02 8.753707885742187500e+02 7.178592681884765625e-01 2.000000000000000000e+00
9.416806640625000000e+02 1.896246032714843750e+02 9.916133422851562500e+02 2.375409851074218750e+02 6.944610476493835449e-01 2.000000000000000000e+00
1.047080200195312500e+03 4.565594482421875000e+02 1.126291137695312500e+03 5.461986083984375000e+02 6.861571073532104492e-01 2.000000000000000000e+00
3.251770324707031250e+02 3.187097778320312500e+02 4.444017944335937500e+02 3.672054748535156250e+02 6.515113115310668945e-01 2.000000000000000000e+00
5.748745727539062500e+02 1.303547821044921875e+02 6.345764770507812500e+02 1.758147735595703125e+02 6.191133260726928711e-01 2.000000000000000000e+00
9.313505249023437500e+02 8.413852691650390625e+01 9.783819580078125000e+02 1.364386291503906250e+02 5.469284057617187500e-01 2.000000000000000000e+00
6.268154907226562500e+02 1.257419662475585938e+02 6.736547241210937500e+02 1.717219543457031250e+02 5.152353048324584961e-01 2.000000000000000000e+00
1.009117797851562500e+03 3.110903930664062500e+02 1.070852172851562500e+03 3.989506225585937500e+02 5.089794397354125977e-01 2.000000000000000000e+00
7.382306518554687500e+02 4.260297775268554688e+01 7.704450073242187500e+02 7.655792999267578125e+01 4.626140594482421875e-01 2.000000000000000000e+00
9.243600463867187500e+02 2.267937278747558594e+01 9.563026123046875000e+02 5.177977371215820312e+01 4.312028586864471436e-01 2.000000000000000000e+00
1.008404785156250000e+03 2.491797180175781250e+02 1.062466918945312500e+03 3.061990356445312500e+02 3.795324862003326416e-01 2.000000000000000000e+00
6.940393066406250000e+02 5.930094909667968750e+01 7.307844848632812500e+02 1.022921524047851562e+02 3.597115874290466309e-01 2.000000000000000000e+00
6.900645141601562500e+02 2.635589599609375000e+02 7.686350708007812500e+02 3.756213378906250000e+02 3.387131989002227783e-01 2.000000000000000000e+00
9.658818359375000000e+02 4.128697204589843750e+01 9.936085205078125000e+02 7.202088165283203125e+01 3.313143849372863770e-01 2.000000000000000000e+00
9.236226196289062500e+02 0.000000000000000000e+00 9.528381958007812500e+02 1.704252052307128906e+01 3.062261343002319336e-01 2.000000000000000000e+00
0.000000000000000000e+00 4.404774475097656250e+02 6.219906234741210938e+01 5.446524658203125000e+02 3.000158667564392090e-01 2.000000000000000000e+00
1.021911865234375000e+03 5.493088531494140625e+01 1.086607299804687500e+03 1.399252929687500000e+02 2.860646247863769531e-01 9.000000000000000000e+00
9.834175415039062500e+02 1.535280456542968750e+02 1.032494995117187500e+03 1.962271881103515625e+02 2.728748619556427002e-01 2.000000000000000000e+00
1.018903015136718750e+03 5.475918197631835938e+01 1.086541870117187500e+03 1.407453002929687500e+02 2.541904151439666748e-01 2.000000000000000000e+00
