1.781983795166015625e+02 4.258839416503906250e+02 2.249719238281250000e+02 4.725931701660156250e+02 6.390427947044372559e-01 2.000000000000000000e+00
1.343340759277343750e+02 5.051628723144531250e+02 2.607008361816406250e+02 6.472677612304687500e+02 5.354005098342895508e-01 5.000000000000000000e+00
7.873994140625000000e+02 2.930212707519531250e+02 8.944421386718750000e+02 3.594202270507812500e+02 4.723530113697052002e-01 7.000000000000000000e+00
1.306217956542968750e+02 3.930480041503906250e+02 1.669020538330078125e+02 4.362307128906250000e+02 4.632966816425323486e-01 2.000000000000000000e+00
2.440885162353515625e+02 3.119805297851562500e+02 2.761040344238281250e+02 3.546057434082031250e+02 4.034487903118133545e-01 2.000000000000000000e+00
2.148676147460937500e+02 3.818413696289062500e+02 2.504924316406250000e+02 4.226546630859375000e+02 3.197127878665924072e-01 2.000000000000000000e+00
1.520572967529296875e+02 3.461502075195312500e+02 1.905283813476562500e+02 3.886130065917968750e+02 3.039942383766174316e-01 2.000000000000000000e+00
1.011886291503906250e+03 3.067130737304687500e+02 1.139775390625000000e+03 3.667692260742187500e+02 3.016922175884246826e-01 7.000000000000000000e+00
4.918732299804687500e+02 5.263397216796875000e+02 5.209725952148437500e+02 5.796809082031250000e+02 2.966924011707305908e-01 9.000000000000000000e+00
7.844785766601562500e+02 2.961859436035156250e+02 8.975598144531250000e+02 3.604810791015625000e+02 2.877072393894195557e-01 5.000000000000000000e+00
1.931579284667968750e+02 3.438790893554687500e+02 2.225693511962890625e+02 3.869574584960937500e+02 2.840489447116851807e-01 2.000000000000000000e+00
2.450144805908203125e+02 2.704932250976562500e+02 2.734322509765625000e+02 3.036031494140625000e+02 2.626623213291168213e-01 2.000000000000000000e+00
