3.141131591796875000e+02 6.835987548828125000e+02 4.195518798828125000e+02 8.044483642578125000e+02 8.468398451805114746e-01 2.000000000000000000e+00
6.430568847656250000e+02 7.535917358398437500e+02 7.380098266601562500e+02 8.940446166992187500e+02 7.627530097961425781e-01 2.000000000000000000e+00
7.297271118164062500e+02 3.587022399902343750e+02 7.762133789062500000e+02 4.047846069335937500e+02 7.446503043174743652e-01 2.000000000000000000e+00
4.293873596191406250e+02 6.050429077148437500e+02 5.165834350585937500e+02 7.176049804687500000e+02 7.371308803558349609e-01 2.000000000000000000e+00
5.258173217773437500e+02 4.512013854980468750e+02 5.948647460937500000e+02 5.219394531250000000e+02 6.782367229461669922e-01 2.000000000000000000e+00
7.800452270507812500e+02 4.462958679199218750e+02 8.316397094726562500e+02 5.075626220703125000e+02 6.573451757431030273e-01 2.000000000000000000e+00
8.993399658203125000e+02 2.304969329833984375e+02 9.411913452148437500e+02 2.650093383789062500e+02 6.217456459999084473e-01 2.000000000000000000e+00
9.956292114257812500e+02 2.273889770507812500e+02 1.035866821289062500e+03 2.647698669433593750e+02 5.827733278274536133e-01 2.000000000000000000e+00
5.956573486328125000e+02 3.792825012207031250e+02 6.461798706054687500e+02 4.325893249511718750e+02 5.580570697784423828e-01 2.000000000000000000e+00
6.654654541015625000e+02 2.959572143554687500e+02 7.128294067382812500e+02 3.438676452636718750e+02 5.540726780891418457e-01 2.000000000000000000e+00
8.492193603515625000e+02 3.171505126953125000e+02 8.916284790039062500e+02 3.578250732421875000e+02 5.225539207458496094e-01 2.000000000000000000e+00
1.402348480224609375e+02 8.440301513671875000e+02 2.203178558349609375e+02 8.870311279296875000e+02 5.179993510246276855e-01 3.000000000000000000e+00
1.038157470703125000e+03 5.175175781250000000e+02 1.092389648437500000e+03 5.990861206054687500e+02 4.618726074695587158e-01 2.000000000000000000e+00
3.783821105957031250e+02 4.936984252929687500e+02 4.575917358398437500e+02 5.560266723632812500e+02 4.529628753662109375e-01 2.000000000000000000e+00
8.217402954101562500e+02 1.593805694580078125e+02 8.506467285156250000e+02 1.880102539062500000e+02 4.493157267570495605e-01 2.000000000000000000e+00
7.818115844726562500e+02 1.621713104248046875e+02 8.079625244140625000e+02 1.915614471435546875e+02 4.286109507083892822e-01 2.000000000000000000e+00
5.678192138671875000e+02 4.210031127929687500e+02 6.039578247070312500e+02 4.543486938476562500e+02 3.809018135070800781e-01 2.000000000000000000e+00
7.507028198242187500e+02 1.958696746826171875e+02 7.874154052734375000e+02 2.203356170654296875e+02 3.437846601009368896e-01 2.000000000000000000e+00
9.225410156250000000e+02 3.580762386322021484e+00 9.495960693359375000e+02 2.316630935668945312e+01 3.431628942489624023e-01 2.000000000000000000e+00
1.040051147460937500e+03 7.061663818359375000e+02 1.064024780273437500e+03 7.472061767578125000e+02 3.341376483440399170e-01 0.000000000000000000e+00
8.739006347656250000e+02 5.474463653564453125e+01 9.082261352539062500e+02 7.803981018066406250e+01 3.251102864742279053e-01 2.000000000000000000e+00
5.013052062988281250e+02 6.511708984375000000e+02 5.208374023437500000e+02 6.897600708007812500e+02 3.236342370510101318e-01 0.000000000000000000e+00
8.005179166793823242e-01 7.370232543945312500e+02 1.476861381530761719e+01 7.722387695312500000e+02 3.153896331787109375e-01 0.000000000000000000e+00
2.434781193733215332e-01 8.903381347656250000e+02 5.548573303222656250e+01 1.044431884765625000e+03 3.043465018272399902e-01 0.000000000000000000e+00
1.023335327148437500e+03 1.294376373291015625e+02 1.052306030273437500e+03 1.543316345214843750e+02 2.932484149932861328e-01 2.000000000000000000e+00
1.051244750976562500e+03 2.356816711425781250e+02 1.080205444335937500e+03 2.637167053222656250e+02 2.610922157764434814e-01 2.000000000000000000e+00
9.165502319335937500e+02 2.947507019042968750e+02 9.275551147460937500e+02 3.197715148925781250e+02 2.540376484394073486e-01 0.000000000000000000e+00
7.727751159667968750e+01 3.405331115722656250e+02 1.440318450927734375e+02 4.225789184570312500e+02 2.525808811187744141e-01 5.800000000000000000e+01
