1.054451171875000000e+03 3.231306457519531250e+01 1.107112670898437500e+03 6.177849960327148438e+01 6.463767886161804199e-01 2.000000000000000000e+00
1.118190795898437500e+03 1.176445603370666504e+00 1.152210083007812500e+03 2.284235000610351562e+01 5.705683231353759766e-01 2.000000000000000000e+00
1.669244628906250000e+03 5.788793334960937500e+02 1.744765869140625000e+03 6.588912963867187500e+02 5.514660477638244629e-01 2.000000000000000000e+00
1.758371459960937500e+03 7.094386596679687500e+02 1.881037719726562500e+03 7.647865600585937500e+02 5.132471323013305664e-01 2.000000000000000000e+00
1.207459594726562500e+03 3.124560356140136719e+00 1.274073364257812500e+03 3.699631500244140625e+01 5.099855065345764160e-01 2.000000000000000000e+00
1.667998168945312500e+03 5.764761352539062500e+02 1.743832641601562500e+03 6.611506347656250000e+02 4.646000862121582031e-01 7.000000000000000000e+00
6.773568115234375000e+02 6.747536468505859375e+01 7.173302612304687500e+02 1.103967666625976562e+02 3.930032551288604736e-01 2.000000000000000000e+00
1.309303955078125000e+03 2.824022827148437500e+02 1.418980957031250000e+03 3.485489196777343750e+02 3.725930750370025635e-01 7.000000000000000000e+00
1.570465820312500000e+03 1.798138732910156250e+02 1.628130249023437500e+03 2.140195312500000000e+02 3.554448187351226807e-01 2.000000000000000000e+00
6.430894775390625000e+02 2.768816757202148438e+01 6.792882690429687500e+02 6.648307037353515625e+01 3.489727973937988281e-01 2.000000000000000000e+00
6.253950195312500000e+02 8.188059234619140625e+01 6.655905761718750000e+02 1.257440109252929688e+02 3.344476819038391113e-01 2.000000000000000000e+00
1.669284179687500000e+03 1.833817901611328125e+02 1.729093139648437500e+03 2.091164550781250000e+02 2.538230419158935547e-01 2.000000000000000000e+00
