4.978001098632812500e+02 2.964093627929687500e+02 6.279249877929687500e+02 4.825895690917968750e+02 6.741683483123779297e-01 5.000000000000000000e+00
6.755195922851562500e+02 0.000000000000000000e+00 7.324382324218750000e+02 3.265605545043945312e+01 6.596365571022033691e-01 2.000000000000000000e+00
3.764779357910156250e+02 2.745513305664062500e+02 4.510249633789062500e+02 3.490628051757812500e+02 6.534867882728576660e-01 2.000000000000000000e+00
8.921851806640625000e+02 3.020921945571899414e+00 9.439157104492187500e+02 6.318631744384765625e+01 6.000763177871704102e-01 2.000000000000000000e+00
7.251745605468750000e+02 7.937128448486328125e+01 8.675673828125000000e+02 3.124459228515625000e+02 5.633728504180908203e-01 6.000000000000000000e+00
4.480095825195312500e+02 7.397608184814453125e+01 5.155233154296875000e+02 1.340769653320312500e+02 4.982393085956573486e-01 2.000000000000000000e+00
7.234651489257812500e+02 8.963657379150390625e+01 8.688812866210937500e+02 3.131821899414062500e+02 4.403151869773864746e-01 5.000000000000000000e+00
4.919692687988281250e+02 5.586924362182617188e+01 8.577028808593750000e+02 4.841958618164062500e+02 3.448226451873779297e-01 5.000000000000000000e+00
8.715391845703125000e+02 2.656555480957031250e+02 9.279096069335937500e+02 3.558746948242187500e+02 2.954403758049011230e-01 5.000000000000000000e+00
8.712738647460937500e+02 2.646595153808593750e+02 9.301677246093750000e+02 3.555519409179687500e+02 2.817396521568298340e-01 9.000000000000000000e+00
