9.028697204589843750e+01 3.628794555664062500e+02 2.318635101318359375e+02 5.295371093750000000e+02 7.977660894393920898e-01 2.000000000000000000e+00
3.265937194824218750e+02 1.760898437500000000e+02 4.193879699707031250e+02 2.644767761230468750e+02 7.499602437019348145e-01 2.000000000000000000e+00
5.387990722656250000e+02 2.374377746582031250e+02 6.196940917968750000e+02 3.464791259765625000e+02 7.138558626174926758e-01 2.000000000000000000e+00
3.683630065917968750e+02 6.682204437255859375e+01 4.397054748535156250e+02 1.308770751953125000e+02 6.824436187744140625e-01 2.000000000000000000e+00
2.505630950927734375e+02 1.677843170166015625e+02 3.339400329589843750e+02 2.893311157226562500e+02 6.358625292778015137e-01 2.000000000000000000e+00
9.356541748046875000e+02 1.419610900878906250e+02 9.595998535156250000e+02 1.921478576660156250e+02 5.828229188919067383e-01 0.000000000000000000e+00
8.729365234375000000e+02 1.159194564819335938e+02 8.966152954101562500e+02 1.646091308593750000e+02 5.540577769279479980e-01 0.000000000000000000e+00
9.656250610351562500e+02 7.015261230468750000e+02 1.005065734863281250e+03 7.612691650390625000e+02 5.519511103630065918e-01 0.000000000000000000e+00
8.910804443359375000e+02 5.149817466735839844e-01 9.399957275390625000e+02 6.640895843505859375e+01 5.294030904769897461e-01 2.000000000000000000e+00
6.466690063476562500e+02 2.081409301757812500e+02 6.949730224609375000e+02 2.979100341796875000e+02 3.487462699413299561e-01 2.000000000000000000e+00
3.707869567871093750e+02 2.518797683715820312e+01 4.755324096679687500e+02 1.177250213623046875e+02 3.397629857063293457e-01 2.000000000000000000e+00
5.414588623046875000e+02 2.369094543457031250e+02 6.217565307617187500e+02 3.411705322265625000e+02 3.389850556850433350e-01 7.000000000000000000e+00
7.894847412109375000e+02 2.515106506347656250e+02 8.616701049804687500e+02 3.677791137695312500e+02 3.244245350360870361e-01 2.000000000000000000e+00
3.115032958984375000e+02 9.712478637695312500e+01 3.879908752441406250e+02 1.912891235351562500e+02 2.794092595577239990e-01 2.000000000000000000e+00
3.905695495605468750e+02 1.614573001861572266e+00 4.925521850585937500e+02 8.506548309326171875e+01 2.785778641700744629e-01 2.000000000000000000e+00
