3.534170837402343750e+02 6.222542724609375000e+02 4.563056030273437500e+02 6.823410034179687500e+02 7.421131730079650879e-01 2.000000000000000000e+00
6.710606689453125000e+02 5.803164062500000000e+02 7.911043090820312500e+02 6.367664794921875000e+02 7.062549591064453125e-01 2.000000000000000000e+00
1.234602539062500000e+03 4.948034362792968750e+02 1.341104370117187500e+03 5.418723144531250000e+02 7.004287242889404297e-01 2.000000000000000000e+00
1.632737060546875000e+03 4.301869812011718750e+02 1.733218383789062500e+03 4.776445007324218750e+02 6.767842173576354980e-01 2.000000000000000000e+00
1.357870483398437500e+03 4.788820495605468750e+02 1.441319213867187500e+03 5.233054809570312500e+02 6.766797304153442383e-01 2.000000000000000000e+00
1.087337768554687500e+03 5.087694702148437500e+02 1.203797363281250000e+03 5.661923217773437500e+02 6.578580737113952637e-01 2.000000000000000000e+00
1.239131958007812500e+03 4.724730300903320312e+01 1.309538452148437500e+03 8.831381225585937500e+01 6.092396378517150879e-01 2.000000000000000000e+00
8.573908691406250000e+02 5.421834716796875000e+02 9.733018798828125000e+02 6.073626708984375000e+02 5.938733220100402832e-01 2.000000000000000000e+00
0.000000000000000000e+00 9.792465820312500000e+02 8.088014221191406250e+01 1.043048339843750000e+03 5.367764234542846680e-01 2.000000000000000000e+00
4.889875183105468750e+02 6.070732421875000000e+02 5.714156494140625000e+02 6.613641967773437500e+02 5.278080105781555176e-01 2.000000000000000000e+00
1.199918579101562500e+03 3.937713623046875000e+00 1.264929687500000000e+03 2.804940223693847656e+01 4.043179452419281006e-01 2.000000000000000000e+00
8.811917724609375000e+02 2.649739990234375000e+02 1.070113403320312500e+03 4.121376342773437500e+02 3.414512574672698975e-01 5.000000000000000000e+00
1.103365234375000000e+03 7.245092773437500000e+02 1.226596557617187500e+03 7.831428222656250000e+02 3.353836238384246826e-01 7.000000000000000000e+00
8.326988525390625000e+02 8.296824340820312500e+02 9.428786621093750000e+02 8.892078857421875000e+02 2.823572456836700439e-01 7.000000000000000000e+00
1.451846191406250000e+03 4.627562866210937500e+02 1.548527587890625000e+03 5.095645141601562500e+02 2.736705839633941650e-01 2.000000000000000000e+00
