1.100658691406250000e+03 5.102124023437500000e+02 1.183339477539062500e+03 5.664531250000000000e+02 7.941626310348510742e-01 2.000000000000000000e+00
1.005773254394531250e+03 4.808487548828125000e+02 1.073504882812500000e+03 5.205924072265625000e+02 6.951982378959655762e-01 2.000000000000000000e+00
7.029776000976562500e+02 6.090776367187500000e+02 8.013489990234375000e+02 6.692623901367187500e+02 6.746953725814819336e-01 2.000000000000000000e+00
3.426716003417968750e+02 7.549348754882812500e+02 4.784148864746093750e+02 8.361708984375000000e+02 6.515622138977050781e-01 2.000000000000000000e+00
1.863755798339843750e+02 8.174009399414062500e+02 3.299125976562500000e+02 9.048150024414062500e+02 6.395650506019592285e-01 2.000000000000000000e+00
1.246641113281250000e+03 5.765306396484375000e+02 1.324553710937500000e+03 6.367726440429687500e+02 5.580844283103942871e-01 2.000000000000000000e+00
2.944444580078125000e+02 3.844459838867187500e+02 3.844369812011718750e+02 4.319995422363281250e+02 5.325769782066345215e-01 2.000000000000000000e+00
1.564638916015625000e+03 2.523851013183593750e+02 1.619165649414062500e+03 2.789441833496093750e+02 5.165664553642272949e-01 2.000000000000000000e+00
9.407010498046875000e+02 6.209993286132812500e+02 1.039798339843750000e+03 7.157415771484375000e+02 5.054758787155151367e-01 2.000000000000000000e+00
1.084393798828125000e+03 4.367566833496093750e+02 1.155280273437500000e+03 4.868023071289062500e+02 3.820827901363372803e-01 2.000000000000000000e+00
3.269136657714843750e+02 5.161153564453125000e+02 4.282022705078125000e+02 5.594937744140625000e+02 3.644743561744689941e-01 2.000000000000000000e+00
1.520335815429687500e+03 2.615645141601562500e+02 1.563501464843750000e+03 2.909054260253906250e+02 3.554454147815704346e-01 2.000000000000000000e+00
1.730247192382812500e+03 1.672450561523437500e+02 1.771626464843750000e+03 1.943342132568359375e+02 3.537535965442657471e-01 2.000000000000000000e+00
9.390531005859375000e+02 6.199379272460937500e+02 1.042554687500000000e+03 7.139026489257812500e+02 3.417349457740783691e-01 5.000000000000000000e+00
8.201542968750000000e+02 5.613365478515625000e+02 9.157337646484375000e+02 6.146854248046875000e+02 3.397135436534881592e-01 2.000000000000000000e+00
8.457771606445312500e+02 8.436727294921875000e+02 1.366936157226562500e+03 1.072545654296875000e+03 3.311403691768646240e-01 5.000000000000000000e+00
2.659767456054687500e+02 2.833547363281250000e+02 3.648641357421875000e+02 3.833661804199218750e+02 3.273051679134368896e-01 2.000000000000000000e+00
1.351288208007812500e+03 5.939777832031250000e+02 1.532652954101562500e+03 7.866057739257812500e+02 3.222479224205017090e-01 7.000000000000000000e+00
1.458329711914062500e+03 8.651751098632812500e+02 1.710241821289062500e+03 1.076061401367187500e+03 3.158268034458160400e-01 2.000000000000000000e+00
2.535467529296875000e+02 2.538638000488281250e+02 3.374194946289062500e+02 2.918588256835937500e+02 2.916451990604400635e-01 2.000000000000000000e+00
1.758491210937500000e+03 7.257775878906250000e+02 1.843772827148437500e+03 7.879729614257812500e+02 2.794609963893890381e-01 2.000000000000000000e+00
