3.706993713378906250e+02 3.887949218750000000e+02 4.134066162109375000e+02 4.251141052246093750e+02 4.781988561153411865e-01 2.000000000000000000e+00
6.922108154296875000e+02 2.566333007812500000e+02 7.240524291992187500e+02 2.856171569824218750e+02 4.777590632438659668e-01 2.000000000000000000e+00
4.609701843261718750e+02 3.569227294921875000e+02 5.022573852539062500e+02 3.911227111816406250e+02 4.519496858119964600e-01 2.000000000000000000e+00
5.906851196289062500e+02 3.133735046386718750e+02 6.225195312500000000e+02 3.384191284179687500e+02 3.774671554565429688e-01 2.000000000000000000e+00
4.938896789550781250e+02 3.023519897460937500e+02 5.791488037109375000e+02 3.697184143066406250e+02 3.549768924713134766e-01 2.000000000000000000e+00
6.909922485351562500e+02 2.090095672607421875e+02 7.342684326171875000e+02 2.362532501220703125e+02 3.309932649135589600e-01 2.000000000000000000e+00
7.517254028320312500e+02 2.295741729736328125e+02 8.072119750976562500e+02 2.686860961914062500e+02 2.995595335960388184e-01 2.000000000000000000e+00
4.911068115234375000e+02 3.035401306152343750e+02 5.815783691406250000e+02 3.715144958496093750e+02 2.854695916175842285e-01 5.000000000000000000e+00
8.287457275390625000e+02 1.956314239501953125e+02 8.624241943359375000e+02 2.316186065673828125e+02 2.694491446018218994e-01 2.000000000000000000e+00
4.938098449707031250e+02 3.031743469238281250e+02 5.943355712890625000e+02 3.722737426757812500e+02 2.631404399871826172e-01 7.000000000000000000e+00
5.631638793945312500e+02 1.552352142333984375e+01 6.080169677734375000e+02 4.591365814208984375e+01 2.535343766212463379e-01 2.000000000000000000e+00
