5.928358764648437500e+02 7.557307739257812500e+02 6.418959960937500000e+02 8.228224487304687500e+02 6.518601179122924805e-01 2.000000000000000000e+00
7.269167480468750000e+02 7.262073974609375000e+02 7.704578247070312500e+02 7.733047485351562500e+02 5.670112967491149902e-01 2.000000000000000000e+00
7.296271362304687500e+02 5.817145385742187500e+02 7.552558593750000000e+02 6.115075683593750000e+02 4.568054974079132080e-01 2.000000000000000000e+00
6.605685424804687500e+02 6.271279296875000000e+02 6.951168212890625000e+02 6.687877197265625000e+02 4.531554281711578369e-01 2.000000000000000000e+00
7.722212524414062500e+02 5.410759887695312500e+02 7.963182373046875000e+02 5.643173828125000000e+02 3.744903504848480225e-01 2.000000000000000000e+00
1.188661743164062500e+03 6.078282470703125000e+02 1.397260620117187500e+03 7.262248535156250000e+02 3.569644391536712646e-01 1.300000000000000000e+01
9.493017578125000000e+02 7.698984375000000000e+02 9.603367309570312500e+02 7.914255371093750000e+02 3.482024967670440674e-01 0.000000000000000000e+00
6.644077148437500000e+02 5.748255004882812500e+02 6.933626098632812500e+02 6.095092163085937500e+02 3.229671120643615723e-01 2.000000000000000000e+00
5.679854125976562500e+02 6.989337768554687500e+02 6.176689453125000000e+02 7.546395874023437500e+02 2.954173982143402100e-01 2.000000000000000000e+00
7.429091796875000000e+02 6.536644287109375000e+02 7.730614013671875000e+02 6.861733398437500000e+02 2.841753661632537842e-01 2.000000000000000000e+00
7.823290405273437500e+02 4.977229003906250000e+02 8.004332275390625000e+02 5.213208007812500000e+02 2.825028598308563232e-01 2.000000000000000000e+00
9.561229248046875000e+02 9.805797119140625000e+02 9.725718994140625000e+02 1.021090759277343750e+03 2.644003927707672119e-01 0.000000000000000000e+00
8.045111083984375000e+02 4.740046081542968750e+02 8.209263305664062500e+02 4.925649719238281250e+02 2.621916234493255615e-01 2.000000000000000000e+00
1.030972900390625000e+03 5.648592529296875000e+02 1.041990234375000000e+03 5.853178100585937500e+02 2.536786198616027832e-01 0.000000000000000000e+00
