7.848558959960937500e+02 5.451005249023437500e+02 8.342327270507812500e+02 5.889385375976562500e+02 6.642951369285583496e-01 2.000000000000000000e+00
7.548936157226562500e+02 6.219358520507812500e+02 8.077114257812500000e+02 6.733877563476562500e+02 6.395419836044311523e-01 2.000000000000000000e+00
7.837120971679687500e+02 7.147075195312500000e+02 8.592114257812500000e+02 7.914992675781250000e+02 6.150655746459960938e-01 2.000000000000000000e+00
8.171483154296875000e+02 5.207679443359375000e+02 8.712693481445312500e+02 5.715485839843750000e+02 6.068625450134277344e-01 2.000000000000000000e+00
8.075162963867187500e+02 8.154919433593750000e+02 9.033191528320312500e+02 9.014486694335937500e+02 5.409775376319885254e-01 2.000000000000000000e+00
7.720006713867187500e+02 8.493838500976562500e+02 8.585538940429687500e+02 9.446159667968750000e+02 5.178201794624328613e-01 2.000000000000000000e+00
7.476169433593750000e+02 7.597896118164062500e+02 8.050670166015625000e+02 8.184420776367187500e+02 4.870359301567077637e-01 2.000000000000000000e+00
6.808507080078125000e+02 5.327463989257812500e+02 7.398153076171875000e+02 5.710526733398437500e+02 4.850643575191497803e-01 2.000000000000000000e+00
6.917606811523437500e+02 7.757214355468750000e+02 7.850029907226562500e+02 8.650933227539062500e+02 4.369853734970092773e-01 2.000000000000000000e+00
6.428326416015625000e+02 9.154805908203125000e+02 7.141704711914062500e+02 1.000956909179687500e+03 4.111915826797485352e-01 2.000000000000000000e+00
6.434158325195312500e+02 5.972703857421875000e+02 6.952222290039062500e+02 6.529356079101562500e+02 4.108270406723022461e-01 2.000000000000000000e+00
7.221921386718750000e+02 5.610343627929687500e+02 7.948584594726562500e+02 6.092542724609375000e+02 3.965142369270324707e-01 2.000000000000000000e+00
7.524274291992187500e+02 5.505172729492187500e+02 8.287036743164062500e+02 5.952536621093750000e+02 3.918160796165466309e-01 2.000000000000000000e+00
7.514226074218750000e+02 5.556697387695312500e+02 7.937246093750000000e+02 6.005759887695312500e+02 3.882180154323577881e-01 2.000000000000000000e+00
9.193268432617187500e+02 6.983593139648437500e+02 1.088440429687500000e+03 8.388921508789062500e+02 3.736901581287384033e-01 7.000000000000000000e+00
1.171484863281250000e+03 2.759409484863281250e+02 1.400000000000000000e+03 4.417157897949218750e+02 3.536490201950073242e-01 7.000000000000000000e+00
6.741829223632812500e+02 8.999608764648437500e+02 7.509607543945312500e+02 9.819047851562500000e+02 3.409218192100524902e-01 2.000000000000000000e+00
6.907655639648437500e+02 8.010994262695312500e+02 7.485629882812500000e+02 8.638662719726562500e+02 3.310360014438629150e-01 2.000000000000000000e+00
4.758977661132812500e+02 7.594574584960937500e+02 5.314231567382812500e+02 8.259015502929687500e+02 2.804799675941467285e-01 2.000000000000000000e+00
6.648129272460937500e+02 5.809664306640625000e+02 7.350556640625000000e+02 6.383320922851562500e+02 2.709934413433074951e-01 2.000000000000000000e+00
8.554976196289062500e+02 5.106387939453125000e+02 8.985171508789062500e+02 5.563682250976562500e+02 2.689072489738464355e-01 2.000000000000000000e+00
