4.501013183593750000e+02 6.621497192382812500e+02 5.618843994140625000e+02 7.625065917968750000e+02 6.485577225685119629e-01 7.000000000000000000e+00
8.424418945312500000e+02 6.706589355468750000e+02 9.230211181640625000e+02 7.373027343750000000e+02 6.296076178550720215e-01 2.000000000000000000e+00
1.140318725585937500e+03 1.867236480712890625e+02 1.218170288085937500e+03 2.498795928955078125e+02 3.964087069034576416e-01 2.000000000000000000e+00
4.150806884765625000e+02 2.816252746582031250e+02 4.845444946289062500e+02 3.237724914550781250e+02 3.840039074420928955e-01 2.000000000000000000e+00
1.199898193359375000e+03 1.796286315917968750e+02 1.238949707031250000e+03 2.079750213623046875e+02 3.617650270462036133e-01 2.000000000000000000e+00
8.766253051757812500e+02 5.992024536132812500e+02 9.344638671875000000e+02 6.522783813476562500e+02 3.443550765514373779e-01 2.000000000000000000e+00
1.244346069335937500e+03 1.527767028808593750e+02 1.296072631835937500e+03 1.787653808593750000e+02 3.335471451282501221e-01 2.000000000000000000e+00
3.171920166015625000e+02 2.156802825927734375e+02 3.871013488769531250e+02 2.515476837158203125e+02 3.281440138816833496e-01 2.000000000000000000e+00
1.767895812988281250e+02 1.329598541259765625e+02 2.376938171386718750e+02 1.618149566650390625e+02 2.805176973342895508e-01 2.000000000000000000e+00
1.049037719726562500e+03 2.785800781250000000e+02 1.098868896484375000e+03 3.138733825683593750e+02 2.608657181262969971e-01 2.000000000000000000e+00
1.575225952148437500e+03 7.129220581054687500e+02 1.624976928710937500e+03 7.673100585937500000e+02 2.599126398563385010e-01 2.000000000000000000e+00
