6.166198120117187500e+02 3.658526916503906250e+02 6.735090942382812500e+02 4.075227966308593750e+02 7.129312753677368164e-01 2.000000000000000000e+00
7.644298706054687500e+02 2.771487121582031250e+02 8.033327636718750000e+02 3.035270080566406250e+02 6.134262681007385254e-01 2.000000000000000000e+00
1.190043579101562500e+03 0.000000000000000000e+00 1.396940917968750000e+03 6.906588745117187500e+02 5.989965200424194336e-01 5.000000000000000000e+00
6.461327514648437500e+02 3.068277587890625000e+02 6.983836059570312500e+02 3.427403259277343750e+02 5.294046998023986816e-01 2.000000000000000000e+00
1.163085815429687500e+03 4.036555175781250000e+02 1.187086059570312500e+03 4.354104614257812500e+02 3.885667622089385986e-01 2.000000000000000000e+00
1.148486450195312500e+03 3.404048461914062500e+02 1.178941894531250000e+03 3.687205810546875000e+02 3.744034767150878906e-01 2.000000000000000000e+00
7.988151855468750000e+02 1.811817169189453125e+02 8.577978515625000000e+02 2.077657012939453125e+02 3.717522919178009033e-01 2.000000000000000000e+00
6.343977661132812500e+02 2.714751892089843750e+02 6.817016601562500000e+02 3.113163757324218750e+02 3.383823335170745850e-01 2.000000000000000000e+00
7.244043579101562500e+02 3.024260864257812500e+02 8.004451904296875000e+02 3.378014526367187500e+02 2.843029797077178955e-01 2.000000000000000000e+00
1.139925659179687500e+03 2.907262268066406250e+02 1.188361816406250000e+03 3.282035827636718750e+02 2.746762931346893311e-01 2.000000000000000000e+00
