8.541841430664062500e+02 4.656559448242187500e+02 9.432606811523437500e+02 5.199645385742187500e+02 7.547968626022338867e-01 2.000000000000000000e+00
9.366939086914062500e+02 4.204151306152343750e+02 1.010958251953125000e+03 4.777940979003906250e+02 6.805099248886108398e-01 2.000000000000000000e+00
1.579097656250000000e+03 1.320121917724609375e+02 1.622805664062500000e+03 1.592742004394531250e+02 6.710628271102905273e-01 2.000000000000000000e+00
1.700266723632812500e+03 1.966208648681640625e+02 1.746936645507812500e+03 2.314157257080078125e+02 5.874848961830139160e-01 2.000000000000000000e+00
1.726188354492187500e+03 1.963963165283203125e+02 1.913932128906250000e+03 3.494273681640625000e+02 5.649497509002685547e-01 5.000000000000000000e+00
5.251940917968750000e+02 6.473476562500000000e+02 6.255890502929687500e+02 7.154721069335937500e+02 5.223135948181152344e-01 2.000000000000000000e+00
1.003056884765625000e+03 3.778786315917968750e+02 1.066144897460937500e+03 4.266111145019531250e+02 4.918040037155151367e-01 2.000000000000000000e+00
1.521445190429687500e+03 9.905543518066406250e+01 1.559958251953125000e+03 1.255324401855468750e+02 4.894552230834960938e-01 2.000000000000000000e+00
1.104097656250000000e+03 5.886772918701171875e+01 1.143152099609375000e+03 8.620771789550781250e+01 4.785546958446502686e-01 2.000000000000000000e+00
1.662872436523437500e+03 5.708033752441406250e+01 1.689854248046875000e+03 7.935739135742187500e+01 4.704866707324981689e-01 2.000000000000000000e+00
0.000000000000000000e+00 9.678566894531250000e+02 6.616958618164062500e+01 1.047000610351562500e+03 3.805373013019561768e-01 2.000000000000000000e+00
1.763682495117187500e+03 3.627530822753906250e+02 1.849476562500000000e+03 4.113993835449218750e+02 3.741042315959930420e-01 2.000000000000000000e+00
6.106522083282470703e-01 9.678635253906250000e+02 3.263608932495117188e+01 1.034749145507812500e+03 3.238127827644348145e-01 2.000000000000000000e+00
1.044746337890625000e+03 3.408789672851562500e+02 1.131990234375000000e+03 3.916678771972656250e+02 3.170313537120819092e-01 2.000000000000000000e+00
1.528401611328125000e+03 7.216210937500000000e+01 1.607237915039062500e+03 1.205201568603515625e+02 3.147177696228027344e-01 2.000000000000000000e+00
9.043297729492187500e+02 4.352717590332031250e+02 1.011247985839843750e+03 5.010898742675781250e+02 3.101508021354675293e-01 2.000000000000000000e+00
1.009193786621093750e+03 2.696185684204101562e+01 1.063336059570312500e+03 6.557536315917968750e+01 2.937604188919067383e-01 2.000000000000000000e+00
3.893403625488281250e+02 1.133872985839843750e+02 4.132140502929687500e+02 1.365890197753906250e+02 2.854650616645812988e-01 2.000000000000000000e+00
1.745885986328125000e+03 5.789329223632812500e+02 1.805242797851562500e+03 6.263082275390625000e+02 2.743582129478454590e-01 2.000000000000000000e+00
5.252023925781250000e+02 6.519774169921875000e+02 6.242814941406250000e+02 7.186206665039062500e+02 2.678011655807495117e-01 7.000000000000000000e+00
1.619597534179687500e+03 3.955527496337890625e+01 1.660983032226562500e+03 7.305030822753906250e+01 2.632430791854858398e-01 2.000000000000000000e+00
1.554975219726562500e+03 6.769706726074218750e+01 1.613814575195312500e+03 1.059849700927734375e+02 2.571877539157867432e-01 2.000000000000000000e+00
7.435554809570312500e+02 8.963068237304687500e+02 8.037802124023437500e+02 9.386434326171875000e+02 2.524683475494384766e-01 2.000000000000000000e+00
1.776498291015625000e+03 1.515346832275390625e+02 1.838254638671875000e+03 1.936206817626953125e+02 2.521096765995025635e-01 2.000000000000000000e+00
1.658052001953125000e+03 5.438460693359375000e+02 1.770458374023437500e+03 6.134325561523437500e+02 2.501589953899383545e-01 7.000000000000000000e+00
