8.696334228515625000e+02 4.245690917968750000e+02 9.059615478515625000e+02 4.513845214843750000e+02 5.952115654945373535e-01 2.000000000000000000e+00
5.684581909179687500e+02 4.490420227050781250e+02 6.012426757812500000e+02 4.712568664550781250e+02 5.403394699096679688e-01 2.000000000000000000e+00
7.156611938476562500e+02 5.003406982421875000e+02 7.423986206054687500e+02 5.203859863281250000e+02 5.395767688751220703e-01 2.000000000000000000e+00
2.507671813964843750e+02 3.596500244140625000e+02 2.791818847656250000e+02 3.824486083984375000e+02 5.358240008354187012e-01 2.000000000000000000e+00
4.766080017089843750e+02 4.413139648437500000e+02 5.089035949707031250e+02 4.590423583984375000e+02 4.525970220565795898e-01 2.000000000000000000e+00
1.175714263916015625e+02 3.137887573242187500e+02 1.420226440429687500e+02 3.311270751953125000e+02 4.507985413074493408e-01 2.000000000000000000e+00
1.299232543945312500e+03 7.248838500976562500e+02 1.329927001953125000e+03 7.481768188476562500e+02 4.500129520893096924e-01 2.000000000000000000e+00
1.188804550170898438e+02 1.490277709960937500e+02 1.464224090576171875e+02 1.683533172607421875e+02 4.431679248809814453e-01 2.000000000000000000e+00
3.114096374511718750e+02 3.569411010742187500e+02 3.413185119628906250e+02 3.793685913085937500e+02 4.414263367652893066e-01 2.000000000000000000e+00
3.242658996582031250e+02 2.749078674316406250e+02 3.591839294433593750e+02 2.964863891601562500e+02 3.985977470874786377e-01 2.000000000000000000e+00
1.734014434814453125e+02 3.082873840332031250e+02 2.016901092529296875e+02 3.287200317382812500e+02 3.864084780216217041e-01 2.000000000000000000e+00
3.974324035644531250e+02 3.894994201660156250e+02 4.197490539550781250e+02 4.097083740234375000e+02 3.652384877204895020e-01 2.000000000000000000e+00
7.326801147460937500e+02 3.584066467285156250e+02 7.656925048828125000e+02 3.842803344726562500e+02 3.595098257064819336e-01 2.000000000000000000e+00
1.156868652343750000e+03 6.728436889648437500e+02 1.197803344726562500e+03 7.030444946289062500e+02 3.579649031162261963e-01 2.000000000000000000e+00
1.916987304687500000e+02 2.005858764648437500e+02 2.209458312988281250e+02 2.275029144287109375e+02 3.094879984855651855e-01 2.000000000000000000e+00
6.245879516601562500e+02 3.084453430175781250e+02 6.548117065429687500e+02 3.312152099609375000e+02 3.093537390232086182e-01 2.000000000000000000e+00
1.090837036132812500e+03 6.697585449218750000e+02 1.133667236328125000e+03 6.968137207031250000e+02 3.028855621814727783e-01 2.000000000000000000e+00
5.720289916992187500e+02 3.028741760253906250e+02 6.009937133789062500e+02 3.196650390625000000e+02 2.872734367847442627e-01 2.000000000000000000e+00
3.235249023437500000e+02 4.098061523437500000e+02 3.479080200195312500e+02 4.286567077636718750e+02 2.793552577495574951e-01 2.000000000000000000e+00
4.922083129882812500e+02 2.584994812011718750e+02 5.135243530273437500e+02 2.751191406250000000e+02 2.610089182853698730e-01 2.000000000000000000e+00
2.466141204833984375e+02 5.847167358398437500e+02 4.660233459472656250e+02 7.702764892578125000e+02 2.602116167545318604e-01 5.000000000000000000e+00
8.250621337890625000e+02 3.766509704589843750e+02 8.508771362304687500e+02 4.004538574218750000e+02 2.542851567268371582e-01 2.000000000000000000e+00
