5.577952270507812500e+02 9.312734375000000000e+02 6.719927368164062500e+02 1.008271484375000000e+03 6.793185472488403320e-01 2.000000000000000000e+00
1.071657104492187500e+03 4.765797424316406250e+02 1.155643920898437500e+03 5.320307006835937500e+02 5.149924159049987793e-01 2.000000000000000000e+00
1.016770629882812500e+03 3.879928588867187500e+02 1.077260864257812500e+03 4.201753845214843750e+02 5.064377784729003906e-01 2.000000000000000000e+00
8.390957641601562500e+02 6.158703613281250000e+02 9.288084716796875000e+02 6.929481811523437500e+02 4.810602664947509766e-01 2.000000000000000000e+00
5.180878295898437500e+02 7.211761474609375000e+02 7.634722290039062500e+02 8.838085937500000000e+02 4.542859494686126709e-01 7.000000000000000000e+00
9.259257202148437500e+02 3.359955749511718750e+02 9.765152587890625000e+02 3.734685058593750000e+02 3.449696600437164307e-01 2.000000000000000000e+00
1.302033203125000000e+03 1.783415222167968750e+02 1.352688720703125000e+03 2.114062042236328125e+02 3.269249200820922852e-01 2.000000000000000000e+00
1.766963958740234375e+00 4.199559020996093750e+02 5.364199218750000000e+02 1.055905029296875000e+03 2.887870669364929199e-01 7.000000000000000000e+00
1.525301269531250000e+03 3.176891784667968750e+02 1.562021728515625000e+03 3.467109680175781250e+02 2.827240228652954102e-01 2.000000000000000000e+00
8.378037109375000000e+02 6.148688354492187500e+02 9.319635620117187500e+02 6.915495605468750000e+02 2.779579162597656250e-01 7.000000000000000000e+00
1.546734130859375000e+03 2.636575622558593750e+02 1.589189697265625000e+03 3.015599670410156250e+02 2.692084610462188721e-01 2.000000000000000000e+00
1.589560791015625000e+03 2.836033630371093750e+02 1.632072631835937500e+03 3.171768798828125000e+02 2.617194950580596924e-01 2.000000000000000000e+00
1.666459716796875000e+03 8.375427856445312500e+02 1.793532104492187500e+03 9.160978393554687500e+02 2.598099708557128906e-01 2.000000000000000000e+00
