6.706350097656250000e+02 4.118723144531250000e+02 7.499829101562500000e+02 4.629679870605468750e+02 7.648032307624816895e-01 2.000000000000000000e+00
3.055831298828125000e+02 3.367679443359375000e+02 3.843135070800781250e+02 3.828455505371093750e+02 6.939622163772583008e-01 2.000000000000000000e+00
7.473845825195312500e+02 4.417048339843750000e+02 8.347551269531250000e+02 4.930480957031250000e+02 6.934386491775512695e-01 2.000000000000000000e+00
1.214265258789062500e+03 5.396434936523437500e+02 1.319056152343750000e+03 5.868129882812500000e+02 6.619610190391540527e-01 2.000000000000000000e+00
1.368869018554687500e+03 9.094073486328125000e+01 1.427187866210937500e+03 1.227576599121093750e+02 5.656847953796386719e-01 2.000000000000000000e+00
5.708012084960937500e+02 3.934553833007812500e+02 6.558552856445312500e+02 4.406784973144531250e+02 5.045527815818786621e-01 2.000000000000000000e+00
2.179581909179687500e+02 6.233591918945312500e+02 2.910861206054687500e+02 7.428818969726562500e+02 4.978211820125579834e-01 7.000000000000000000e+00
1.485516113281250000e+03 3.004249267578125000e+02 1.546133422851562500e+03 3.617497863769531250e+02 4.623524844646453857e-01 2.000000000000000000e+00
2.105495910644531250e+02 3.140920410156250000e+02 2.957686462402343750e+02 3.643545227050781250e+02 4.579159021377563477e-01 2.000000000000000000e+00
3.918509216308593750e+02 3.551356811523437500e+02 4.616774597167968750e+02 3.962152099609375000e+02 4.480234384536743164e-01 2.000000000000000000e+00
1.150579101562500000e+03 2.467554168701171875e+02 1.212492431640625000e+03 2.802188415527343750e+02 4.454180598258972168e-01 2.000000000000000000e+00
6.122191772460937500e+02 5.962810668945312500e+02 7.192491455078125000e+02 6.571906738281250000e+02 4.317349493503570557e-01 2.000000000000000000e+00
4.568802185058593750e+02 3.967455139160156250e+02 5.321561889648437500e+02 4.424012145996093750e+02 4.192239046096801758e-01 2.000000000000000000e+00
6.089553833007812500e+02 5.949967651367187500e+02 7.216232910156250000e+02 6.612181396484375000e+02 4.028032422065734863e-01 7.000000000000000000e+00
2.046354827880859375e+02 1.005453247070312500e+03 2.874162597656250000e+02 1.076197631835937500e+03 3.918123245239257812e-01 2.000000000000000000e+00
6.436447143554687500e+01 4.598651428222656250e+02 1.359374694824218750e+02 5.098391418457031250e+02 3.650613129138946533e-01 2.000000000000000000e+00
1.277432006835937500e+03 1.629254608154296875e+02 1.334412231445312500e+03 1.941815032958984375e+02 3.560161590576171875e-01 2.000000000000000000e+00
7.896320800781250000e+02 6.388311157226562500e+02 8.768964843750000000e+02 6.977621459960937500e+02 3.519928455352783203e-01 2.000000000000000000e+00
8.616892700195312500e+02 4.618565673828125000e+02 9.364732666015625000e+02 4.938560180664062500e+02 3.263221085071563721e-01 2.000000000000000000e+00
1.419989257812500000e+03 9.846379280090332031e+00 1.472003662109375000e+03 4.380147933959960938e+01 3.018924891948699951e-01 2.000000000000000000e+00
5.954036331176757812e+01 2.804105529785156250e+02 1.167039718627929688e+02 3.121620178222656250e+02 2.959963381290435791e-01 2.000000000000000000e+00
9.821186523437500000e+02 4.822010192871093750e+02 1.043191040039062500e+03 5.132559814453125000e+02 2.916846275329589844e-01 2.000000000000000000e+00
9.602031707763671875e-01 5.373006591796875000e+02 2.249753570556640625e+02 7.829071044921875000e+02 2.864635288715362549e-01 7.000000000000000000e+00
1.337294555664062500e+03 1.410006866455078125e+02 1.382593872070312500e+03 1.743160705566406250e+02 2.842973768711090088e-01 2.000000000000000000e+00
1.378958984375000000e+03 7.092456817626953125e+01 1.437124755859375000e+03 1.062043533325195312e+02 2.697631716728210449e-01 2.000000000000000000e+00
