3.192588195800781250e+02 6.935744628906250000e+02 3.638514709472656250e+02 7.525644531250000000e+02 6.316493749618530273e-01 2.000000000000000000e+00
4.963821716308593750e+02 3.489718017578125000e+02 5.310652465820312500e+02 3.778496398925781250e+02 5.801575183868408203e-01 2.000000000000000000e+00
5.583601684570312500e+02 3.752650756835937500e+02 5.904087524414062500e+02 4.000379943847656250e+02 5.013389587402343750e-01 2.000000000000000000e+00
4.818938293457031250e+02 4.414121704101562500e+02 5.101499633789062500e+02 4.719853515625000000e+02 4.833301007747650146e-01 2.000000000000000000e+00
5.875487670898437500e+02 4.465811462402343750e+02 6.127109985351562500e+02 4.696168518066406250e+02 4.494541883468627930e-01 2.000000000000000000e+00
2.649869689941406250e+02 8.159384155273437500e+02 3.163215332031250000e+02 8.938237915039062500e+02 4.466168880462646484e-01 2.000000000000000000e+00
2.567091369628906250e+02 6.489730834960937500e+02 2.995398254394531250e+02 7.012177734375000000e+02 3.300051987171173096e-01 2.000000000000000000e+00
6.205878295898437500e+02 9.670316162109375000e+02 6.894711303710937500e+02 1.049142944335937500e+03 3.267072737216949463e-01 7.000000000000000000e+00
2.958482055664062500e+02 6.455980834960937500e+02 3.428915100097656250e+02 7.036817626953125000e+02 3.046395480632781982e-01 2.000000000000000000e+00
5.768224487304687500e+02 4.132356567382812500e+02 6.081936645507812500e+02 4.368078308105468750e+02 2.793617844581604004e-01 2.000000000000000000e+00
2.883200683593750000e+02 5.651374511718750000e+02 3.291535339355468750e+02 6.135339965820312500e+02 2.543437480926513672e-01 2.000000000000000000e+00
