1.103808837890625000e+03 8.353010253906250000e+02 1.209956054687500000e+03 9.096881103515625000e+02 6.105511784553527832e-01 2.000000000000000000e+00
1.060964477539062500e+03 5.392005615234375000e+02 1.123300292968750000e+03 5.947587890625000000e+02 4.597355425357818604e-01 2.000000000000000000e+00
1.926282501220703125e+02 3.321730346679687500e+02 2.731577758789062500e+02 3.729731445312500000e+02 4.472642838954925537e-01 2.000000000000000000e+00
1.160985107421875000e+03 9.793341064453125000e+02 1.279237548828125000e+03 1.069391113281250000e+03 4.037457406520843506e-01 2.000000000000000000e+00
1.162144775390625000e+03 9.783687133789062500e+02 1.278416625976562500e+03 1.069941406250000000e+03 3.953756392002105713e-01 7.000000000000000000e+00
8.332071533203125000e+02 6.175579223632812500e+02 9.221890258789062500e+02 6.740845947265625000e+02 3.921230435371398926e-01 2.000000000000000000e+00
1.102208740234375000e+03 5.642644042968750000e+02 1.167170410156250000e+03 6.281918334960937500e+02 3.704119026660919189e-01 2.000000000000000000e+00
1.114452270507812500e+03 5.682435302734375000e+02 1.207406860351562500e+03 6.379747924804687500e+02 3.182032704353332520e-01 2.000000000000000000e+00
1.019420959472656250e+03 2.372825775146484375e+02 1.081282104492187500e+03 2.873748474121093750e+02 2.540101110935211182e-01 2.000000000000000000e+00
1.105124267578125000e+03 8.332192382812500000e+02 1.212004272460937500e+03 9.204403686523437500e+02 2.510778009891510010e-01 7.000000000000000000e+00
