1.009257873535156250e+03 4.450515136718750000e+02 1.228462036132812500e+03 5.365817260742187500e+02 7.881610393524169922e-01 7.000000000000000000e+00
3.466855163574218750e+02 2.021615905761718750e+02 3.889307861328125000e+02 2.401818847656250000e+02 6.869830489158630371e-01 2.000000000000000000e+00
5.140155029296875000e+02 1.773067932128906250e+02 5.541182861328125000e+02 2.193844909667968750e+02 6.538636088371276855e-01 2.000000000000000000e+00
3.991411743164062500e+02 2.039625701904296875e+02 4.323518066406250000e+02 2.420685882568359375e+02 6.494860053062438965e-01 2.000000000000000000e+00
4.702947998046875000e+02 1.446413421630859375e+02 5.017805786132812500e+02 1.821724090576171875e+02 6.199612617492675781e-01 2.000000000000000000e+00
4.793968505859375000e+02 2.675591125488281250e+02 5.181765747070312500e+02 3.155295104980468750e+02 5.951117277145385742e-01 2.000000000000000000e+00
4.764494323730468750e+02 8.140515899658203125e+01 5.039481201171875000e+02 1.093620223999023438e+02 5.010378956794738770e-01 2.000000000000000000e+00
3.229973754882812500e+02 1.363387603759765625e+02 3.587172851562500000e+02 1.673075714111328125e+02 4.766944944858551025e-01 2.000000000000000000e+00
4.514629821777343750e+02 3.984015655517578125e+01 4.751618347167968750e+02 6.580720520019531250e+01 4.697041809558868408e-01 2.000000000000000000e+00
2.624454650878906250e+02 3.394833984375000000e+02 2.933150634765625000e+02 3.822059936523437500e+02 4.230869710445404053e-01 2.000000000000000000e+00
5.096943664550781250e+02 1.350660552978515625e+02 5.374623413085937500e+02 1.677540283203125000e+02 3.274746537208557129e-01 2.000000000000000000e+00
1.319967285156250000e+03 4.202123107910156250e+02 1.397520751953125000e+03 4.700539245605468750e+02 3.257156610488891602e-01 7.000000000000000000e+00
5.516688842773437500e+02 1.095483322143554688e+02 5.898572387695312500e+02 1.449756774902343750e+02 3.016972839832305908e-01 2.000000000000000000e+00
3.858133239746093750e+02 9.639698791503906250e+01 4.267182006835937500e+02 1.449003753662109375e+02 2.735390365123748779e-01 2.000000000000000000e+00
1.319505493164062500e+03 4.213918151855468750e+02 1.396437866210937500e+03 4.698491210937500000e+02 2.553532421588897705e-01 2.000000000000000000e+00
