1.486144714355468750e+02 5.566530151367187500e+02 2.620682373046875000e+02 6.084341430664062500e+02 8.512722253799438477e-01 2.000000000000000000e+00
6.872858886718750000e+02 5.968232421875000000e+02 8.027735595703125000e+02 6.629622802734375000e+02 7.718972563743591309e-01 2.000000000000000000e+00
8.979162597656250000e+02 5.827188720703125000e+02 1.010751586914062500e+03 6.324976806640625000e+02 7.374134659767150879e-01 2.000000000000000000e+00
9.946644897460937500e+02 6.861663208007812500e+02 1.132192260742187500e+03 7.417892456054687500e+02 7.228931188583374023e-01 2.000000000000000000e+00
6.135908203125000000e+02 5.662766723632812500e+02 7.402888183593750000e+02 6.181179199218750000e+02 6.743314862251281738e-01 2.000000000000000000e+00
2.913954772949218750e+02 6.664254150390625000e+02 4.133207397460937500e+02 7.225260620117187500e+02 6.484342217445373535e-01 2.000000000000000000e+00
4.017933044433593750e+02 5.652094726562500000e+02 5.131217651367187500e+02 6.146801757812500000e+02 6.211288571357727051e-01 2.000000000000000000e+00
2.819996032714843750e+02 5.522020874023437500e+02 3.735702514648437500e+02 6.084763793945312500e+02 6.195727586746215820e-01 2.000000000000000000e+00
1.337043701171875000e+03 6.053681030273437500e+02 1.453425903320312500e+03 6.561920776367187500e+02 6.094059348106384277e-01 2.000000000000000000e+00
1.591302368164062500e+03 6.156563720703125000e+02 1.724387573242187500e+03 6.664590454101562500e+02 6.043456792831420898e-01 2.000000000000000000e+00
1.462662231445312500e+03 6.080051879882812500e+02 1.588305908203125000e+03 6.597858276367187500e+02 5.417388677597045898e-01 2.000000000000000000e+00
1.769997070312500000e+03 6.250766601562500000e+02 1.905239990234375000e+03 6.782379760742187500e+02 5.033072233200073242e-01 2.000000000000000000e+00
1.696796020507812500e+03 4.957635116577148438e+01 1.774135864257812500e+03 8.646147155761718750e+01 4.984850883483886719e-01 2.000000000000000000e+00
1.142510742187500000e+03 6.042044677734375000e+02 1.252927612304687500e+03 6.554777832031250000e+02 4.692000448703765869e-01 7.000000000000000000e+00
1.701517700195312500e+03 7.266172485351562500e+02 1.863844116210937500e+03 7.882542724609375000e+02 4.491696059703826904e-01 7.000000000000000000e+00
1.015936401367187500e+03 5.891518554687500000e+02 1.138788696289062500e+03 6.508922729492187500e+02 4.131254553794860840e-01 2.000000000000000000e+00
1.311029418945312500e+03 5.097677001953125000e+02 1.393777832031250000e+03 5.525391845703125000e+02 3.665492832660675049e-01 2.000000000000000000e+00
1.437780151367187500e+03 5.178777465820312500e+02 1.501172241210937500e+03 5.625488281250000000e+02 2.754152119159698486e-01 2.000000000000000000e+00
1.037064453125000000e+03 3.889191284179687500e+02 1.085510253906250000e+03 4.301828613281250000e+02 2.659796178340911865e-01 2.000000000000000000e+00
7.611594390869140625e+01 5.416257934570312500e+02 1.277957229614257812e+02 5.770211791992187500e+02 2.636117637157440186e-01 2.000000000000000000e+00
6.720448608398437500e+02 1.167777657508850098e+00 7.217034301757812500e+02 4.883545684814453125e+01 2.500451803207397461e-01 2.000000000000000000e+00
