7.502820434570312500e+02 9.638244628906250000e+02 9.070642700195312500e+02 1.050000000000000000e+03 8.476995825767517090e-01 2.000000000000000000e+00
1.421347961425781250e+02 9.186741333007812500e+02 2.823175354003906250e+02 1.013977539062500000e+03 8.411179184913635254e-01 2.000000000000000000e+00
8.674021606445312500e+02 6.201803588867187500e+02 9.820664672851562500e+02 6.986291503906250000e+02 8.178967237472534180e-01 2.000000000000000000e+00
3.048958435058593750e+02 6.662112426757812500e+02 4.689349670410156250e+02 7.573624267578125000e+02 8.009225130081176758e-01 2.000000000000000000e+00
7.430777587890625000e+02 8.873493652343750000e+02 8.829940185546875000e+02 9.660338134765625000e+02 7.903834581375122070e-01 2.000000000000000000e+00
7.798621826171875000e+02 6.670390014648437500e+02 8.959295654296875000e+02 7.474375000000000000e+02 7.817025780677795410e-01 2.000000000000000000e+00
0.000000000000000000e+00 9.356513061523437500e+02 9.739540863037109375e+01 1.003475585937500000e+03 7.612484693527221680e-01 2.000000000000000000e+00
1.716763458251953125e+02 8.465827026367187500e+02 2.811222229003906250e+02 9.268850708007812500e+02 7.568385601043701172e-01 2.000000000000000000e+00
7.387434692382812500e+02 7.477070922851562500e+02 8.738436279296875000e+02 8.249519653320312500e+02 7.404156327247619629e-01 2.000000000000000000e+00
4.239952087402343750e+02 5.629009399414062500e+02 5.378634033203125000e+02 6.573312377929687500e+02 7.296934723854064941e-01 2.000000000000000000e+00
7.498239135742187500e+02 8.210557250976562500e+02 8.842710571289062500e+02 8.964857177734375000e+02 7.148985266685485840e-01 2.000000000000000000e+00
8.827030029296875000e+02 4.759927368164062500e+02 9.673024902343750000e+02 5.326027221679687500e+02 7.136812806129455566e-01 2.000000000000000000e+00
8.969310913085937500e+02 3.602653198242187500e+02 9.562321777343750000e+02 4.004704589843750000e+02 7.038710713386535645e-01 2.000000000000000000e+00
3.931789550781250000e+02 6.283610839843750000e+02 4.991760559082031250e+02 6.984500122070312500e+02 6.617877483367919922e-01 2.000000000000000000e+00
2.511825561523437500e+02 7.832596435546875000e+02 3.731221313476562500e+02 8.657514038085937500e+02 6.544311642646789551e-01 2.000000000000000000e+00
6.986005859375000000e+02 3.641071166992187500e+02 7.501867675781250000e+02 4.066112365722656250e+02 6.134269237518310547e-01 2.000000000000000000e+00
4.021917724609375000e+02 5.032422180175781250e+02 4.779639282226562500e+02 5.679872436523437500e+02 6.081854701042175293e-01 2.000000000000000000e+00
4.904538269042968750e+02 4.936431579589843750e+02 6.021908569335937500e+02 5.686270751953125000e+02 4.910436868667602539e-01 7.000000000000000000e+00
2.543943023681640625e+02 7.319782714843750000e+02 4.139638366699218750e+02 8.233895874023437500e+02 4.414258897304534912e-01 2.000000000000000000e+00
7.402576293945312500e+02 3.617445983886718750e+02 8.057347412109375000e+02 4.023527221679687500e+02 4.253171980381011963e-01 2.000000000000000000e+00
9.989880371093750000e+02 5.644912719726562500e+02 1.032026123046875000e+03 6.111396484375000000e+02 4.157729446887969971e-01 2.000000000000000000e+00
4.807814941406250000e+02 4.940567626953125000e+02 6.065855712890625000e+02 5.680384521484375000e+02 4.038548767566680908e-01 2.000000000000000000e+00
9.392438354492187500e+02 2.724031372070312500e+02 1.016605163574218750e+03 3.265155029296875000e+02 3.762826919555664062e-01 2.000000000000000000e+00
9.938993530273437500e+02 4.453530273437500000e+02 1.045171020507812500e+03 4.965527954101562500e+02 3.661839067935943604e-01 2.000000000000000000e+00
5.885948486328125000e+02 5.869418945312500000e+02 6.038790283203125000e+02 6.206092529296875000e+02 3.446438014507293701e-01 0.000000000000000000e+00
4.086885375976562500e+02 5.920228271484375000e+02 5.219691162109375000e+02 6.857772827148437500e+02 3.204739093780517578e-01 2.000000000000000000e+00
8.954270019531250000e+02 4.063096008300781250e+02 9.450253906250000000e+02 4.446248168945312500e+02 3.094595372676849365e-01 2.000000000000000000e+00
