1.273928070068359375e+02 1.865938720703125000e+02 2.647505493164062500e+02 2.605292663574218750e+02 8.508304357528686523e-01 2.000000000000000000e+00
7.149942779541015625e+01 7.184067382812500000e+02 2.424244689941406250e+02 9.600516967773437500e+02 8.006769418716430664e-01 2.000000000000000000e+00
2.824385681152343750e+02 3.979768676757812500e+02 3.787612609863281250e+02 5.256990356445312500e+02 7.838751673698425293e-01 2.000000000000000000e+00
3.314990844726562500e+02 1.138704299926757812e+02 3.995257873535156250e+02 1.925679168701171875e+02 7.118853330612182617e-01 2.000000000000000000e+00
2.621728210449218750e+02 5.197649002075195312e+00 3.509000244140625000e+02 7.749528503417968750e+01 6.786652207374572754e-01 2.000000000000000000e+00
2.117736816406250000e+02 5.190262451171875000e+02 3.339990844726562500e+02 6.864926757812500000e+02 6.769343614578247070e-01 2.000000000000000000e+00
3.996430358886718750e+02 1.073243026733398438e+02 4.875986328125000000e+02 2.379860687255859375e+02 6.174318194389343262e-01 2.000000000000000000e+00
1.034695434570312500e+03 5.242698974609375000e+02 1.144787719726562500e+03 7.028398437500000000e+02 5.726940035820007324e-01 2.000000000000000000e+00
9.342927246093750000e+02 1.804077301025390625e+02 1.013630187988281250e+03 2.555603179931640625e+02 5.432599186897277832e-01 2.000000000000000000e+00
5.213983535766601562e+00 5.950731811523437500e+02 1.442409362792968750e+02 7.722568969726562500e+02 4.170269370079040527e-01 2.000000000000000000e+00
9.358140869140625000e+02 1.781494598388671875e+02 1.014388366699218750e+03 2.563705444335937500e+02 3.928107917308807373e-01 7.000000000000000000e+00
7.908465576171875000e+01 2.449992675781250000e+02 1.908108673095703125e+02 3.049622802734375000e+02 3.313183784484863281e-01 2.000000000000000000e+00
1.893229675292968750e+02 0.000000000000000000e+00 2.749366149902343750e+02 5.329488754272460938e+01 2.986243367195129395e-01 2.000000000000000000e+00
1.440486907958984375e+02 4.636666259765625000e+02 2.594396057128906250e+02 5.633391723632812500e+02 2.959067225456237793e-01 2.000000000000000000e+00
9.347921752929687500e+02 2.616433906555175781e+01 1.001920532226562500e+03 7.719218444824218750e+01 2.711023092269897461e-01 2.000000000000000000e+00
4.702722473144531250e+02 1.556743774414062500e+02 5.446733398437500000e+02 2.259340209960937500e+02 2.560914158821105957e-01 2.000000000000000000e+00
