8.234099121093750000e+02 6.898840942382812500e+02 9.176470336914062500e+02 7.507921752929687500e+02 7.332116365432739258e-01 2.000000000000000000e+00
4.572417297363281250e+02 1.341733398437500000e+02 5.129884033203125000e+02 1.855131378173828125e+02 6.206384301185607910e-01 2.000000000000000000e+00
5.465616455078125000e+02 7.266508789062500000e+02 6.333145141601562500e+02 7.754227294921875000e+02 6.034832000732421875e-01 2.000000000000000000e+00
1.599696807861328125e+02 1.299168090820312500e+02 2.021774291992187500e+02 1.758708190917968750e+02 5.624694824218750000e-01 2.000000000000000000e+00
1.264151977539062500e+03 3.691670532226562500e+02 1.335709594726562500e+03 4.201168212890625000e+02 5.499318838119506836e-01 2.000000000000000000e+00
4.541138305664062500e+02 3.526777954101562500e+02 5.102980346679687500e+02 4.165093688964843750e+02 4.057404696941375732e-01 2.000000000000000000e+00
4.541458435058593750e+02 3.534946594238281250e+02 5.099394531250000000e+02 4.165539855957031250e+02 3.831237554550170898e-01 9.000000000000000000e+00
1.992001495361328125e+02 4.396667861938476562e+01 2.493116149902343750e+02 9.033344268798828125e+01 3.793503344058990479e-01 2.000000000000000000e+00
3.102351379394531250e+02 0.000000000000000000e+00 3.762835083007812500e+02 5.656332015991210938e+01 3.323859274387359619e-01 2.000000000000000000e+00
3.938006286621093750e+02 6.496889495849609375e+01 4.230598449707031250e+02 9.783775329589843750e+01 2.520909905433654785e-01 2.000000000000000000e+00
