6.789455566406250000e+02 2.075358886718750000e+02 7.101879272460937500e+02 2.227903442382812500e+02 5.054525732994079590e-01 2.000000000000000000e+00
5.240643310546875000e+02 1.668076171875000000e+02 5.646287841796875000e+02 1.866551361083984375e+02 4.590959548950195312e-01 2.000000000000000000e+00
1.554691791534423828e+00 0.000000000000000000e+00 4.483290100097656250e+02 7.283221435546875000e+02 4.572794139385223389e-01 7.000000000000000000e+00
6.411153564453125000e+02 1.539213409423828125e+02 6.801976928710937500e+02 1.791089019775390625e+02 4.362896382808685303e-01 2.000000000000000000e+00
8.032197265625000000e+02 2.060424194335937500e+02 8.344417724609375000e+02 2.226208038330078125e+02 4.226543307304382324e-01 2.000000000000000000e+00
7.842021484375000000e+02 3.245775756835937500e+02 8.177517700195312500e+02 3.593491516113281250e+02 4.180293679237365723e-01 2.000000000000000000e+00
5.989187011718750000e+02 1.979812774658203125e+02 6.302877807617187500e+02 2.135979309082031250e+02 3.913081884384155273e-01 2.000000000000000000e+00
8.711871337890625000e+02 3.158377075195312500e+02 9.038754882812500000e+02 3.378470153808593750e+02 3.824664652347564697e-01 2.000000000000000000e+00
8.596951904296875000e+02 2.259243621826171875e+02 8.928737792968750000e+02 2.473847961425781250e+02 3.635388612747192383e-01 2.000000000000000000e+00
8.850185546875000000e+02 1.843285980224609375e+02 9.161470947265625000e+02 2.027366943359375000e+02 3.434802591800689697e-01 2.000000000000000000e+00
7.291512451171875000e+02 3.288258972167968750e+02 7.579541625976562500e+02 3.587947998046875000e+02 3.397951126098632812e-01 2.000000000000000000e+00
9.187338867187500000e+02 2.899027709960937500e+02 9.609033813476562500e+02 3.251012878417968750e+02 3.374545872211456299e-01 7.000000000000000000e+00
7.984288330078125000e+02 1.822166595458984375e+02 8.268019409179687500e+02 1.966644744873046875e+02 3.349555730819702148e-01 2.000000000000000000e+00
6.885049438476562500e+02 3.713311157226562500e+02 7.131837158203125000e+02 4.096041564941406250e+02 2.975816130638122559e-01 2.000000000000000000e+00
6.397562255859375000e+02 1.842208557128906250e+02 6.742763671875000000e+02 2.023116607666015625e+02 2.854832708835601807e-01 2.000000000000000000e+00
8.193517456054687500e+02 3.168868103027343750e+02 8.553159790039062500e+02 3.420906066894531250e+02 2.789260745048522949e-01 2.000000000000000000e+00
4.402727355957031250e+02 1.955936737060546875e+02 5.213483276367187500e+02 2.384245300292968750e+02 2.636418938636779785e-01 7.000000000000000000e+00
