7.912994384765625000e+02 6.389969482421875000e+02 8.544240722656250000e+02 7.083851928710937500e+02 7.312812805175781250e-01 2.000000000000000000e+00
2.316793060302734375e+02 6.189563598632812500e+02 3.132943725585937500e+02 7.419569091796875000e+02 7.243867516517639160e-01 7.000000000000000000e+00
4.318203735351562500e+02 4.461420593261718750e+02 4.910117797851562500e+02 4.845768432617187500e+02 6.906489729881286621e-01 2.000000000000000000e+00
8.251582641601562500e+02 7.140784301757812500e+02 9.198175659179687500e+02 8.203865966796875000e+02 6.805887222290039062e-01 2.000000000000000000e+00
7.445869140625000000e+02 3.592916564941406250e+02 7.992694702148437500e+02 3.837840270996093750e+02 6.740114688873291016e-01 2.000000000000000000e+00
7.947857666015625000e+02 1.005151245117187500e+03 8.721807250976562500e+02 1.049677490234375000e+03 6.530417799949645996e-01 2.000000000000000000e+00
3.811497192382812500e+02 9.867281494140625000e+02 4.640749816894531250e+02 1.050000000000000000e+03 6.349263787269592285e-01 2.000000000000000000e+00
6.867421264648437500e+02 3.957070922851562500e+02 7.568663330078125000e+02 4.279325866699218750e+02 6.325672864913940430e-01 2.000000000000000000e+00
3.967575683593750000e+02 3.563052368164062500e+02 4.677379150390625000e+02 3.858706054687500000e+02 5.892787575721740723e-01 2.000000000000000000e+00
4.224990234375000000e+02 6.518898315429687500e+02 4.828230895996093750e+02 7.657367553710937500e+02 5.810440182685852051e-01 7.000000000000000000e+00
5.823911743164062500e+02 5.144961547851562500e+02 6.233366699218750000e+02 5.601643676757812500e+02 5.702404975891113281e-01 2.000000000000000000e+00
8.010178833007812500e+02 3.570297241210937500e+02 8.544320068359375000e+02 3.841325683593750000e+02 5.670604109764099121e-01 2.000000000000000000e+00
7.421186523437500000e+02 5.342599487304687500e+02 7.941470947265625000e+02 5.818859863281250000e+02 5.647639036178588867e-01 2.000000000000000000e+00
2.747604675292968750e+02 3.567617797851562500e+02 3.204996948242187500e+02 3.821980590820312500e+02 4.969193339347839355e-01 2.000000000000000000e+00
7.112706909179687500e+02 1.021847290039062500e+03 7.364539184570312500e+02 1.050000000000000000e+03 4.738207459449768066e-01 0.000000000000000000e+00
6.421594848632812500e+02 3.416737670898437500e+02 6.900278930664062500e+02 3.679603576660156250e+02 4.473131299018859863e-01 2.000000000000000000e+00
6.214350585937500000e+02 3.321319274902343750e+02 6.846740112304687500e+02 3.652413635253906250e+02 4.384075999259948730e-01 2.000000000000000000e+00
9.618345642089843750e+01 9.448491821289062500e+02 2.241450347900390625e+02 1.049359863281250000e+03 4.376778006553649902e-01 2.000000000000000000e+00
7.284049682617187500e+02 4.189914855957031250e+02 7.796985473632812500e+02 4.536179199218750000e+02 3.762325048446655273e-01 2.000000000000000000e+00
7.564129638671875000e+02 5.577963256835937500e+02 8.019894409179687500e+02 6.171760253906250000e+02 3.712043166160583496e-01 2.000000000000000000e+00
7.131290283203125000e+02 5.878740844726562500e+02 7.712811889648437500e+02 6.580564575195312500e+02 3.474129140377044678e-01 7.000000000000000000e+00
7.239248046875000000e+02 7.676194458007812500e+02 7.581519775390625000e+02 8.288209838867187500e+02 3.382352888584136963e-01 3.000000000000000000e+00
1.033291870117187500e+03 9.662802734375000000e+02 1.105518798828125000e+03 1.016711608886718750e+03 3.187093734741210938e-01 3.000000000000000000e+00
9.956637573242187500e+02 8.004971313476562500e+02 1.054647338867187500e+03 8.462741699218750000e+02 3.095668852329254150e-01 3.000000000000000000e+00
7.813285522460937500e+02 4.581186828613281250e+02 8.082689819335937500e+02 4.884184570312500000e+02 3.075406849384307861e-01 0.000000000000000000e+00
7.145153198242187500e+02 5.854723510742187500e+02 7.708378906250000000e+02 6.550850219726562500e+02 3.061990439891815186e-01 2.000000000000000000e+00
5.964996948242187500e+02 3.120946350097656250e+02 6.399619750976562500e+02 3.391704711914062500e+02 2.921105623245239258e-01 2.000000000000000000e+00
6.816314086914062500e+02 6.549555664062500000e+02 7.136735229492187500e+02 7.069216308593750000e+02 2.772457897663116455e-01 0.000000000000000000e+00
7.244625244140625000e+02 7.671682128906250000e+02 7.580277709960937500e+02 8.299212036132812500e+02 2.730928659439086914e-01 0.000000000000000000e+00
4.458696289062500000e+02 2.657330932617187500e+02 4.931617431640625000e+02 2.821629638671875000e+02 2.512534558773040771e-01 2.000000000000000000e+00
