8.506780395507812500e+02 2.277121124267578125e+02 9.464647216796875000e+02 3.105714721679687500e+02 8.007892966270446777e-01 2.000000000000000000e+00
7.819266967773437500e+02 2.627521362304687500e+02 8.739682006835937500e+02 3.490109252929687500e+02 7.795253396034240723e-01 2.000000000000000000e+00
8.800009155273437500e+02 1.311560211181640625e+02 9.923578491210937500e+02 1.994506378173828125e+02 7.691525816917419434e-01 2.000000000000000000e+00
7.331070556640625000e+02 1.982667236328125000e+02 8.062338256835937500e+02 2.734671630859375000e+02 7.081345915794372559e-01 2.000000000000000000e+00
6.362687377929687500e+02 5.398117828369140625e+01 6.980015258789062500e+02 1.107762298583984375e+02 7.029739022254943848e-01 2.000000000000000000e+00
6.829432373046875000e+02 2.218577423095703125e+02 7.597858886718750000e+02 2.949240722656250000e+02 6.448878645896911621e-01 2.000000000000000000e+00
1.108721801757812500e+03 3.550334167480468750e+02 1.342960327148437500e+03 5.368711547851562500e+02 6.177743673324584961e-01 2.000000000000000000e+00
1.930894927978515625e+02 4.636222839355468750e+01 2.537884216308593750e+02 1.225726165771484375e+02 5.967018604278564453e-01 2.000000000000000000e+00
5.071495361328125000e+02 7.097581481933593750e+01 6.337482910156250000e+02 3.027284545898437500e+02 5.871808528900146484e-01 2.000000000000000000e+00
1.432687988281250000e+02 2.446802673339843750e+02 2.240490112304687500e+02 3.554756469726562500e+02 5.659017562866210938e-01 2.000000000000000000e+00
6.407529907226562500e+02 0.000000000000000000e+00 7.349075927734375000e+02 7.698558807373046875e+01 4.351146817207336426e-01 2.000000000000000000e+00
8.400755004882812500e+02 6.715249633789062500e+01 9.346770019531250000e+02 1.175279846191406250e+02 4.115153253078460693e-01 2.000000000000000000e+00
7.795910034179687500e+02 2.447616729736328125e+02 9.368927612304687500e+02 3.326827087402343750e+02 3.681980073451995850e-01 2.000000000000000000e+00
1.114751220703125000e+03 3.524926757812500000e+02 1.256179931640625000e+03 4.398323974609375000e+02 3.328546583652496338e-01 2.000000000000000000e+00
