2.607890963554382324e-01 9.636624755859375000e+02 6.814562988281250000e+01 1.011522338867187500e+03 6.642510890960693359e-01 2.000000000000000000e+00
6.727459716796875000e+02 5.250114746093750000e+02 8.622299804687500000e+02 6.603870849609375000e+02 6.540340185165405273e-01 7.000000000000000000e+00
2.553042907714843750e+02 8.409482421875000000e+02 3.031054077148437500e+02 8.845711059570312500e+02 5.923089385032653809e-01 2.000000000000000000e+00
8.465116882324218750e+01 8.769905395507812500e+02 1.438512573242187500e+02 9.215248413085937500e+02 5.571525692939758301e-01 2.000000000000000000e+00
5.122487792968750000e+02 8.815477905273437500e+02 6.985440673828125000e+02 1.048188354492187500e+03 5.567347407341003418e-01 5.000000000000000000e+00
2.126046905517578125e+02 8.551234130859375000e+02 2.607603759765625000e+02 8.968943481445312500e+02 5.334172248840332031e-01 2.000000000000000000e+00
3.831330871582031250e+01 1.014244262695312500e+03 1.111992874145507812e+02 1.050000000000000000e+03 4.619937539100646973e-01 2.000000000000000000e+00
6.573399658203125000e+02 8.255188598632812500e+02 7.092074584960937500e+02 8.618175659179687500e+02 4.304671585559844971e-01 2.000000000000000000e+00
3.161488037109375000e+02 7.878312988281250000e+02 3.567794189453125000e+02 8.310812988281250000e+02 4.181838631629943848e-01 2.000000000000000000e+00
1.021676635742187500e+02 9.190818481445312500e+02 1.663366851806640625e+02 9.946309814453125000e+02 3.419820368289947510e-01 2.000000000000000000e+00
1.206086654663085938e+02 9.088631591796875000e+02 2.033821258544921875e+02 9.560751953125000000e+02 3.409594297409057617e-01 2.000000000000000000e+00
2.048447418212890625e+02 8.916198120117187500e+02 2.538929290771484375e+02 9.331459960937500000e+02 3.387651741504669189e-01 2.000000000000000000e+00
1.572659759521484375e+02 9.049002075195312500e+02 2.067059326171875000e+02 9.487882690429687500e+02 3.385112285614013672e-01 2.000000000000000000e+00
