1.034223876953125000e+03 2.306698913574218750e+02 1.119891357421875000e+03 3.724488525390625000e+02 7.197471261024475098e-01 5.000000000000000000e+00
9.841822814941406250e+01 1.145106430053710938e+02 1.460281372070312500e+02 1.426556243896484375e+02 6.477649211883544922e-01 2.000000000000000000e+00
2.142007904052734375e+02 1.433910217285156250e+02 2.591906127929687500e+02 1.714305114746093750e+02 6.323469877243041992e-01 2.000000000000000000e+00
9.939086151123046875e+01 1.920528717041015625e+02 1.598989868164062500e+02 2.546974792480468750e+02 6.127938032150268555e-01 2.000000000000000000e+00
2.876829223632812500e+02 1.479640350341796875e+02 3.374057617187500000e+02 1.783723754882812500e+02 5.569729804992675781e-01 2.000000000000000000e+00
9.356905517578125000e+02 1.474109802246093750e+02 9.815643920898437500e+02 1.831668701171875000e+02 5.518077611923217773e-01 2.000000000000000000e+00
1.397174224853515625e+02 1.126144256591796875e+02 2.095166168212890625e+02 1.577891540527343750e+02 5.335170626640319824e-01 2.000000000000000000e+00
1.036005004882812500e+03 2.304481506347656250e+02 1.119101928710937500e+03 3.725400390625000000e+02 5.266827344894409180e-01 7.000000000000000000e+00
1.238638162612915039e+00 1.509651641845703125e+02 5.144372558593750000e+01 2.260767364501953125e+02 2.745737135410308838e-01 2.000000000000000000e+00
1.171916656494140625e+02 3.379749679565429688e+01 1.592518768310546875e+02 5.883586883544921875e+01 2.638334929943084717e-01 2.000000000000000000e+00
8.009004211425781250e+01 0.000000000000000000e+00 1.518568725585937500e+02 5.431701278686523438e+01 2.609114944934844971e-01 2.000000000000000000e+00
1.802641601562500000e+02 1.294357452392578125e+02 2.131211547851562500e+02 1.609024353027343750e+02 2.569537758827209473e-01 2.000000000000000000e+00
