1.598647460937500000e+02 6.167404785156250000e+02 2.662686462402343750e+02 7.006567382812500000e+02 6.959207057952880859e-01 2.000000000000000000e+00
3.315702819824218750e+01 4.915645141601562500e+02 1.333838806152343750e+02 5.520582885742187500e+02 5.596210956573486328e-01 2.000000000000000000e+00
1.271225585937500000e+03 2.326838989257812500e+02 1.343466552734375000e+03 2.790597839355468750e+02 5.210909843444824219e-01 2.000000000000000000e+00
1.229377563476562500e+03 4.826701736450195312e+01 1.293390502929687500e+03 7.602758789062500000e+01 4.449354410171508789e-01 2.000000000000000000e+00
9.480607604980468750e+01 5.681651000976562500e+02 2.001314544677734375e+02 6.386860961914062500e+02 4.270574748516082764e-01 2.000000000000000000e+00
1.230225830078125000e+03 4.780797424316406250e+02 1.304370483398437500e+03 5.436265869140625000e+02 3.879148662090301514e-01 2.000000000000000000e+00
9.017877197265625000e+02 8.961330413818359375e+01 9.339197387695312500e+02 1.191925582885742188e+02 3.361440598964691162e-01 2.000000000000000000e+00
0.000000000000000000e+00 3.890516052246093750e+02 6.483466339111328125e+01 4.604859924316406250e+02 3.186888992786407471e-01 2.000000000000000000e+00
1.309061157226562500e+03 1.235484008789062500e+02 1.345325317382812500e+03 1.665651855468750000e+02 2.799655199050903320e-01 2.000000000000000000e+00
1.160993774414062500e+03 4.380377502441406250e+02 1.252901367187500000e+03 5.159474487304687500e+02 2.653102576732635498e-01 2.000000000000000000e+00
