1.107041625976562500e+03 8.218218994140625000e+02 1.226330566406250000e+03 9.200309448242187500e+02 6.206268668174743652e-01 2.000000000000000000e+00
1.215514160156250000e+03 9.870394287109375000e+02 1.356610107421875000e+03 1.050000000000000000e+03 5.378925800323486328e-01 5.000000000000000000e+00
1.040087646484375000e+03 8.115606689453125000e+02 1.138584350585937500e+03 9.113187866210937500e+02 5.003722310066223145e-01 5.000000000000000000e+00
6.528869018554687500e+02 4.596635437011718750e+02 6.991578979492187500e+02 4.993689270019531250e+02 4.863618612289428711e-01 2.000000000000000000e+00
6.487740478515625000e+02 4.523650512695312500e+02 7.034299316406250000e+02 5.001058044433593750e+02 4.789738357067108154e-01 7.000000000000000000e+00
1.174372558593750000e+03 7.996012573242187500e+02 1.189888183593750000e+03 8.275530395507812500e+02 3.101773262023925781e-01 0.000000000000000000e+00
1.328710693359375000e+03 9.126488037109375000e+02 1.357847167968750000e+03 9.423175659179687500e+02 3.044962584972381592e-01 0.000000000000000000e+00
1.227021484375000000e+03 9.859858398437500000e+02 1.358311645507812500e+03 1.050000000000000000e+03 3.025111556053161621e-01 7.000000000000000000e+00
4.778097229003906250e+02 1.819402008056640625e+02 5.756801757812500000e+02 2.596961059570312500e+02 2.945253252983093262e-01 5.000000000000000000e+00
8.268710937500000000e+02 4.561855468750000000e+02 8.422917480468750000e+02 4.921051940917968750e+02 2.844625413417816162e-01 0.000000000000000000e+00
