2.025703277587890625e+02 2.694357910156250000e+02 2.506745605468750000e+02 3.010690917968750000e+02 7.685533761978149414e-01 2.000000000000000000e+00
1.209779663085937500e+02 2.867080383300781250e+02 1.642686767578125000e+02 3.224145202636718750e+02 6.889397501945495605e-01 2.000000000000000000e+00
6.410075683593750000e+02 1.667606964111328125e+02 6.998933105468750000e+02 2.103580169677734375e+02 5.799928903579711914e-01 2.000000000000000000e+00
2.581596069335937500e+02 2.065432739257812500e+02 2.926964721679687500e+02 2.327717742919921875e+02 5.340254902839660645e-01 2.000000000000000000e+00
1.019728454589843750e+03 1.417305908203125000e+02 1.069046386718750000e+03 1.712504272460937500e+02 5.340162515640258789e-01 2.000000000000000000e+00
7.338598022460937500e+02 4.086287231445312500e+02 8.070964355468750000e+02 4.928070068359375000e+02 5.116485357284545898e-01 2.000000000000000000e+00
2.168898773193359375e+02 2.134526824951171875e+02 2.531308898925781250e+02 2.387355651855468750e+02 5.046907663345336914e-01 2.000000000000000000e+00
7.339772949218750000e+02 4.083760986328125000e+02 8.053753051757812500e+02 4.921666564941406250e+02 4.889374971389770508e-01 9.000000000000000000e+00
9.603096313476562500e+02 1.313851470947265625e+02 1.018119873046875000e+03 1.638922424316406250e+02 4.763797521591186523e-01 2.000000000000000000e+00
1.180765991210937500e+03 4.044768371582031250e+02 1.392535278320312500e+03 5.005255737304687500e+02 4.466880261898040771e-01 2.000000000000000000e+00
5.037725448608398438e+01 2.905628662109375000e+02 9.621191406250000000e+01 3.265210876464843750e+02 4.262915849685668945e-01 2.000000000000000000e+00
2.969307556152343750e+02 2.576495056152343750e+02 3.527622680664062500e+02 3.035736694335937500e+02 4.080359935760498047e-01 2.000000000000000000e+00
5.199534912109375000e+02 1.116514053344726562e+02 5.531501464843750000e+02 1.404030303955078125e+02 3.261128365993499756e-01 2.000000000000000000e+00
1.113740112304687500e+03 1.394313812255859375e+02 1.145205200195312500e+03 1.649956665039062500e+02 3.141213953495025635e-01 2.000000000000000000e+00
4.360006408691406250e+02 4.270538330078125000e+01 4.541496582031250000e+02 5.731098175048828125e+01 3.055176436901092529e-01 9.000000000000000000e+00
3.664178161621093750e+02 3.005011291503906250e+02 4.267544555664062500e+02 3.466706237792968750e+02 2.771379649639129639e-01 2.000000000000000000e+00
