7.613018188476562500e+02 5.956362304687500000e+02 8.650511474609375000e+02 7.235657348632812500e+02 7.684920430183410645e-01 6.700000000000000000e+01
4.892487792968750000e+02 3.770333862304687500e+02 6.211274414062500000e+02 4.955316467285156250e+02 6.362836360931396484e-01 2.000000000000000000e+00
1.210452117919921875e+02 1.640698089599609375e+02 1.956898040771484375e+02 2.455559539794921875e+02 5.875992774963378906e-01 2.000000000000000000e+00
1.244762268066406250e+02 2.506469879150390625e+02 3.006662292480468750e+02 3.663541870117187500e+02 5.483862757682800293e-01 1.300000000000000000e+01
3.278419494628906250e+02 5.167079925537109375e+01 5.258634643554687500e+02 1.818893127441406250e+02 5.111483931541442871e-01 2.000000000000000000e+00
5.318421020507812500e+02 4.951565265655517578e+00 6.314894409179687500e+02 7.448565673828125000e+01 4.717812836170196533e-01 2.000000000000000000e+00
9.012023925781250000e+02 3.674468688964843750e+02 9.864741821289062500e+02 4.529762573242187500e+02 4.094123840332031250e-01 2.000000000000000000e+00
8.263295898437500000e+02 2.817673339843750000e+02 9.152080078125000000e+02 3.678022766113281250e+02 4.054125845432281494e-01 2.000000000000000000e+00
8.603203735351562500e+02 3.103827514648437500e+02 9.758558349609375000e+02 4.088182373046875000e+02 3.467481732368469238e-01 2.000000000000000000e+00
5.334926757812500000e+02 0.000000000000000000e+00 8.534450073242187500e+02 1.549834289550781250e+02 3.327744007110595703e-01 2.000000000000000000e+00
1.050270996093750000e+03 6.777512207031250000e+02 1.218245727539062500e+03 7.876367797851562500e+02 2.751378417015075684e-01 6.700000000000000000e+01
