5.986681518554687500e+02 6.119494018554687500e+02 7.093131713867187500e+02 6.847016601562500000e+02 8.412430286407470703e-01 2.000000000000000000e+00
3.930144653320312500e+02 3.916752319335937500e+02 4.767377319335937500e+02 4.345595092773437500e+02 8.289656043052673340e-01 2.000000000000000000e+00
5.280712280273437500e+02 5.537843627929687500e+02 6.307890625000000000e+02 6.251197509765625000e+02 8.265272378921508789e-01 2.000000000000000000e+00
7.698393554687500000e+02 8.109708251953125000e+02 9.431791381835937500e+02 9.654416503906250000e+02 6.300365924835205078e-01 5.000000000000000000e+00
2.164762115478515625e+02 1.362213592529296875e+02 2.628649597167968750e+02 1.625450897216796875e+02 5.944857597351074219e-01 2.000000000000000000e+00
2.562322387695312500e+02 1.867866210937500000e+02 3.123630371093750000e+02 2.226264190673828125e+02 5.749685168266296387e-01 2.000000000000000000e+00
1.103428833007812500e+03 7.207869262695312500e+02 1.131637451171875000e+03 7.738154907226562500e+02 5.490648746490478516e-01 0.000000000000000000e+00
2.927344360351562500e+02 2.167770843505859375e+02 3.538178100585937500e+02 2.503565368652343750e+02 5.270195007324218750e-01 2.000000000000000000e+00
3.183417053222656250e+02 1.778387451171875000e+02 3.684343566894531250e+02 2.117835235595703125e+02 3.886793553829193115e-01 2.000000000000000000e+00
2.600387573242187500e+02 1.948094940185546875e+02 3.507569274902343750e+02 2.384616699218750000e+02 2.953509390354156494e-01 2.000000000000000000e+00
