1.047786254882812500e+02 4.362342834472656250e+02 2.875073547363281250e+02 6.069091186523437500e+02 8.513410091400146484e-01 2.000000000000000000e+00
2.028193969726562500e+02 6.108540039062500000e+02 3.770408020019531250e+02 7.769480590820312500e+02 8.484333157539367676e-01 2.000000000000000000e+00
4.642718887329101562e+01 6.293917846679687500e+02 2.160206298828125000e+02 8.290603027343750000e+02 8.206814527511596680e-01 6.700000000000000000e+01
5.135362548828125000e+02 8.589197998046875000e+02 7.310300292968750000e+02 1.047008789062500000e+03 7.820889353752136230e-01 2.000000000000000000e+00
1.102073974609375000e+03 3.834313354492187500e+02 1.250917358398437500e+03 5.435302124023437500e+02 7.305029630661010742e-01 2.000000000000000000e+00
9.785601196289062500e+02 8.633044433593750000e+02 1.167598388671875000e+03 1.050000000000000000e+03 7.021710276603698730e-01 2.000000000000000000e+00
7.938103637695312500e+02 2.805813293457031250e+02 9.344007568359375000e+02 4.000899353027343750e+02 6.838765144348144531e-01 2.000000000000000000e+00
1.325482788085937500e+03 3.794768676757812500e+02 1.399781982421875000e+03 5.188563842773437500e+02 5.647901296615600586e-01 2.000000000000000000e+00
6.473178863525390625e+01 4.218122558593750000e+02 1.435108032226562500e+02 4.735462951660156250e+02 5.320519208908081055e-01 2.000000000000000000e+00
5.008291931152343750e+02 3.509717712402343750e+02 5.250249023437500000e+02 4.054739074707031250e+02 5.012372732162475586e-01 0.000000000000000000e+00
1.214033569335937500e+03 2.534064331054687500e+02 1.345247192382812500e+03 4.009545288085937500e+02 4.972906112670898438e-01 2.000000000000000000e+00
4.586893081665039062e+01 6.283250122070312500e+02 2.132319793701171875e+02 8.295012817382812500e+02 4.970009624958038330e-01 2.000000000000000000e+00
1.162589111328125000e+03 6.407893676757812500e+02 1.395089477539062500e+03 8.697215576171875000e+02 4.893616735935211182e-01 2.000000000000000000e+00
3.267630310058593750e+02 4.828764648437500000e+02 4.749194030761718750e+02 6.176890258789062500e+02 4.882372915744781494e-01 2.000000000000000000e+00
3.432713012695312500e+02 3.487132263183593750e+02 4.471218261718750000e+02 4.452214965820312500e+02 4.774315059185028076e-01 2.000000000000000000e+00
1.297528808593750000e+03 5.280159301757812500e+02 1.400000000000000000e+03 6.951769409179687500e+02 4.444656670093536377e-01 2.000000000000000000e+00
9.552502441406250000e+02 4.972632141113281250e+02 1.151780273437500000e+03 6.961313476562500000e+02 4.185089468955993652e-01 2.000000000000000000e+00
7.181636962890625000e+02 8.608787231445312500e+02 9.427509155273437500e+02 1.050000000000000000e+03 4.051393270492553711e-01 2.000000000000000000e+00
3.604105834960937500e+02 6.646501464843750000e+02 5.139712524414062500e+02 8.105372924804687500e+02 3.852944374084472656e-01 2.000000000000000000e+00
1.030468627929687500e+03 6.169812011718750000e+02 1.199624023437500000e+03 7.676046752929687500e+02 3.510817587375640869e-01 2.000000000000000000e+00
1.317264892578125000e+03 1.466011352539062500e+02 1.400000000000000000e+03 2.536871948242187500e+02 3.310446441173553467e-01 2.000000000000000000e+00
4.095102233886718750e+02 3.128546142578125000e+02 4.462627563476562500e+02 3.896954956054687500e+02 3.127734661102294922e-01 0.000000000000000000e+00
4.582109069824218750e+02 3.054741210937500000e+02 4.912118835449218750e+02 3.634465332031250000e+02 2.603918910026550293e-01 0.000000000000000000e+00
