8.076461791992187500e+02 6.434912719726562500e+02 8.680397949218750000e+02 6.865513916015625000e+02 6.019668579101562500e-01 2.000000000000000000e+00
9.540682373046875000e+02 3.911763000488281250e+02 9.882770996093750000e+02 4.221481323242187500e+02 4.290949106216430664e-01 2.000000000000000000e+00
6.916652221679687500e+02 3.139745483398437500e+02 7.754412841796875000e+02 4.003279418945312500e+02 4.089227318763732910e-01 7.000000000000000000e+00
7.638913574218750000e+02 6.055614013671875000e+02 8.308717651367187500e+02 6.430225830078125000e+02 4.022759199142456055e-01 2.000000000000000000e+00
9.711767578125000000e+02 2.505312042236328125e+02 1.041486572265625000e+03 3.012877197265625000e+02 3.775595128536224365e-01 7.000000000000000000e+00
8.318910522460937500e+02 6.772861938476562500e+02 9.198238525390625000e+02 7.350346679687500000e+02 3.154419362545013428e-01 2.000000000000000000e+00
5.566394042968750000e+02 2.001497955322265625e+02 5.996525878906250000e+02 2.404804534912109375e+02 2.993753850460052490e-01 2.000000000000000000e+00
8.147228240966796875e+01 3.721586914062500000e+02 2.463209228515625000e+02 5.144234008789062500e+02 2.871200740337371826e-01 5.000000000000000000e+00
1.217232589721679688e+02 6.683743896484375000e+02 1.816954193115234375e+02 7.163584594726562500e+02 2.788107097148895264e-01 2.000000000000000000e+00
9.706401367187500000e+02 2.531954650878906250e+02 1.039313842773437500e+03 3.017237548828125000e+02 2.733591794967651367e-01 2.000000000000000000e+00
1.041709472656250000e+03 9.120133056640625000e+02 1.170075805664062500e+03 1.034575561523437500e+03 2.708525359630584717e-01 7.000000000000000000e+00
6.225740356445312500e+02 3.741619567871093750e+02 7.215968627929687500e+02 4.741332397460937500e+02 2.701069116592407227e-01 7.000000000000000000e+00
8.281342163085937500e+02 2.938670043945312500e+02 8.726896362304687500e+02 3.261882934570312500e+02 2.644716799259185791e-01 2.000000000000000000e+00
4.446100769042968750e+02 3.381974487304687500e+02 5.923534545898437500e+02 4.902420959472656250e+02 2.644706964492797852e-01 7.000000000000000000e+00
9.201145629882812500e+02 7.802379760742187500e+02 1.012871093750000000e+03 8.351739501953125000e+02 2.596003115177154541e-01 2.000000000000000000e+00
8.210888671875000000e+01 3.731875305175781250e+02 2.475965881347656250e+02 5.267426147460937500e+02 2.559042870998382568e-01 7.000000000000000000e+00
1.048484252929687500e+03 9.116852416992187500e+02 1.169354980468750000e+03 1.037254028320312500e+03 2.547223865985870361e-01 5.000000000000000000e+00
