4.046192321777343750e+02 2.102935943603515625e+02 5.174218750000000000e+02 3.044947814941406250e+02 7.927757501602172852e-01 2.000000000000000000e+00
2.840684814453125000e+02 2.947961425781250000e+02 4.214869689941406250e+02 4.206391906738281250e+02 7.773153781890869141e-01 2.000000000000000000e+00
2.417807006835937500e+02 2.668166503906250000e+02 3.531409301757812500e+02 3.446645507812500000e+02 6.943053007125854492e-01 2.000000000000000000e+00
8.767745361328125000e+02 7.873015747070312500e+02 1.014447631835937500e+03 1.045448486328125000e+03 6.791175603866577148e-01 9.000000000000000000e+00
9.585755615234375000e+02 5.835004882812500000e+02 1.060164672851562500e+03 7.525051269531250000e+02 5.679718255996704102e-01 9.000000000000000000e+00
9.869783325195312500e+02 4.044372253417968750e+02 1.080153808593750000e+03 5.243993530273437500e+02 4.727109074592590332e-01 9.000000000000000000e+00
1.007566223144531250e+03 4.031753540039062500e+01 1.103282592773437500e+03 2.127873382568359375e+02 3.932223916053771973e-01 5.000000000000000000e+00
3.984828796386718750e+02 7.747597503662109375e+01 5.446505737304687500e+02 1.587446136474609375e+02 3.808242380619049072e-01 3.000000000000000000e+00
3.303394165039062500e+02 1.673122100830078125e+02 4.592663269042968750e+02 2.614432678222656250e+02 3.728419542312622070e-01 2.000000000000000000e+00
6.635971679687500000e+02 2.024078369140625000e-01 7.428732299804687500e+02 5.480170440673828125e+01 3.199997544288635254e-01 3.000000000000000000e+00
1.008631896972656250e+03 3.794107055664062500e+01 1.101819458007812500e+03 2.093738708496093750e+02 3.142582774162292480e-01 2.000000000000000000e+00
7.845119018554687500e+02 3.961889648437500000e+02 8.172325439453125000e+02 4.510190734863281250e+02 2.953512370586395264e-01 9.000000000000000000e+00
1.006741455078125000e+03 3.823216629028320312e+01 1.103009887695312500e+03 2.110986938476562500e+02 2.820837795734405518e-01 7.000000000000000000e+00
