6.302424316406250000e+02 4.799666137695312500e+02 7.124450073242187500e+02 5.403976440429687500e+02 7.515879273414611816e-01 2.000000000000000000e+00
5.877013549804687500e+02 1.882277526855468750e+02 6.304428100585937500e+02 2.257045440673828125e+02 6.448054313659667969e-01 2.000000000000000000e+00
6.976243286132812500e+02 8.141704711914062500e+02 8.220206298828125000e+02 8.922802734375000000e+02 5.764529109001159668e-01 2.000000000000000000e+00
5.963637084960937500e+02 5.429267578125000000e+02 6.352078857421875000e+02 6.078972778320312500e+02 5.294360518455505371e-01 2.000000000000000000e+00
6.053619995117187500e+02 2.938527526855468750e+02 6.317852783203125000e+02 3.168710327148437500e+02 4.664109945297241211e-01 2.000000000000000000e+00
5.496736450195312500e+02 3.255635681152343750e+02 5.790973510742187500e+02 3.626931152343750000e+02 4.188081920146942139e-01 2.000000000000000000e+00
4.978306579589843750e+02 4.308143615722656250e+02 5.485166015625000000e+02 5.099605712890625000e+02 4.039483070373535156e-01 2.000000000000000000e+00
5.434603881835937500e+02 1.925339355468750000e+02 5.667268066406250000e+02 2.220501251220703125e+02 3.613018393516540527e-01 2.000000000000000000e+00
6.273165283203125000e+02 1.214716033935546875e+02 7.386436767578125000e+02 2.695941467285156250e+02 3.578041791915893555e-01 7.000000000000000000e+00
5.875319824218750000e+02 6.739708251953125000e+02 6.204667968750000000e+02 7.453167724609375000e+02 3.498547375202178955e-01 2.000000000000000000e+00
6.415789184570312500e+02 2.707068481445312500e+02 7.056140136718750000e+02 3.611889038085937500e+02 3.392305374145507812e-01 5.000000000000000000e+00
5.805403442382812500e+02 1.695961761474609375e+02 5.992930908203125000e+02 1.873524475097656250e+02 2.729849815368652344e-01 2.000000000000000000e+00
6.620048217773437500e+02 6.823834228515625000e+02 6.964652709960937500e+02 7.287343139648437500e+02 2.540255486965179443e-01 2.000000000000000000e+00
