1.158724243164062500e+03 6.523999633789062500e+02 1.297316406250000000e+03 7.146162719726562500e+02 8.411726951599121094e-01 2.000000000000000000e+00
7.143607177734375000e+02 7.880461425781250000e+02 8.503306884765625000e+02 8.562662963867187500e+02 8.021594882011413574e-01 2.000000000000000000e+00
2.978991699218750000e+02 7.164991455078125000e+02 4.229633483886718750e+02 7.748195800781250000e+02 7.951111793518066406e-01 2.000000000000000000e+00
7.781254272460937500e+02 6.500101318359375000e+02 8.969857177734375000e+02 7.078680419921875000e+02 7.591561675071716309e-01 2.000000000000000000e+00
1.362110473632812500e+03 6.178862915039062500e+02 1.489374145507812500e+03 6.710317382812500000e+02 7.408987283706665039e-01 2.000000000000000000e+00
9.037984619140625000e+02 6.337437133789062500e+02 1.026989868164062500e+03 6.905252685546875000e+02 7.290620207786560059e-01 2.000000000000000000e+00
0.000000000000000000e+00 7.647759399414062500e+02 5.937800598144531250e+01 8.205507812500000000e+02 6.470540165901184082e-01 2.000000000000000000e+00
4.453173828125000000e+02 6.939907226562500000e+02 5.795429687500000000e+02 7.526579589843750000e+02 6.442430615425109863e-01 2.000000000000000000e+00
5.997823486328125000e+02 6.740942382812500000e+02 7.212129516601562500e+02 7.288131103515625000e+02 6.258121132850646973e-01 2.000000000000000000e+00
1.021748840332031250e+03 4.767409362792968750e+02 1.131204711914062500e+03 5.396486206054687500e+02 5.383056998252868652e-01 2.000000000000000000e+00
1.223862670898437500e+03 2.683030395507812500e+02 1.422884399414062500e+03 4.192210693359375000e+02 5.094664096832275391e-01 5.000000000000000000e+00
1.643060424804687500e+03 5.315096435546875000e+02 1.754790649414062500e+03 5.907899169921875000e+02 5.008382201194763184e-01 7.000000000000000000e+00
1.601469482421875000e+03 7.394837646484375000e+02 1.738592529296875000e+03 7.944708862304687500e+02 4.757584035396575928e-01 2.000000000000000000e+00
1.422550048828125000e+03 5.728724975585937500e+02 1.536089721679687500e+03 6.180591430664062500e+02 4.745008349418640137e-01 2.000000000000000000e+00
6.913075256347656250e+01 7.560857543945312500e+02 1.992496185302734375e+02 8.101390380859375000e+02 4.368316829204559326e-01 2.000000000000000000e+00
1.051199096679687500e+03 2.750084838867187500e+02 1.250725463867187500e+03 4.524325561523437500e+02 4.176048934459686279e-01 5.000000000000000000e+00
1.598733032226562500e+03 7.401795654296875000e+02 1.738123291015625000e+03 7.954292602539062500e+02 4.109661579132080078e-01 7.000000000000000000e+00
1.032784179687500000e+03 6.117649536132812500e+02 1.168585815429687500e+03 6.765217895507812500e+02 3.983711302280426025e-01 7.000000000000000000e+00
2.157663726806640625e+01 8.547428588867187500e+02 1.629136962890625000e+02 9.164683227539062500e+02 3.689745068550109863e-01 7.000000000000000000e+00
4.474528503417968750e+02 5.814889526367187500e+02 5.683008422851562500e+02 6.396574096679687500e+02 3.529621958732604980e-01 2.000000000000000000e+00
1.032417358398437500e+03 6.114135131835937500e+02 1.170828369140625000e+03 6.791743164062500000e+02 3.497495055198669434e-01 2.000000000000000000e+00
1.645130615234375000e+03 5.316736450195312500e+02 1.754226440429687500e+03 5.894689331054687500e+02 3.362257480621337891e-01 2.000000000000000000e+00
1.864740478515625000e+03 5.964899539947509766e+00 1.914711425781250000e+03 4.750791931152343750e+01 2.618970870971679688e-01 2.000000000000000000e+00
