3.207206726074218750e+02 8.474879760742187500e+02 4.270389709472656250e+02 9.243919677734375000e+02 7.525770664215087891e-01 2.000000000000000000e+00
1.034230346679687500e+03 4.965418701171875000e+02 1.099869873046875000e+03 5.420030517578125000e+02 7.017226815223693848e-01 2.000000000000000000e+00
4.663609008789062500e+02 8.620086669921875000e+02 5.588416137695312500e+02 9.368020019531250000e+02 6.287516951560974121e-01 2.000000000000000000e+00
1.997387847900390625e+02 1.030058349609375000e+03 3.099302673339843750e+02 1.077640747070312500e+03 6.069756150245666504e-01 2.000000000000000000e+00
2.408872222900390625e+02 4.904558715820312500e+02 2.880910949707031250e+02 5.297402343750000000e+02 6.010826826095581055e-01 2.000000000000000000e+00
1.931946716308593750e+02 4.396993713378906250e+02 2.428863830566406250e+02 4.832795715332031250e+02 5.091375708580017090e-01 2.000000000000000000e+00
3.425881652832031250e+02 6.045734863281250000e+02 4.046311645507812500e+02 6.534070434570312500e+02 5.089489221572875977e-01 2.000000000000000000e+00
1.450348266601562500e+03 9.384218750000000000e+02 1.525528564453125000e+03 1.021779785156250000e+03 4.975213408470153809e-01 2.000000000000000000e+00
5.390996551513671875e+01 9.962642211914062500e+02 1.815030212402343750e+02 1.071555664062500000e+03 4.883854091167449951e-01 2.000000000000000000e+00
1.345253753662109375e+02 3.803136596679687500e+02 1.831637268066406250e+02 4.202841491699218750e+02 4.778427183628082275e-01 2.000000000000000000e+00
5.294641113281250000e+02 2.232350463867187500e+02 5.672691650390625000e+02 2.574410705566406250e+02 4.642647504806518555e-01 2.000000000000000000e+00
1.263244384765625000e+03 2.706161499023437500e+02 1.393114746093750000e+03 3.302519531250000000e+02 4.347619414329528809e-01 5.000000000000000000e+00
9.134345092773437500e+02 4.523117065429687500e+02 9.710137939453125000e+02 4.888131103515625000e+02 4.136847853660583496e-01 2.000000000000000000e+00
7.161764526367187500e+02 2.547014312744140625e+02 7.507706909179687500e+02 2.826034851074218750e+02 3.591515719890594482e-01 2.000000000000000000e+00
4.274846191406250000e+02 2.681763610839843750e+02 4.656857299804687500e+02 3.036238708496093750e+02 3.555806279182434082e-01 2.000000000000000000e+00
8.944902343750000000e+02 5.080917739868164062e+01 9.368215332031250000e+02 8.167037200927734375e+01 3.388091027736663818e-01 2.000000000000000000e+00
7.686248779296875000e+02 1.011377048492431641e+01 8.325563354492187500e+02 4.287161254882812500e+01 3.369282484054565430e-01 2.000000000000000000e+00
4.007691955566406250e+02 1.101216812133789062e+02 4.536853332519531250e+02 1.429679565429687500e+02 3.117270469665527344e-01 2.000000000000000000e+00
4.485782775878906250e+02 7.277840576171875000e+02 5.231565551757812500e+02 7.963190307617187500e+02 2.988733649253845215e-01 2.000000000000000000e+00
1.264859390258789062e+02 9.713855590820312500e+02 2.000099792480468750e+02 1.023264160156250000e+03 2.898292243480682373e-01 2.000000000000000000e+00
1.451895141601562500e+03 3.443150634765625000e+02 1.536139282226562500e+03 3.889515991210937500e+02 2.849372327327728271e-01 2.000000000000000000e+00
1.000689468383789062e+02 9.385099487304687500e+02 1.579409027099609375e+02 9.864387817382812500e+02 2.827281951904296875e-01 2.000000000000000000e+00
9.536291503906250000e+02 5.750307083129882812e+01 9.999275512695312500e+02 8.567856597900390625e+01 2.814629077911376953e-01 2.000000000000000000e+00
3.051367797851562500e+02 1.913948516845703125e+02 3.392880249023437500e+02 2.255130310058593750e+02 2.750463783740997314e-01 2.000000000000000000e+00
2.102255554199218750e+02 4.811278076171875000e+02 2.805081176757812500e+02 5.307489624023437500e+02 2.698104083538055420e-01 2.000000000000000000e+00
4.975279846191406250e+02 1.939248962402343750e+02 5.351908569335937500e+02 2.345591430664062500e+02 2.674136459827423096e-01 2.000000000000000000e+00
8.459660644531250000e+02 3.332990646362304688e+01 8.882686767578125000e+02 6.220737457275390625e+01 2.601401805877685547e-01 2.000000000000000000e+00
