9.796290283203125000e+02 5.167511596679687500e+02 1.010642150878906250e+03 5.413088989257812500e+02 6.014372110366821289e-01 2.000000000000000000e+00
4.209684448242187500e+02 5.158386840820312500e+02 4.511772155761718750e+02 5.378225097656250000e+02 5.993720293045043945e-01 2.000000000000000000e+00
7.438484497070312500e+02 6.008054199218750000e+02 7.777110595703125000e+02 6.240461425781250000e+02 5.915476083755493164e-01 2.000000000000000000e+00
9.230694580078125000e+02 6.525240478515625000e+02 9.588471679687500000e+02 6.740803833007812500e+02 5.363005995750427246e-01 2.000000000000000000e+00
5.552390136718750000e+02 4.027506103515625000e+02 5.791681518554687500e+02 4.170616760253906250e+02 4.705222547054290771e-01 2.000000000000000000e+00
9.102671508789062500e+02 5.216320190429687500e+02 9.403159179687500000e+02 5.464163208007812500e+02 4.485544562339782715e-01 2.000000000000000000e+00
8.886122436523437500e+02 4.806926879882812500e+02 9.180388183593750000e+02 5.050107116699218750e+02 3.567726910114288330e-01 2.000000000000000000e+00
6.171254272460937500e+02 5.875117797851562500e+02 6.492067871093750000e+02 6.098122558593750000e+02 3.520696759223937988e-01 2.000000000000000000e+00
1.062125732421875000e+03 5.514391479492187500e+02 1.094662719726562500e+03 5.789859619140625000e+02 3.476167023181915283e-01 2.000000000000000000e+00
1.019586425781250000e+03 6.760511474609375000e+02 1.056817382812500000e+03 7.036406860351562500e+02 3.462806940078735352e-01 2.000000000000000000e+00
1.355949340820312500e+03 3.866289978027343750e+02 1.395371826171875000e+03 4.486141967773437500e+02 3.129957616329193115e-01 9.000000000000000000e+00
