1.281620239257812500e+03 5.015830383300781250e+02 1.354004760742187500e+03 5.598063354492187500e+02 4.840903580188751221e-01 2.000000000000000000e+00
9.228110351562500000e+02 8.129773559570312500e+02 1.021628173828125000e+03 9.259724121093750000e+02 4.386777579784393311e-01 7.000000000000000000e+00
1.854006347656250000e+03 7.811075439453125000e+02 1.916000000000000000e+03 8.713712158203125000e+02 3.905715644359588623e-01 2.000000000000000000e+00
6.786373291015625000e+02 6.138308105468750000e+02 7.593478393554687500e+02 7.102278442382812500e+02 3.871616423130035400e-01 7.000000000000000000e+00
9.616356811523437500e+02 6.276580810546875000e+02 1.045094604492187500e+03 7.068783569335937500e+02 3.656280636787414551e-01 7.000000000000000000e+00
9.223660888671875000e+02 8.136276855468750000e+02 1.019605590820312500e+03 9.214479980468750000e+02 3.366210758686065674e-01 2.000000000000000000e+00
6.764194335937500000e+02 6.141716918945312500e+02 7.622363281250000000e+02 7.094357299804687500e+02 3.351041674613952637e-01 2.000000000000000000e+00
1.389763061523437500e+03 6.746038208007812500e+02 1.915240356445312500e+03 1.071435424804687500e+03 2.841323614120483398e-01 6.000000000000000000e+00
1.386075683593750000e+03 6.762095336914062500e+02 1.916000000000000000e+03 1.070017944335937500e+03 2.814747989177703857e-01 5.000000000000000000e+00
1.745951049804687500e+03 2.311520690917968750e+02 1.803473632812500000e+03 2.716668090820312500e+02 2.593040764331817627e-01 2.000000000000000000e+00
