1.064628051757812500e+03 7.212728271484375000e+02 1.154830932617187500e+03 8.262795410156250000e+02 7.749848365783691406e-01 2.000000000000000000e+00
1.011703308105468750e+03 7.575160522460937500e+02 1.101434448242187500e+03 8.608317871093750000e+02 7.274364829063415527e-01 2.000000000000000000e+00
9.564162597656250000e+02 6.371633300781250000e+02 1.036449707031250000e+03 7.339165039062500000e+02 6.777384281158447266e-01 2.000000000000000000e+00
9.983648071289062500e+02 6.111329956054687500e+02 1.068169677734375000e+03 6.949194335937500000e+02 6.136400103569030762e-01 2.000000000000000000e+00
8.975549316406250000e+02 5.336561889648437500e+02 9.577619018554687500e+02 6.042042236328125000e+02 6.036645174026489258e-01 2.000000000000000000e+00
1.082328735351562500e+03 3.400370483398437500e+02 1.132650390625000000e+03 3.700862731933593750e+02 5.434409976005554199e-01 2.000000000000000000e+00
1.055739135742187500e+03 3.298221740722656250e+02 1.097964843750000000e+03 3.558268432617187500e+02 4.361801147460937500e-01 2.000000000000000000e+00
1.293412109375000000e+03 3.026642456054687500e+02 1.343834350585937500e+03 3.289494934082031250e+02 3.456993997097015381e-01 2.000000000000000000e+00
8.554960327148437500e+02 4.624789428710937500e+02 9.071419067382812500e+02 5.100376281738281250e+02 2.712679803371429443e-01 2.000000000000000000e+00
9.379352416992187500e+02 4.792831726074218750e+02 1.007701721191406250e+03 5.779052124023437500e+02 2.553165853023529053e-01 2.000000000000000000e+00
8.843211059570312500e+02 4.317738647460937500e+02 9.389410400390625000e+02 4.874300231933593750e+02 2.543840110301971436e-01 2.000000000000000000e+00
1.371886108398437500e+03 9.024865112304687500e+02 1.400000000000000000e+03 9.715153808593750000e+02 2.524720430374145508e-01 2.000000000000000000e+00
