7.402399291992187500e+02 6.436372680664062500e+02 8.222147827148437500e+02 7.047979736328125000e+02 6.625264286994934082e-01 2.000000000000000000e+00
1.115953491210937500e+03 3.732024536132812500e+02 1.185208862304687500e+03 4.370915832519531250e+02 6.579781770706176758e-01 2.000000000000000000e+00
1.136360351562500000e+03 5.417449340820312500e+02 1.215845214843750000e+03 6.075887451171875000e+02 6.081504225730895996e-01 2.000000000000000000e+00
1.367147460937500000e+03 2.636459159851074219e+01 1.400000000000000000e+03 7.783771514892578125e+01 5.824587345123291016e-01 2.000000000000000000e+00
1.348110595703125000e+03 1.298179473876953125e+02 1.400000000000000000e+03 1.967139434814453125e+02 5.558114051818847656e-01 2.000000000000000000e+00
4.675305480957031250e+02 6.604423217773437500e+02 5.552423706054687500e+02 7.261621704101562500e+02 5.195121169090270996e-01 2.000000000000000000e+00
8.914937744140625000e+02 4.678212890625000000e+02 9.732709350585937500e+02 5.296782836914062500e+02 4.433335661888122559e-01 2.000000000000000000e+00
4.252475280761718750e+02 5.346073608398437500e+02 5.425803833007812500e+02 6.050455322265625000e+02 4.098047316074371338e-01 2.000000000000000000e+00
1.010513183593750000e+03 4.733713684082031250e+02 1.190356933593750000e+03 6.387407226562500000e+02 3.939219117164611816e-01 5.000000000000000000e+00
1.008773071289062500e+03 4.753228149414062500e+02 1.197239135742187500e+03 6.334443359375000000e+02 3.647472560405731201e-01 2.000000000000000000e+00
1.102693359375000000e+03 1.277186050415039062e+02 1.133675170898437500e+03 1.583538970947265625e+02 3.222384452819824219e-01 2.000000000000000000e+00
