8.578068847656250000e+02 5.653444213867187500e+02 1.015927734375000000e+03 6.415293579101562500e+02 9.028460383415222168e-01 2.000000000000000000e+00
1.173432006835937500e+03 5.864587402343750000e+02 1.335081909179687500e+03 6.547987670898437500e+02 9.004254341125488281e-01 2.000000000000000000e+00
3.060652770996093750e+02 5.787888183593750000e+02 4.796201171875000000e+02 6.493405151367187500e+02 8.969221711158752441e-01 2.000000000000000000e+00
4.381145629882812500e+02 3.817392272949218750e+02 4.885851440429687500e+02 4.376950073242187500e+02 8.529053926467895508e-01 2.000000000000000000e+00
1.563349366188049316e+00 4.476413574218750000e+02 1.309662322998046875e+02 5.005099182128906250e+02 7.925314307212829590e-01 2.000000000000000000e+00
8.319599609375000000e+02 6.831145019531250000e+02 8.600612792968750000e+02 7.509385986328125000e+02 7.879393100738525391e-01 0.000000000000000000e+00
6.561947631835937500e+02 4.909131164550781250e+02 7.639425048828125000e+02 5.540601806640625000e+02 7.819418907165527344e-01 2.000000000000000000e+00
9.147164306640625000e+02 4.624345703125000000e+02 1.015600891113281250e+03 5.019234008789062500e+02 7.603384256362915039e-01 2.000000000000000000e+00
8.049660034179687500e+02 4.387415771484375000e+02 9.032439575195312500e+02 4.883891906738281250e+02 7.058670520782470703e-01 2.000000000000000000e+00
5.715612792968750000e+02 4.362738647460937500e+02 6.221777954101562500e+02 5.022904052734375000e+02 7.023446559906005859e-01 2.000000000000000000e+00
7.500200805664062500e+02 4.108669738769531250e+02 8.540996704101562500e+02 4.609215393066406250e+02 6.428182721138000488e-01 2.000000000000000000e+00
6.333748168945312500e+02 2.619440002441406250e+02 6.769360351562500000e+02 3.035914916992187500e+02 6.373200416564941406e-01 2.000000000000000000e+00
1.267645507812500000e+03 6.769439697265625000e+02 1.340474487304687500e+03 7.267603759765625000e+02 5.859934091567993164e-01 3.000000000000000000e+00
3.539959106445312500e+02 3.059912414550781250e+02 4.435873413085937500e+02 3.518787536621093750e+02 5.807928442955017090e-01 2.000000000000000000e+00
1.778535003662109375e+02 4.345487976074218750e+02 2.993458251953125000e+02 5.028247375488281250e+02 5.796940326690673828e-01 2.000000000000000000e+00
4.487437438964843750e+01 7.339952392578125000e+02 1.413746185302734375e+02 7.967666015625000000e+02 5.667846202850341797e-01 3.000000000000000000e+00
3.797188415527343750e+02 4.667463378906250000e+02 3.963206176757812500e+02 5.165311279296875000e+02 5.541557073593139648e-01 0.000000000000000000e+00
6.939985351562500000e+02 3.633254699707031250e+02 7.818830566406250000e+02 4.187921447753906250e+02 5.300772190093994141e-01 2.000000000000000000e+00
2.916379394531250000e+02 4.144485473632812500e+02 3.917807006835937500e+02 4.711830749511718750e+02 5.241791605949401855e-01 2.000000000000000000e+00
1.256088852882385254e+00 4.709501953125000000e+02 6.643195343017578125e+01 5.143197631835937500e+02 4.962666928768157959e-01 2.000000000000000000e+00
4.828382568359375000e+02 4.908159484863281250e+02 5.208029785156250000e+02 5.335574951171875000e+02 4.881916642189025879e-01 3.000000000000000000e+00
7.108205566406250000e+02 3.135358886718750000e+02 7.893068237304687500e+02 3.566978149414062500e+02 4.801478981971740723e-01 2.000000000000000000e+00
6.607445678710937500e+02 5.370254516601562500e+02 7.156733398437500000e+02 5.862833251953125000e+02 4.723949730396270752e-01 3.000000000000000000e+00
5.647241821289062500e+02 2.429688873291015625e+02 6.135646972656250000e+02 2.692218933105468750e+02 4.710987210273742676e-01 2.000000000000000000e+00
3.005042419433593750e+02 5.454689331054687500e+02 3.589954833984375000e+02 5.907404785156250000e+02 4.710160791873931885e-01 3.000000000000000000e+00
7.583626098632812500e+02 4.589437561035156250e+02 7.742327880859375000e+02 5.004913024902343750e+02 4.318142533302307129e-01 0.000000000000000000e+00
1.275203125000000000e+03 6.666436157226562500e+02 1.337597656250000000e+03 7.243792724609375000e+02 4.168917834758758545e-01 0.000000000000000000e+00
4.312965698242187500e+02 4.605880432128906250e+02 4.759699707031250000e+02 5.019266357421875000e+02 4.145033061504364014e-01 3.000000000000000000e+00
4.823970336914062500e+02 4.890472106933593750e+02 5.198659667968750000e+02 5.337249145507812500e+02 3.868496417999267578e-01 0.000000000000000000e+00
6.578160400390625000e+02 5.330177001953125000e+02 7.192417602539062500e+02 5.869100341796875000e+02 3.172517716884613037e-01 2.000000000000000000e+00
1.251707519531250000e+03 5.374721069335937500e+02 1.294144042968750000e+03 5.687752685546875000e+02 2.882340252399444580e-01 3.000000000000000000e+00
7.629022216796875000e+02 4.219089050292968750e+02 8.989998779296875000e+02 4.744778747558593750e+02 2.879121005535125732e-01 2.000000000000000000e+00
3.201174011230468750e+02 4.599959716796875000e+02 3.672878417968750000e+02 5.083684387207031250e+02 2.818188071250915527e-01 0.000000000000000000e+00
2.838295288085937500e+02 3.396553649902343750e+02 4.186770629882812500e+02 4.366976318359375000e+02 2.800453603267669678e-01 7.000000000000000000e+00
1.383808959960937500e+03 6.319355468750000000e+02 1.399436035156250000e+03 6.801420288085937500e+02 2.682706713676452637e-01 3.000000000000000000e+00
1.096446289062500000e+03 4.691482238769531250e+02 1.112848999023437500e+03 5.050505065917968750e+02 2.663905024528503418e-01 0.000000000000000000e+00
3.039689636230468750e+02 5.430681762695312500e+02 3.475963439941406250e+02 5.875253295898437500e+02 2.618962228298187256e-01 0.000000000000000000e+00
1.249465454101562500e+03 5.347351684570312500e+02 1.294843261718750000e+03 5.681268920898437500e+02 2.578129172325134277e-01 2.000000000000000000e+00
