4.527248840332031250e+02 5.127896881103515625e+01 5.785675659179687500e+02 1.651254730224609375e+02 7.116933465003967285e-01 5.000000000000000000e+00
3.881686019897460938e+01 3.039165306091308594e+01 9.163366699218750000e+01 6.857154846191406250e+01 6.822004914283752441e-01 2.000000000000000000e+00
4.037798461914062500e+02 0.000000000000000000e+00 4.508132934570312500e+02 3.576794052124023438e+01 6.701202988624572754e-01 2.000000000000000000e+00
3.292479553222656250e+02 5.253485488891601562e+01 3.846655883789062500e+02 9.209838104248046875e+01 6.317518353462219238e-01 2.000000000000000000e+00
2.391228332519531250e+02 4.422696304321289062e+01 2.950638732910156250e+02 8.336499023437500000e+01 6.118315458297729492e-01 2.000000000000000000e+00
2.045908203125000000e+02 1.573704376220703125e+02 2.576675415039062500e+02 2.015464782714843750e+02 5.698020458221435547e-01 2.000000000000000000e+00
2.389191894531250000e+02 0.000000000000000000e+00 2.863047790527343750e+02 2.950065994262695312e+01 5.334810018539428711e-01 2.000000000000000000e+00
1.718157806396484375e+02 9.095781707763671875e+01 2.173241271972656250e+02 1.269362716674804688e+02 4.985068738460540771e-01 2.000000000000000000e+00
4.698465270996093750e+02 1.445807342529296875e+02 5.270294799804687500e+02 1.994033508300781250e+02 4.837641716003417969e-01 2.000000000000000000e+00
3.407152404785156250e+02 2.225025024414062500e+02 3.952630310058593750e+02 2.656396179199218750e+02 4.486698806285858154e-01 2.000000000000000000e+00
3.380513305664062500e+02 3.277319335937500000e+02 3.915319213867187500e+02 3.754371032714843750e+02 3.912775814533233643e-01 2.000000000000000000e+00
1.679840393066406250e+02 0.000000000000000000e+00 2.021433563232421875e+02 2.309682083129882812e+01 3.268354535102844238e-01 2.000000000000000000e+00
2.056786651611328125e+02 1.603778991699218750e+02 2.568435363769531250e+02 2.017372894287109375e+02 3.100455403327941895e-01 9.000000000000000000e+00
5.166459960937500000e+02 2.379409484863281250e+02 5.706727294921875000e+02 2.807572021484375000e+02 2.627599537372589111e-01 2.000000000000000000e+00
