1.250422119140625000e+03 6.550036621093750000e+02 1.323037597656250000e+03 7.214658813476562500e+02 7.177039384841918945e-01 2.000000000000000000e+00
7.045516357421875000e+02 4.732269287109375000e+02 7.569326782226562500e+02 5.180778808593750000e+02 6.619847416877746582e-01 2.000000000000000000e+00
7.116088867187500000e+02 8.576306762695312500e+02 8.259072265625000000e+02 9.486282348632812500e+02 6.043559908866882324e-01 2.000000000000000000e+00
2.904330444335937500e+02 3.868754882812500000e+02 3.592843017578125000e+02 4.159615783691406250e+02 5.637372136116027832e-01 2.000000000000000000e+00
7.334024047851562500e+02 4.476551818847656250e+02 7.833438720703125000e+02 4.856158447265625000e+02 5.602657198905944824e-01 2.000000000000000000e+00
0.000000000000000000e+00 5.883698120117187500e+02 4.476027679443359375e+01 6.227946166992187500e+02 5.517110824584960938e-01 2.000000000000000000e+00
6.226884765625000000e+02 3.996692810058593750e+02 6.559964599609375000e+02 4.291526184082031250e+02 5.000314116477966309e-01 2.000000000000000000e+00
3.295311279296875000e+02 3.539675598144531250e+02 3.974406433105468750e+02 3.848432312011718750e+02 4.994748532772064209e-01 2.000000000000000000e+00
3.220979309082031250e+02 3.238724365234375000e+02 3.815159606933593750e+02 3.641144714355468750e+02 4.981459975242614746e-01 2.000000000000000000e+00
6.573164672851562500e+02 4.269606323242187500e+02 6.981458129882812500e+02 4.607361145019531250e+02 4.779356718063354492e-01 2.000000000000000000e+00
6.903273925781250000e+02 4.113013000488281250e+02 7.332736816406250000e+02 4.436712646484375000e+02 4.661848545074462891e-01 2.000000000000000000e+00
6.489797363281250000e+02 3.811154174804687500e+02 6.880011596679687500e+02 4.123184204101562500e+02 4.580873250961303711e-01 2.000000000000000000e+00
1.318441528320312500e+03 5.149984130859375000e+02 1.392348999023437500e+03 5.576583251953125000e+02 3.996206521987915039e-01 2.000000000000000000e+00
7.025122070312500000e+02 5.767608642578125000e+02 7.198489379882812500e+02 6.086652221679687500e+02 3.989183306694030762e-01 0.000000000000000000e+00
4.641648254394531250e+02 9.409467773437500000e+02 6.050369873046875000e+02 1.043844604492187500e+03 3.807348608970642090e-01 2.000000000000000000e+00
6.760956420898437500e+02 4.410074462890625000e+02 7.066601562500000000e+02 4.691076965332031250e+02 3.510307967662811279e-01 2.000000000000000000e+00
5.794879760742187500e+02 5.835942993164062500e+02 5.949203491210937500e+02 6.170786743164062500e+02 3.416424095630645752e-01 9.000000000000000000e+00
7.092385864257812500e+02 8.589332275390625000e+02 8.235498657226562500e+02 9.493684082031250000e+02 3.120154142379760742e-01 7.000000000000000000e+00
1.113330078125000000e+03 6.664642333984375000e+02 1.132450317382812500e+03 7.013684082031250000e+02 3.030590116977691650e-01 0.000000000000000000e+00
1.089465087890625000e+03 4.642355346679687500e+02 1.113067504882812500e+03 5.055086364746093750e+02 2.890346944332122803e-01 0.000000000000000000e+00
3.044616699218750000e+02 3.037552490234375000e+02 3.546771850585937500e+02 3.389557189941406250e+02 2.882007956504821777e-01 2.000000000000000000e+00
2.839629211425781250e+02 2.531429443359375000e+02 3.180827026367187500e+02 2.814545288085937500e+02 2.826629281044006348e-01 2.000000000000000000e+00
6.706145019531250000e+02 5.232581176757812500e+02 6.837545776367187500e+02 5.472219238281250000e+02 2.744820117950439453e-01 0.000000000000000000e+00
1.161346679687500000e+03 6.075473632812500000e+02 1.178754394531250000e+03 6.370887451171875000e+02 2.582666575908660889e-01 0.000000000000000000e+00
6.234603271484375000e+02 3.629221496582031250e+02 6.559304809570312500e+02 3.929649658203125000e+02 2.523930370807647705e-01 2.000000000000000000e+00
