8.148912353515625000e+02 7.831143798828125000e+02 9.872931518554687500e+02 8.875371704101562500e+02 9.129419326782226562e-01 2.000000000000000000e+00
7.571270751953125000e+02 3.640178833007812500e+02 8.032609863281250000e+02 4.128468933105468750e+02 7.004921436309814453e-01 2.000000000000000000e+00
1.217229980468750000e+03 7.125328979492187500e+02 1.385378784179687500e+03 7.828823242187500000e+02 6.737043857574462891e-01 4.000000000000000000e+00
6.765850219726562500e+02 3.788034362792968750e+02 7.159020996093750000e+02 4.343371276855468750e+02 6.293107867240905762e-01 2.000000000000000000e+00
5.229891357421875000e+02 6.216027221679687500e+02 7.052236328125000000e+02 8.178510131835937500e+02 5.705522298812866211e-01 7.000000000000000000e+00
8.138692016601562500e+02 5.013676147460937500e+02 8.858955688476562500e+02 5.897716674804687500e+02 5.195898413658142090e-01 2.000000000000000000e+00
5.750121459960937500e+02 3.115929565429687500e+02 6.420742797851562500e+02 3.467738647460937500e+02 5.036718845367431641e-01 2.000000000000000000e+00
7.033228759765625000e+02 2.197314147949218750e+02 7.607969970703125000e+02 2.755211791992187500e+02 4.673617780208587646e-01 2.000000000000000000e+00
1.167250976562500000e+03 8.035560913085937500e+02 1.192713256835937500e+03 8.430657958984375000e+02 4.538657069206237793e-01 0.000000000000000000e+00
5.597628784179687500e+02 1.362636566162109375e+02 6.106614379882812500e+02 1.743283081054687500e+02 4.425536096096038818e-01 2.000000000000000000e+00
5.748168334960937500e+02 4.619846496582031250e+02 6.698072509765625000e+02 5.113141479492187500e+02 3.792778551578521729e-01 2.000000000000000000e+00
7.048977050781250000e+02 7.213497314453125000e+02 7.268581542968750000e+02 7.587085571289062500e+02 3.516959547996520996e-01 0.000000000000000000e+00
5.568933105468750000e+02 2.054889831542968750e+02 6.452531738281250000e+02 2.939830932617187500e+02 3.515599071979522705e-01 7.000000000000000000e+00
7.022563476562500000e+02 2.070825805664062500e+02 7.471604003906250000e+02 2.399334564208984375e+02 3.343292474746704102e-01 2.000000000000000000e+00
8.414138183593750000e+02 5.941975097656250000e+02 9.067995605468750000e+02 6.417990112304687500e+02 3.253929615020751953e-01 2.000000000000000000e+00
5.613593139648437500e+02 6.040143585205078125e+01 6.171095581054687500e+02 1.030369873046875000e+02 2.955075800418853760e-01 7.000000000000000000e+00
1.065479492187500000e+03 6.761185913085937500e+02 1.086794921875000000e+03 7.159421997070312500e+02 2.614547610282897949e-01 0.000000000000000000e+00
