4.333149108886718750e+02 5.963963012695312500e+02 5.171577148437500000e+02 6.335003662109375000e+02 7.841179370880126953e-01 2.000000000000000000e+00
1.019575256347656250e+03 7.286749267578125000e+02 1.110980590820312500e+03 7.705687255859375000e+02 7.302703261375427246e-01 2.000000000000000000e+00
2.503401336669921875e+02 6.545512695312500000e+02 3.284117431640625000e+02 7.012359619140625000e+02 6.302314400672912598e-01 2.000000000000000000e+00
2.221780090332031250e+02 5.838994750976562500e+02 2.904803771972656250e+02 6.162595214843750000e+02 5.941828489303588867e-01 2.000000000000000000e+00
3.288780517578125000e+02 6.269538574218750000e+02 4.040064697265625000e+02 6.652156372070312500e+02 5.807284712791442871e-01 2.000000000000000000e+00
2.178472442626953125e+02 6.242383422851562500e+02 2.770188903808593750e+02 6.587534179687500000e+02 4.186479151248931885e-01 2.000000000000000000e+00
8.789176635742187500e+02 5.639027709960937500e+02 9.292027587890625000e+02 6.078239135742187500e+02 3.987925350666046143e-01 2.000000000000000000e+00
8.532176513671875000e+02 9.680213012695312500e+02 9.166626586914062500e+02 1.050000000000000000e+03 3.973494470119476318e-01 6.700000000000000000e+01
7.920345458984375000e+02 4.488373413085937500e+02 8.372344970703125000e+02 4.934693298339843750e+02 3.601355850696563721e-01 2.000000000000000000e+00
1.286125732421875000e+03 6.320667114257812500e+02 1.310466186523437500e+03 6.500364379882812500e+02 3.498179912567138672e-01 2.000000000000000000e+00
4.721724548339843750e+02 8.101290283203125000e+02 5.361820068359375000e+02 9.017255249023437500e+02 3.186972141265869141e-01 2.000000000000000000e+00
7.358201293945312500e+02 4.411471557617187500e+02 7.699611816406250000e+02 4.806180114746093750e+02 2.991032302379608154e-01 2.000000000000000000e+00
6.455966186523437500e+02 1.734621124267578125e+02 7.278643188476562500e+02 2.396474761962890625e+02 2.975539267063140869e-01 7.000000000000000000e+00
1.311056152343750000e+03 7.032321166992187500e+02 1.399482788085937500e+03 7.517783203125000000e+02 2.960433363914489746e-01 7.000000000000000000e+00
6.026452026367187500e+02 4.912574157714843750e+02 6.155733032226562500e+02 5.244375610351562500e+02 2.776826620101928711e-01 0.000000000000000000e+00
5.445987548828125000e+02 5.273914184570312500e+02 5.589688720703125000e+02 5.519461669921875000e+02 2.521818578243255615e-01 0.000000000000000000e+00
