7.100484008789062500e+02 1.131670455932617188e+02 7.581152343750000000e+02 1.759312133789062500e+02 7.371302247047424316e-01 2.000000000000000000e+00
1.175169799804687500e+03 5.826397323608398438e+01 1.233453857421875000e+03 1.066101379394531250e+02 7.076136469841003418e-01 2.000000000000000000e+00
5.156667480468750000e+02 1.914063262939453125e+02 5.786755371093750000e+02 2.575030212402343750e+02 7.024583220481872559e-01 2.000000000000000000e+00
7.967454833984375000e+02 1.089894771575927734e-01 8.339967651367187500e+02 4.081851577758789062e+01 6.982395648956298828e-01 2.000000000000000000e+00
9.542625122070312500e+02 3.172124023437500000e+02 1.040221313476562500e+03 4.435165710449218750e+02 6.259775161743164062e-01 2.000000000000000000e+00
1.078775024414062500e+03 3.305758972167968750e+02 1.183476806640625000e+03 4.827066040039062500e+02 6.161547303199768066e-01 7.000000000000000000e+00
7.909075927734375000e+02 3.110785522460937500e+02 8.586063842773437500e+02 4.338754882812500000e+02 6.135558485984802246e-01 7.000000000000000000e+00
8.978406372070312500e+02 1.042175889015197754e+00 9.455003662109375000e+02 6.326148605346679688e+01 5.125818252563476562e-01 2.000000000000000000e+00
5.859652099609375000e+02 2.900884151458740234e+00 6.321578369140625000e+02 5.934400558471679688e+01 4.358600080013275146e-01 2.000000000000000000e+00
4.370485534667968750e+02 4.923548583984375000e+02 4.716833801269531250e+02 5.632355957031250000e+02 3.177389800548553467e-01 0.000000000000000000e+00
4.362800292968750000e+02 4.937435607910156250e+02 4.687466125488281250e+02 5.666423950195312500e+02 2.812401354312896729e-01 3.000000000000000000e+00
