5.293090820312500000e+02 3.275119018554687500e+02 5.794604492187500000e+02 3.573511657714843750e+02 7.652965784072875977e-01 2.000000000000000000e+00
7.757330932617187500e+02 3.500557861328125000e+02 8.064615478515625000e+02 3.912508544921875000e+02 6.954430341720581055e-01 2.000000000000000000e+00
3.543978881835937500e+02 8.207902832031250000e+02 4.428571166992187500e+02 8.964815673828125000e+02 6.428120732307434082e-01 2.000000000000000000e+00
7.809216308593750000e+02 5.840532226562500000e+02 8.457249755859375000e+02 6.761286010742187500e+02 6.084373593330383301e-01 8.000000000000000000e+00
3.356576843261718750e+02 6.513872070312500000e+02 3.855743103027343750e+02 7.039275512695312500e+02 5.818307995796203613e-01 2.000000000000000000e+00
6.882648315429687500e+02 3.165987548828125000e+02 7.163896484375000000e+02 3.453207702636718750e+02 5.773157477378845215e-01 2.000000000000000000e+00
2.804726867675781250e+02 7.470455322265625000e+02 3.881994934082031250e+02 8.178255004882812500e+02 5.750790238380432129e-01 2.000000000000000000e+00
6.066478881835937500e+02 3.335020446777343750e+02 6.436059570312500000e+02 3.636481933593750000e+02 5.190163254737854004e-01 2.000000000000000000e+00
7.016674804687500000e+02 3.702862854003906250e+02 7.379988403320312500e+02 3.975587158203125000e+02 5.015075802803039551e-01 2.000000000000000000e+00
1.070129272460937500e+03 2.100986328125000000e+02 1.098826782226562500e+03 2.336244049072265625e+02 4.945786297321319580e-01 2.000000000000000000e+00
1.012416137695312500e+03 1.449781341552734375e+02 1.029288452148437500e+03 1.646472015380859375e+02 4.914593100547790527e-01 2.000000000000000000e+00
2.072116851806640625e+02 6.902094116210937500e+02 2.984147338867187500e+02 7.617199707031250000e+02 4.617814719676971436e-01 2.000000000000000000e+00
8.095259399414062500e+02 2.347640838623046875e+02 8.343418579101562500e+02 2.622344665527343750e+02 4.540401101112365723e-01 2.000000000000000000e+00
7.425125732421875000e+02 4.051682128906250000e+02 7.541499633789062500e+02 4.316891174316406250e+02 4.374232888221740723e-01 0.000000000000000000e+00
7.458565673828125000e+02 1.022231689453125000e+03 7.610730590820312500e+02 1.048929687500000000e+03 4.335568249225616455e-01 0.000000000000000000e+00
7.980609741210937500e+02 4.627479858398437500e+02 8.429793701171875000e+02 5.251209716796875000e+02 4.243582785129547119e-01 2.000000000000000000e+00
8.608311157226562500e+02 3.342547912597656250e+02 8.995462646484375000e+02 3.965607299804687500e+02 4.234126806259155273e-01 5.000000000000000000e+00
3.464867248535156250e+02 6.385189208984375000e+02 4.095712890625000000e+02 6.852548828125000000e+02 4.098390936851501465e-01 2.000000000000000000e+00
8.533970336914062500e+02 2.143559875488281250e+02 8.860108642578125000e+02 2.620061645507812500e+02 4.049685001373291016e-01 5.000000000000000000e+00
1.120113647460937500e+03 6.192933959960937500e+02 1.179114379882812500e+03 6.905686035156250000e+02 3.978092372417449951e-01 8.000000000000000000e+00
4.453193054199218750e+02 3.705946960449218750e+02 4.869715881347656250e+02 3.972701416015625000e+02 3.846519589424133301e-01 2.000000000000000000e+00
1.034120605468750000e+03 1.305286560058593750e+02 1.051156494140625000e+03 1.484866943359375000e+02 3.772892057895660400e-01 2.000000000000000000e+00
9.303403320312500000e+02 6.079878616333007812e+01 9.441484985351562500e+02 7.710715484619140625e+01 3.557325005531311035e-01 2.000000000000000000e+00
1.119596679687500000e+03 6.217516479492187500e+02 1.177135375976562500e+03 6.883967285156250000e+02 3.348145484924316406e-01 2.000000000000000000e+00
8.608119506835937500e+02 2.648761291503906250e+02 8.878748168945312500e+02 2.963777160644531250e+02 3.321789205074310303e-01 2.000000000000000000e+00
9.054344482421875000e+02 6.563667297363281250e+01 9.201269531250000000e+02 8.016056060791015625e+01 3.286041319370269775e-01 2.000000000000000000e+00
1.158752563476562500e+03 5.754797363281250000e+02 1.180111938476562500e+03 6.065023193359375000e+02 3.258368372917175293e-01 0.000000000000000000e+00
7.491506347656250000e+02 6.078117675781250000e+02 7.834432983398437500e+02 6.782527465820312500e+02 3.250994980335235596e-01 2.000000000000000000e+00
8.092817993164062500e+02 7.399518432617187500e+02 8.618042602539062500e+02 8.433966674804687500e+02 3.242233395576477051e-01 2.000000000000000000e+00
2.416895446777343750e+02 6.933323974609375000e+02 3.262579040527343750e+02 7.665697631835937500e+02 3.182123601436614990e-01 2.000000000000000000e+00
8.238598022460937500e+02 1.484292297363281250e+02 8.426930541992187500e+02 1.665270385742187500e+02 3.117211759090423584e-01 2.000000000000000000e+00
8.981921997070312500e+02 7.486177978515625000e+02 9.500209960937500000e+02 8.546911010742187500e+02 3.108248114585876465e-01 7.000000000000000000e+00
8.611538696289062500e+02 3.365136413574218750e+02 9.019052734375000000e+02 3.994302368164062500e+02 2.955802083015441895e-01 2.000000000000000000e+00
8.806687622070312500e+02 1.475833435058593750e+02 8.997590332031250000e+02 1.657833404541015625e+02 2.923221290111541748e-01 2.000000000000000000e+00
1.157381225585937500e+03 4.251111145019531250e+02 1.175410766601562500e+03 4.518794250488281250e+02 2.875637114048004150e-01 0.000000000000000000e+00
7.504462280273437500e+02 2.708605041503906250e+02 7.786802368164062500e+02 3.000353393554687500e+02 2.714338600635528564e-01 2.000000000000000000e+00
8.638585815429687500e+02 4.137118225097656250e+02 9.133420410156250000e+02 5.092302551269531250e+02 2.548680305480957031e-01 5.000000000000000000e+00
