9.774597778320312500e+02 8.129791870117187500e+02 1.162613891601562500e+03 1.046692871093750000e+03 8.008656501770019531e-01 2.000000000000000000e+00
8.298035888671875000e+02 3.612642822265625000e+02 9.502575683593750000e+02 5.158051757812500000e+02 7.415338158607482910e-01 2.000000000000000000e+00
1.144558593750000000e+03 7.823383789062500000e+02 1.397403076171875000e+03 1.050000000000000000e+03 7.031286954879760742e-01 2.000000000000000000e+00
6.480857543945312500e+02 1.604958496093750000e+02 7.082792358398437500e+02 2.379609985351562500e+02 6.826584339141845703e-01 2.000000000000000000e+00
5.846937255859375000e+02 8.102610015869140625e+01 6.370160522460937500e+02 1.237919311523437500e+02 6.732352972030639648e-01 2.000000000000000000e+00
8.038716430664062500e+02 2.682763977050781250e+02 8.718690795898437500e+02 3.687551879882812500e+02 6.545238494873046875e-01 2.000000000000000000e+00
2.227120208740234375e+02 1.509315643310546875e+02 3.233195190429687500e+02 1.995516357421875000e+02 5.816418528556823730e-01 2.000000000000000000e+00
9.419800415039062500e+02 1.170812530517578125e+02 1.012034362792968750e+03 1.797096862792968750e+02 5.106495618820190430e-01 2.000000000000000000e+00
8.267035522460937500e+02 2.021076049804687500e+02 9.145386962890625000e+02 2.719662170410156250e+02 5.079002976417541504e-01 2.000000000000000000e+00
4.279677734375000000e+02 3.462672729492187500e+02 4.939481811523437500e+02 4.622598571777343750e+02 4.883886575698852539e-01 2.000000000000000000e+00
1.047940551757812500e+03 3.782560119628906250e+02 1.069984130859375000e+03 4.206977233886718750e+02 4.363538622856140137e-01 0.000000000000000000e+00
8.326448364257812500e+02 3.660870666503906250e+02 9.446072998046875000e+02 5.111331787109375000e+02 4.200104773044586182e-01 7.000000000000000000e+00
4.983342590332031250e+02 2.288398361206054688e+01 5.372250366210937500e+02 6.515415954589843750e+01 3.685332536697387695e-01 2.000000000000000000e+00
8.128953247070312500e+02 6.984545898437500000e+01 8.805191650390625000e+02 1.265046310424804688e+02 3.577728271484375000e-01 2.000000000000000000e+00
5.769473266601562500e+02 6.642953872680664062e+00 6.109890747070312500e+02 4.163525772094726562e+01 3.565773963928222656e-01 2.000000000000000000e+00
6.299556884765625000e+02 3.421972656250000000e+01 6.782502441406250000e+02 8.059378051757812500e+01 3.563770651817321777e-01 2.000000000000000000e+00
4.594732055664062500e+02 2.950423278808593750e+02 5.133870239257812500e+02 3.539024353027343750e+02 3.468395769596099854e-01 2.000000000000000000e+00
8.865184936523437500e+02 5.183135375976562500e+02 9.728735961914062500e+02 6.064251708984375000e+02 3.286575675010681152e-01 2.000000000000000000e+00
9.069456787109375000e+02 8.124247741699218750e+01 9.929598999023437500e+02 1.219382705688476562e+02 3.086681067943572998e-01 2.000000000000000000e+00
4.598064575195312500e+02 2.315355987548828125e+02 5.210457763671875000e+02 3.477774353027343750e+02 2.915494441986083984e-01 2.000000000000000000e+00
4.322121582031250000e+02 6.761741161346435547e+00 4.801594543457031250e+02 7.949319458007812500e+01 2.559423446655273438e-01 2.000000000000000000e+00
3.139110412597656250e+02 8.724146118164062500e+02 4.419187316894531250e+02 1.050000000000000000e+03 2.553936243057250977e-01 5.600000000000000000e+01
