1.051827526092529297e+01 6.666918945312500000e+02 6.976473999023437500e+01 6.991470947265625000e+02 6.409533023834228516e-01 2.000000000000000000e+00
3.958991699218750000e+02 1.164295883178710938e+02 4.378801269531250000e+02 1.498759307861328125e+02 4.852367341518402100e-01 2.000000000000000000e+00
7.591857910156250000e+01 5.575155029296875000e+02 1.138044586181640625e+02 5.827884521484375000e+02 4.329247474670410156e-01 2.000000000000000000e+00
5.452648315429687500e+02 5.175794067382812500e+02 5.673204345703125000e+02 5.563968505859375000e+02 4.282568395137786865e-01 2.000000000000000000e+00
3.837089233398437500e+02 5.213235855102539062e+01 4.409174194335937500e+02 9.133854675292968750e+01 4.221090078353881836e-01 2.000000000000000000e+00
5.798746337890625000e+02 5.290737304687500000e+02 6.041460571289062500e+02 5.654149780273437500e+02 4.047628939151763916e-01 2.000000000000000000e+00
9.701376953125000000e+02 1.739953460693359375e+02 1.399521606445312500e+03 7.011370239257812500e+02 3.902764618396759033e-01 7.000000000000000000e+00
4.116296997070312500e+02 1.655782928466796875e+02 5.185816040039062500e+02 2.556386566162109375e+02 3.707799613475799561e-01 2.000000000000000000e+00
1.871530456542968750e+02 6.842871704101562500e+02 2.438072509765625000e+02 7.096458129882812500e+02 3.071294128894805908e-01 2.000000000000000000e+00
2.375896606445312500e+02 5.530169677734375000e+02 2.840845947265625000e+02 5.777706909179687500e+02 2.988717257976531982e-01 2.000000000000000000e+00
7.703894042968750000e+02 4.262694396972656250e+02 7.903023681640625000e+02 4.523238220214843750e+02 2.837524712085723877e-01 2.000000000000000000e+00
8.229594726562500000e+02 5.603034057617187500e+02 8.628980712890625000e+02 6.251449584960937500e+02 2.759275734424591064e-01 5.000000000000000000e+00
7.209300537109375000e+02 4.186929321289062500e+02 7.442355346679687500e+02 4.550604553222656250e+02 2.647403776645660400e-01 2.000000000000000000e+00
2.062980346679687500e+02 7.311940917968750000e+02 2.680093994140625000e+02 7.593469238281250000e+02 2.586783468723297119e-01 2.000000000000000000e+00
6.775701904296875000e+02 3.650493774414062500e+02 6.987207031250000000e+02 3.907783203125000000e+02 2.510089278221130371e-01 2.000000000000000000e+00
