1.140587234497070312e+02 1.994729919433593750e+02 3.430152587890625000e+02 4.874386596679687500e+02 8.447763323783874512e-01 6.000000000000000000e+00
8.868183593750000000e+02 4.681065673828125000e+02 1.084055786132812500e+03 5.599934082031250000e+02 7.540755867958068848e-01 2.000000000000000000e+00
9.399174804687500000e+02 2.267384338378906250e+02 1.001089904785156250e+03 3.044175109863281250e+02 6.826163530349731445e-01 2.000000000000000000e+00
9.047446289062500000e+02 4.075199890136718750e+01 9.966230468750000000e+02 8.609426879882812500e+01 6.816665530204772949e-01 2.000000000000000000e+00
7.729307861328125000e+02 4.683095397949218750e+02 8.609657592773437500e+02 5.945860595703125000e+02 6.756466627120971680e-01 2.000000000000000000e+00
7.890247802734375000e+02 2.526198883056640625e+02 8.494924316406250000e+02 3.286333923339843750e+02 6.638033390045166016e-01 2.000000000000000000e+00
7.750868530273437500e+02 7.183135223388671875e+01 8.172350463867187500e+02 1.195740661621093750e+02 5.982025861740112305e-01 2.000000000000000000e+00
9.539639892578125000e+02 1.212249679565429688e+02 1.016683349609375000e+03 1.864185485839843750e+02 5.775632262229919434e-01 2.000000000000000000e+00
8.658934936523437500e+02 2.249025573730468750e+02 9.343949584960937500e+02 3.055353393554687500e+02 5.523996949195861816e-01 2.000000000000000000e+00
9.200070190429687500e+02 1.429051208496093750e+02 9.763226318359375000e+02 2.155019378662109375e+02 5.149532556533813477e-01 2.000000000000000000e+00
8.563897705078125000e+02 1.361239166259765625e+02 9.412988891601562500e+02 2.353515777587890625e+02 5.100768804550170898e-01 2.000000000000000000e+00
7.818944702148437500e+02 1.793685302734375000e+02 8.358912963867187500e+02 2.511579895019531250e+02 4.855441153049468994e-01 2.000000000000000000e+00
0.000000000000000000e+00 6.595842285156250000e+02 3.571038055419921875e+01 7.628022460937500000e+02 3.875551223754882812e-01 2.000000000000000000e+00
9.479960327148437500e+02 1.697283029556274414e+00 1.037279785156250000e+03 4.969134140014648438e+01 3.593605756759643555e-01 2.000000000000000000e+00
8.141562500000000000e+02 6.111854248046875000e+02 8.941741333007812500e+02 7.513493652343750000e+02 3.242585361003875732e-01 2.000000000000000000e+00
8.740458984375000000e+02 1.008575210571289062e+02 9.503460693359375000e+02 1.513157501220703125e+02 3.127776086330413818e-01 2.000000000000000000e+00
8.729954833984375000e+02 1.227091140747070312e+02 9.769858398437500000e+02 2.178264770507812500e+02 2.808684408664703369e-01 2.000000000000000000e+00
