6.884210205078125000e+02 5.792777709960937500e+02 7.534796752929687500e+02 6.178239135742187500e+02 5.968936681747436523e-01 2.000000000000000000e+00
8.715252075195312500e+02 5.209930419921875000e+02 9.282269287109375000e+02 5.752852783203125000e+02 5.422881841659545898e-01 2.000000000000000000e+00
8.182416992187500000e+02 4.552618103027343750e+02 8.443137207031250000e+02 4.794809875488281250e+02 4.968466758728027344e-01 2.000000000000000000e+00
8.715212402343750000e+02 4.663522644042968750e+02 9.297164306640625000e+02 5.121560058593750000e+02 4.578115344047546387e-01 2.000000000000000000e+00
7.830982055664062500e+02 4.702701416015625000e+02 8.136683349609375000e+02 5.036307067871093750e+02 4.402367174625396729e-01 2.000000000000000000e+00
7.755975952148437500e+02 4.196616516113281250e+02 8.050698242187500000e+02 4.428985595703125000e+02 4.170227944850921631e-01 2.000000000000000000e+00
8.449566040039062500e+02 6.554926147460937500e+02 9.229890747070312500e+02 6.837353515625000000e+02 4.122394919395446777e-01 2.000000000000000000e+00
1.155086791992187500e+03 9.579973144531250000e+02 1.219349975585937500e+03 1.048982788085937500e+03 4.026051163673400879e-01 0.000000000000000000e+00
8.456193237304687500e+02 4.890361328125000000e+02 8.794044799804687500e+02 5.178388671875000000e+02 3.325638473033905029e-01 2.000000000000000000e+00
8.419245605468750000e+02 5.928596191406250000e+02 9.337676391601562500e+02 6.508972778320312500e+02 3.264981806278228760e-01 7.000000000000000000e+00
6.876445312500000000e+02 4.712171325683593750e+02 7.695103149414062500e+02 5.316275634765625000e+02 3.054484724998474121e-01 7.000000000000000000e+00
