9.562937622070312500e+02 1.117730407714843750e+02 1.015064697265625000e+03 1.452276763916015625e+02 7.527942061424255371e-01 2.000000000000000000e+00
7.109192504882812500e+02 6.758512115478515625e+01 7.704586791992187500e+02 1.030598678588867188e+02 7.404769062995910645e-01 2.000000000000000000e+00
4.803952026367187500e+02 2.554928970336914062e+01 5.619031372070312500e+02 7.380459594726562500e+01 7.395737171173095703e-01 2.000000000000000000e+00
1.311341186523437500e+03 1.432906494140625000e+02 1.395928222656250000e+03 1.823685760498046875e+02 7.369965314865112305e-01 2.000000000000000000e+00
7.763704223632812500e+02 5.195109558105468750e+01 8.344413452148437500e+02 8.199439239501953125e+01 7.103728652000427246e-01 2.000000000000000000e+00
1.018172973632812500e+03 8.307364654541015625e+01 1.079218261718750000e+03 1.214402923583984375e+02 6.854315400123596191e-01 2.000000000000000000e+00
6.728890991210937500e+02 5.427146606445312500e+02 7.314466552734375000e+02 6.234432983398437500e+02 6.732749938964843750e-01 2.000000000000000000e+00
6.659038085937500000e+02 4.359047546386718750e+02 7.119942016601562500e+02 4.991285095214843750e+02 6.618061065673828125e-01 2.000000000000000000e+00
6.222437744140625000e+02 5.308769531250000000e+02 6.788318481445312500e+02 6.142899780273437500e+02 6.306382417678833008e-01 2.000000000000000000e+00
2.533557739257812500e+02 5.042021560668945312e+01 3.345129089355468750e+02 8.955785369873046875e+01 5.400467514991760254e-01 2.000000000000000000e+00
7.091480102539062500e+02 4.449378051757812500e+02 7.616323852539062500e+02 5.150663452148437500e+02 5.215306878089904785e-01 2.000000000000000000e+00
1.141422607421875000e+03 1.349919128417968750e+02 1.219521850585937500e+03 1.836337738037109375e+02 4.859624207019805908e-01 2.000000000000000000e+00
6.157934570312500000e+02 4.087954711914062500e+02 6.650387573242187500e+02 4.742074584960937500e+02 4.784140288829803467e-01 2.000000000000000000e+00
7.890238647460937500e+02 3.491349792480468750e+02 8.305182495117187500e+02 4.154139404296875000e+02 4.540295898914337158e-01 2.000000000000000000e+00
3.507141418457031250e+02 2.883919906616210938e+01 4.207370300292968750e+02 9.000550079345703125e+01 4.479292333126068115e-01 2.000000000000000000e+00
5.846606445312500000e+02 2.063378524780273438e+01 6.263877563476562500e+02 4.889984893798828125e+01 3.875531554222106934e-01 2.000000000000000000e+00
