1.323214355468750000e+03 5.964059448242187500e+02 1.698818481445312500e+03 8.500813598632812500e+02 7.585036754608154297e-01 7.000000000000000000e+00
3.765710754394531250e+02 3.434435729980468750e+02 4.573799133300781250e+02 3.918878784179687500e+02 6.957029104232788086e-01 2.000000000000000000e+00
5.503365478515625000e+02 3.783160400390625000e+02 6.438049926757812500e+02 4.324663696289062500e+02 6.895394325256347656e-01 2.000000000000000000e+00
2.481163940429687500e+02 3.172957763671875000e+02 3.231246948242187500e+02 3.623630981445312500e+02 6.773459911346435547e-01 2.000000000000000000e+00
8.016531372070312500e+01 2.821463317871093750e+02 1.564069519042968750e+02 3.292020568847656250e+02 6.264483332633972168e-01 2.000000000000000000e+00
1.237000732421875000e+02 2.154276275634765625e+02 1.920779571533203125e+02 2.490458221435546875e+02 6.153731346130371094e-01 2.000000000000000000e+00
1.080051269531250000e+03 4.897022399902343750e+02 1.162133789062500000e+03 5.424298095703125000e+02 5.679041743278503418e-01 2.000000000000000000e+00
1.514246520996093750e+02 2.903406372070312500e+02 2.259318084716796875e+02 3.396106262207031250e+02 5.583961606025695801e-01 2.000000000000000000e+00
1.220067749023437500e+03 3.783851623535156250e+02 1.291362182617187500e+03 4.441410217285156250e+02 5.461033582687377930e-01 2.000000000000000000e+00
0.000000000000000000e+00 2.602325439453125000e+02 5.719209671020507812e+01 3.009396972656250000e+02 5.422534346580505371e-01 2.000000000000000000e+00
4.548659057617187500e+02 2.828692626953125000e+02 5.585900268554687500e+02 3.513701477050781250e+02 5.269011259078979492e-01 2.000000000000000000e+00
1.217721435546875000e+03 5.254427490234375000e+02 1.302922363281250000e+03 5.772535400390625000e+02 5.263001322746276855e-01 2.000000000000000000e+00
0.000000000000000000e+00 1.790698852539062500e+02 7.366093444824218750e+01 2.224938354492187500e+02 4.146552681922912598e-01 2.000000000000000000e+00
2.259766387939453125e+02 1.575687713623046875e+02 2.926192321777343750e+02 1.963052978515625000e+02 3.899990022182464600e-01 2.000000000000000000e+00
1.606225463867187500e+03 1.027189788818359375e+02 1.642917480468750000e+03 1.359946136474609375e+02 3.875744342803955078e-01 2.000000000000000000e+00
3.127067565917968750e+02 3.289867858886718750e+02 3.797545166015625000e+02 3.778332824707031250e+02 3.732319772243499756e-01 2.000000000000000000e+00
1.538064697265625000e+03 1.227999114990234375e+02 1.577531250000000000e+03 1.634183349609375000e+02 3.678912818431854248e-01 2.000000000000000000e+00
4.788812255859375000e+01 0.000000000000000000e+00 1.348802856445312500e+03 2.473529510498046875e+02 3.625496327877044678e-01 6.000000000000000000e+00
3.269812011718750000e+02 9.268671264648437500e+02 4.735113220214843750e+02 1.076300415039062500e+03 3.583698570728302002e-01 7.000000000000000000e+00
6.546694946289062500e+02 3.930413818359375000e+02 9.586913452148437500e+02 5.098400268554687500e+02 3.388604521751403809e-01 5.000000000000000000e+00
1.431309204101562500e+03 3.834685058593750000e+02 1.499829223632812500e+03 4.198214416503906250e+02 2.980427145957946777e-01 2.000000000000000000e+00
