5.398528442382812500e+02 5.256235961914062500e+02 6.144630126953125000e+02 5.638744506835937500e+02 7.428519725799560547e-01 2.000000000000000000e+00
3.929156188964843750e+02 5.353353271484375000e+02 4.785878906250000000e+02 5.739518432617187500e+02 7.422941923141479492e-01 2.000000000000000000e+00
4.897816467285156250e+01 5.094648742675781250e+02 2.442581329345703125e+02 5.802199707031250000e+02 5.681189298629760742e-01 5.000000000000000000e+00
9.354623413085937500e+01 5.674392089843750000e+02 1.914151916503906250e+02 6.110989379882812500e+02 5.660425424575805664e-01 2.000000000000000000e+00
1.160347290039062500e+03 8.621542358398437500e+02 1.199866210937500000e+03 8.850460815429687500e+02 5.603224635124206543e-01 2.000000000000000000e+00
0.000000000000000000e+00 6.427393798828125000e+02 4.972885894775390625e+01 6.876488647460937500e+02 4.578571915626525879e-01 2.000000000000000000e+00
1.292214111328125000e+03 8.051163330078125000e+02 1.397489868164062500e+03 8.595050659179687500e+02 4.446504116058349609e-01 7.000000000000000000e+00
9.957050170898437500e+02 6.001454467773437500e+02 1.082797485351562500e+03 6.449193725585937500e+02 4.116749763488769531e-01 7.000000000000000000e+00
6.732017211914062500e+02 1.011664550781250000e+03 7.009956665039062500e+02 1.050000000000000000e+03 4.060340821743011475e-01 0.000000000000000000e+00
1.065687011718750000e+03 8.358621826171875000e+02 1.097922485351562500e+03 8.590480346679687500e+02 3.614992201328277588e-01 2.000000000000000000e+00
7.870338745117187500e+02 9.055803833007812500e+02 8.023721923828125000e+02 9.403970947265625000e+02 3.377388417720794678e-01 0.000000000000000000e+00
5.776254882812500000e+02 6.725567016601562500e+02 6.592280273437500000e+02 7.340435791015625000e+02 3.022892773151397705e-01 2.000000000000000000e+00
3.685564880371093750e+02 3.766947021484375000e+02 4.256403198242187500e+02 4.093738098144531250e+02 2.972358167171478271e-01 2.000000000000000000e+00
7.056511230468750000e+02 1.022533752441406250e+03 7.218884887695312500e+02 1.050000000000000000e+03 2.832271456718444824e-01 0.000000000000000000e+00
6.783192138671875000e+02 3.395238952636718750e+02 7.296417236328125000e+02 3.911681823730468750e+02 2.697359621524810791e-01 2.000000000000000000e+00
6.299102172851562500e+02 2.980828247070312500e+02 6.618546142578125000e+02 3.246564025878906250e+02 2.679475247859954834e-01 2.000000000000000000e+00
7.469410400390625000e+02 2.160520019531250000e+02 7.710076904296875000e+02 2.366270446777343750e+02 2.579649686813354492e-01 2.000000000000000000e+00
5.563734741210937500e+02 6.355099868774414062e+01 6.403659667968750000e+02 1.646221466064453125e+02 2.555478215217590332e-01 7.000000000000000000e+00
6.109728393554687500e+02 3.452470703125000000e+02 6.467241210937500000e+02 3.814018554687500000e+02 2.516702413558959961e-01 2.000000000000000000e+00
