1.843913574218750000e+02 9.607860717773437500e+02 3.274460754394531250e+02 1.029263793945312500e+03 7.009284496307373047e-01 2.000000000000000000e+00
7.934618530273437500e+02 5.080199279785156250e+02 8.364027709960937500e+02 5.428972778320312500e+02 5.736373066902160645e-01 2.000000000000000000e+00
1.934849023818969727e+00 9.742875366210937500e+02 1.490325469970703125e+02 1.047835937500000000e+03 5.166134834289550781e-01 2.000000000000000000e+00
8.384271850585937500e+02 5.692254028320312500e+02 8.783367919921875000e+02 6.160606079101562500e+02 4.887304306030273438e-01 2.000000000000000000e+00
3.978837280273437500e+02 4.344400329589843750e+02 4.452550354003906250e+02 4.593812866210937500e+02 4.292735457420349121e-01 2.000000000000000000e+00
4.407492065429687500e+02 4.095540161132812500e+02 4.899911804199218750e+02 4.358362121582031250e+02 4.191306233406066895e-01 2.000000000000000000e+00
7.139755249023437500e+02 4.889744873046875000e+02 7.434736938476562500e+02 5.187707519531250000e+02 3.681696951389312744e-01 2.000000000000000000e+00
6.560125122070312500e+02 5.448566894531250000e+02 6.927849731445312500e+02 5.830903930664062500e+02 3.622859716415405273e-01 2.000000000000000000e+00
5.976962280273437500e+02 7.419366455078125000e+02 6.157399291992187500e+02 7.808483886718750000e+02 3.386101722717285156e-01 0.000000000000000000e+00
6.866044311523437500e+02 4.568512268066406250e+02 7.179467773437500000e+02 4.852500915527343750e+02 3.272332549095153809e-01 2.000000000000000000e+00
1.016885131835937500e+03 9.077410888671875000e+02 1.105456298828125000e+03 1.022536987304687500e+03 3.061021566390991211e-01 6.700000000000000000e+01
6.376871948242187500e+02 5.012296752929687500e+02 6.664961547851562500e+02 5.297135009765625000e+02 2.922186255455017090e-01 2.000000000000000000e+00
6.965670166015625000e+02 4.150863952636718750e+02 7.234158325195312500e+02 4.392872924804687500e+02 2.869986891746520996e-01 2.000000000000000000e+00
6.720142822265625000e+02 5.000617370605468750e+02 7.095811157226562500e+02 5.321744995117187500e+02 2.798516452312469482e-01 2.000000000000000000e+00
3.659944763183593750e+02 7.329114379882812500e+02 3.780012512207031250e+02 7.578750000000000000e+02 2.764424979686737061e-01 0.000000000000000000e+00
6.293722534179687500e+02 6.852015380859375000e+02 6.480819091796875000e+02 7.197496948242187500e+02 2.751971781253814697e-01 0.000000000000000000e+00
1.333795043945312500e+03 6.850717773437500000e+02 1.400000000000000000e+03 7.255654907226562500e+02 2.733971476554870605e-01 2.000000000000000000e+00
