9.009687500000000000e+02 4.198623046875000000e+02 9.650563354492187500e+02 4.825567932128906250e+02 7.799369692802429199e-01 2.000000000000000000e+00
1.269387695312500000e+03 1.564232177734375000e+02 1.301660278320312500e+03 1.868567962646484375e+02 7.308962345123291016e-01 2.000000000000000000e+00
7.237543334960937500e+02 4.977033081054687500e+02 7.969113159179687500e+02 5.546986694335937500e+02 7.303788661956787109e-01 2.000000000000000000e+00
7.423381347656250000e+02 3.577001037597656250e+02 8.151841430664062500e+02 4.280606079101562500e+02 5.988081693649291992e-01 5.000000000000000000e+00
8.104659423828125000e+02 4.429865112304687500e+02 8.665785522460937500e+02 4.906571655273437500e+02 5.569301843643188477e-01 2.000000000000000000e+00
8.218182983398437500e+02 4.627637329101562500e+02 8.858045043945312500e+02 5.199190673828125000e+02 5.184592604637145996e-01 2.000000000000000000e+00
9.508676147460937500e+02 3.495640869140625000e+02 1.026207397460937500e+03 4.298353271484375000e+02 4.981117546558380127e-01 7.000000000000000000e+00
7.516450195312500000e+02 5.076475524902343750e+02 8.568806762695312500e+02 6.097206420898437500e+02 4.959675371646881104e-01 5.000000000000000000e+00
1.332447753906250000e+03 1.029371871948242188e+02 1.354373413085937500e+03 1.189702148437500000e+02 4.667229056358337402e-01 2.000000000000000000e+00
3.041375541687011719e+01 2.669109802246093750e+02 7.434194946289062500e+01 2.962503051757812500e+02 4.665645062923431396e-01 2.000000000000000000e+00
1.187800292968750000e+03 1.952892761230468750e+02 1.223812133789062500e+03 2.232281646728515625e+02 4.595171511173248291e-01 2.000000000000000000e+00
9.507723999023437500e+02 3.515812072753906250e+02 1.025152343750000000e+03 4.298109130859375000e+02 4.504340589046478271e-01 5.000000000000000000e+00
7.473012084960937500e+02 4.974575805664062500e+02 8.654016723632812500e+02 6.094681396484375000e+02 2.671919763088226318e-01 7.000000000000000000e+00
