4.009771347045898438e-01 5.280348510742187500e+02 2.057335052490234375e+02 6.137355957031250000e+02 8.424543142318725586e-01 2.000000000000000000e+00
1.283791015625000000e+03 4.284136047363281250e+02 1.400000000000000000e+03 4.992686462402343750e+02 8.127562403678894043e-01 2.000000000000000000e+00
4.830616760253906250e+02 4.628476867675781250e+02 6.519733886718750000e+02 5.437405395507812500e+02 7.274745702743530273e-01 2.000000000000000000e+00
1.212586914062500000e+03 2.645763549804687500e+02 1.333035034179687500e+03 3.217463073730468750e+02 7.060173153877258301e-01 2.000000000000000000e+00
1.181931030273437500e+03 1.827079925537109375e+02 1.276309936523437500e+03 2.375762634277343750e+02 6.919637918472290039e-01 2.000000000000000000e+00
7.606123046875000000e+02 1.704762878417968750e+02 8.237671508789062500e+02 2.187906341552734375e+02 6.717680096626281738e-01 2.000000000000000000e+00
1.215139526367187500e+03 8.697466430664062500e+02 1.282363037109375000e+03 9.435303344726562500e+02 5.322824120521545410e-01 1.400000000000000000e+01
8.669232177734375000e+02 1.690543060302734375e+02 9.392104492187500000e+02 2.147869567871093750e+02 5.153600573539733887e-01 2.000000000000000000e+00
7.077463378906250000e+02 1.086640243530273438e+02 7.713748168945312500e+02 1.529652557373046875e+02 4.997098743915557861e-01 2.000000000000000000e+00
5.868806152343750000e+02 4.036755065917968750e+02 6.108784790039062500e+02 4.442879028320312500e+02 4.588373899459838867e-01 9.000000000000000000e+00
8.465563354492187500e+02 9.151905822753906250e+01 9.101217651367187500e+02 1.331627807617187500e+02 4.229958951473236084e-01 2.000000000000000000e+00
1.275017211914062500e+03 1.819264984130859375e+02 1.385081665039062500e+03 2.298693847656250000e+02 3.876369893550872803e-01 2.000000000000000000e+00
1.270581054687500000e+03 5.644370117187500000e+02 1.322102905273437500e+03 6.169371337890625000e+02 3.869950473308563232e-01 0.000000000000000000e+00
3.569484863281250000e+02 6.100863647460937500e+02 3.818382568359375000e+02 6.500466918945312500e+02 3.376888632774353027e-01 9.000000000000000000e+00
4.764160766601562500e+02 1.422086944580078125e+02 5.069459533691406250e+02 1.895282287597656250e+02 3.295505940914154053e-01 9.000000000000000000e+00
8.075977172851562500e+02 1.070506057739257812e+02 8.826442871093750000e+02 1.587399139404296875e+02 3.094220459461212158e-01 2.000000000000000000e+00
1.213704589843750000e+03 8.704879150390625000e+02 1.282454345703125000e+03 9.434048461914062500e+02 2.801223993301391602e-01 0.000000000000000000e+00
7.248403320312500000e+02 5.172859191894531250e+00 7.637815551757812500e+02 5.094025039672851562e+01 2.540533840656280518e-01 9.000000000000000000e+00
2.053085327148437500e+02 1.514255981445312500e+02 2.405105438232421875e+02 1.764786987304687500e+02 2.536700665950775146e-01 9.000000000000000000e+00
