8.044005737304687500e+02 1.168033676147460938e+02 8.547221679687500000e+02 2.055884552001953125e+02 4.540203213691711426e-01 7.000000000000000000e+00
1.261353393554687500e+03 2.112160797119140625e+02 1.399100219726562500e+03 4.726281433105468750e+02 4.045646190643310547e-01 8.000000000000000000e+00
5.537105102539062500e+02 9.173890686035156250e+01 5.987312622070312500e+02 1.763967285156250000e+02 3.797575831413269043e-01 7.000000000000000000e+00
1.105195068359375000e+03 7.248807373046875000e+02 1.194770507812500000e+03 7.859487304687500000e+02 3.574647307395935059e-01 1.000000000000000000e+00
8.712247924804687500e+02 3.028379821777343750e+02 9.141284790039062500e+02 3.556280212402343750e+02 3.437546193599700928e-01 2.000000000000000000e+00
5.811869506835937500e+02 3.978760986328125000e+02 6.140644531250000000e+02 4.444066772460937500e+02 3.139542341232299805e-01 2.000000000000000000e+00
1.062050292968750000e+03 5.471567382812500000e+02 1.116877807617187500e+03 6.130319213867187500e+02 3.135369122028350830e-01 5.800000000000000000e+01
8.689183959960937500e+02 1.350890197753906250e+02 8.905657958984375000e+02 1.549238586425781250e+02 3.002412021160125732e-01 2.000000000000000000e+00
7.457154541015625000e+02 5.976037216186523438e+01 7.688141479492187500e+02 7.914176940917968750e+01 2.705945968627929688e-01 2.000000000000000000e+00
9.652261962890625000e+02 3.530958557128906250e+02 1.021951660156250000e+03 4.115957336425781250e+02 2.510229051113128662e-01 5.800000000000000000e+01
