2.153401336669921875e+02 2.844729309082031250e+02 3.447377014160156250e+02 4.344017333984375000e+02 8.740807771682739258e-01 2.000000000000000000e+00
1.163966217041015625e+02 2.381843872070312500e+02 2.413553161621093750e+02 3.790357360839843750e+02 8.708688616752624512e-01 2.000000000000000000e+00
3.017300109863281250e+02 8.467955017089843750e+01 4.157894287109375000e+02 2.315058593750000000e+02 8.380578160285949707e-01 2.000000000000000000e+00
7.014750366210937500e+02 2.286635742187500000e+02 7.907965698242187500e+02 4.071096496582031250e+02 7.972913980484008789e-01 6.700000000000000000e+01
5.240698242187500000e+02 3.303511657714843750e+02 6.442554931640625000e+02 4.879139099121093750e+02 7.897192239761352539e-01 2.000000000000000000e+00
1.857185363769531250e-01 4.336304473876953125e+01 1.587732086181640625e+02 1.444404144287109375e+02 7.758728265762329102e-01 2.000000000000000000e+00
0.000000000000000000e+00 1.309154663085937500e+02 7.500195312500000000e+01 2.469875640869140625e+02 7.647255659103393555e-01 2.000000000000000000e+00
3.956483154296875000e+02 5.847132568359375000e+02 5.779276733398437500e+02 7.883854370117187500e+02 7.291312217712402344e-01 2.000000000000000000e+00
0.000000000000000000e+00 1.390677690505981445e-01 1.583350982666015625e+02 6.292313003540039062e+01 6.943717002868652344e-01 2.000000000000000000e+00
3.987879638671875000e+02 5.832395629882812500e+02 5.763590087890625000e+02 7.890247802734375000e+02 6.878517866134643555e-01 6.700000000000000000e+01
6.392373046875000000e+02 4.015698547363281250e+02 7.298308715820312500e+02 5.614894409179687500e+02 6.650483608245849609e-01 6.700000000000000000e+01
5.984840698242187500e+02 8.090990600585937500e+02 8.021931152343750000e+02 9.284358520507812500e+02 6.284402608871459961e-01 6.700000000000000000e+01
7.328479766845703125e+01 5.736196289062500000e+02 3.168464355468750000e+02 7.304956665039062500e+02 4.731514155864715576e-01 4.000000000000000000e+00
3.681187133789062500e+02 0.000000000000000000e+00 4.522596740722656250e+02 6.404746246337890625e+01 4.537160396575927734e-01 2.000000000000000000e+00
4.918072814941406250e+02 8.986151733398437500e+02 7.416116333007812500e+02 1.049396118164062500e+03 2.884656190872192383e-01 6.700000000000000000e+01
6.928051757812500000e+02 5.364395141601562500e+02 7.718533325195312500e+02 6.999075317382812500e+02 2.615719735622406006e-01 2.000000000000000000e+00
