1.131964599609375000e+03 7.354726562500000000e+02 1.269390747070312500e+03 8.418516845703125000e+02 7.428427934646606445e-01 2.000000000000000000e+00
8.452675781250000000e+02 4.020901794433593750e+02 8.930489501953125000e+02 4.493634338378906250e+02 7.140656113624572754e-01 2.000000000000000000e+00
2.849947547912597656e+01 6.618646240234375000e+02 1.128443298339843750e+02 7.480318603515625000e+02 6.744949817657470703e-01 2.000000000000000000e+00
3.149433898925781250e+02 5.825519409179687500e+02 6.759902954101562500e+02 9.336372680664062500e+02 6.187781095504760742e-01 7.000000000000000000e+00
0.000000000000000000e+00 3.795288696289062500e+02 1.642562255859375000e+02 5.458544311523437500e+02 5.145156979560852051e-01 5.000000000000000000e+00
6.136106567382812500e+02 7.581715698242187500e+02 9.286437377929687500e+02 1.050000000000000000e+03 4.963290393352508545e-01 7.000000000000000000e+00
1.139144531250000000e+03 9.207580566406250000e+02 1.400000000000000000e+03 1.048434814453125000e+03 4.922950863838195801e-01 7.000000000000000000e+00
2.202334442138671875e+02 4.445922241210937500e+02 3.658160705566406250e+02 4.968240661621093750e+02 4.086803793907165527e-01 2.000000000000000000e+00
9.713860473632812500e+02 2.450808410644531250e+02 1.096716186523437500e+03 3.876754150390625000e+02 3.385103046894073486e-01 7.000000000000000000e+00
4.613997192382812500e+02 4.651401977539062500e+02 4.826111450195312500e+02 5.034865112304687500e+02 3.183100223541259766e-01 0.000000000000000000e+00
1.248613647460937500e+03 4.437367248535156250e+02 1.293834106445312500e+03 4.811986694335937500e+02 2.977634370326995850e-01 2.000000000000000000e+00
7.918532714843750000e+02 7.298131713867187500e+02 8.171342773437500000e+02 7.651726074218750000e+02 2.861049771308898926e-01 0.000000000000000000e+00
8.322795410156250000e+02 8.168941650390625000e+02 1.159991577148437500e+03 1.048438720703125000e+03 2.794965803623199463e-01 7.000000000000000000e+00
