4.196398010253906250e+02 2.679661560058593750e+02 4.473935241699218750e+02 2.895992736816406250e+02 4.197800755500793457e-01 2.000000000000000000e+00
5.379190673828125000e+02 2.910326843261718750e+02 6.759085083007812500e+02 3.980737915039062500e+02 3.944849967956542969e-01 7.000000000000000000e+00
6.178062133789062500e+02 6.772746582031250000e+02 7.894504394531250000e+02 8.053544921875000000e+02 3.678027093410491943e-01 7.000000000000000000e+00
9.900537109375000000e+02 5.595828247070312500e+02 1.072186645507812500e+03 6.351254272460937500e+02 3.320360183715820312e-01 7.000000000000000000e+00
5.318690795898437500e+02 2.902563476562500000e+02 6.694303588867187500e+02 3.921001281738281250e+02 3.252235949039459229e-01 5.000000000000000000e+00
4.542206115722656250e+02 2.286732330322265625e+02 5.782339477539062500e+02 3.076854858398437500e+02 3.176321983337402344e-01 7.000000000000000000e+00
8.345974731445312500e+02 4.714015197753906250e+02 8.515541992187500000e+02 5.112508850097656250e+02 3.136720657348632812e-01 0.000000000000000000e+00
4.590924377441406250e+02 2.301330413818359375e+02 5.803517456054687500e+02 3.087960510253906250e+02 3.024306595325469971e-01 5.000000000000000000e+00
1.012422546386718750e+03 4.982355041503906250e+02 1.281105590820312500e+03 6.960828857421875000e+02 3.022475242614746094e-01 7.000000000000000000e+00
8.683009033203125000e+02 6.047702026367187500e+02 1.077537475585937500e+03 7.931455078125000000e+02 2.787671983242034912e-01 7.000000000000000000e+00
9.761999511718750000e+02 3.756799011230468750e+02 1.025582153320312500e+03 4.000960083007812500e+02 2.692236006259918213e-01 2.000000000000000000e+00
7.120346069335937500e+02 5.288026123046875000e+02 8.935380859375000000e+02 6.742216796875000000e+02 2.591248750686645508e-01 7.000000000000000000e+00
