6.327295532226562500e+02 5.840604248046875000e+02 7.163377685546875000e+02 6.594331665039062500e+02 7.931974530220031738e-01 2.000000000000000000e+00
9.385036010742187500e+02 5.807880859375000000e+02 1.013235595703125000e+03 6.208748168945312500e+02 7.561024427413940430e-01 2.000000000000000000e+00
9.163064575195312500e+01 2.646966857910156250e+02 1.519009704589843750e+02 3.083084106445312500e+02 7.356973290443420410e-01 2.000000000000000000e+00
4.605584716796875000e+02 3.262357788085937500e+02 5.319183959960937500e+02 3.763433227539062500e+02 5.821666717529296875e-01 2.000000000000000000e+00
2.141225280761718750e+02 2.031390228271484375e+02 3.145906066894531250e+02 2.795106201171875000e+02 5.714928507804870605e-01 7.000000000000000000e+00
7.300976562500000000e+02 4.201293334960937500e+02 7.681881103515625000e+02 4.607259216308593750e+02 5.261805653572082520e-01 2.000000000000000000e+00
2.141867828369140625e+02 2.018476867675781250e+02 3.143208923339843750e+02 2.784261779785156250e+02 4.335207641124725342e-01 5.000000000000000000e+00
3.178427429199218750e+02 2.512398834228515625e+02 3.461445312500000000e+02 2.722171020507812500e+02 3.899228572845458984e-01 2.000000000000000000e+00
1.379083007812500000e+03 4.989995422363281250e+02 1.400000000000000000e+03 5.515997314453125000e+02 3.139731585979461670e-01 2.000000000000000000e+00
9.323832397460937500e+02 3.994078979492187500e+02 9.584699096679687500e+02 4.305348510742187500e+02 2.936661839485168457e-01 9.000000000000000000e+00
3.394723815917968750e+02 2.683927917480468750e+02 3.714279174804687500e+02 3.066822509765625000e+02 2.741016745567321777e-01 2.000000000000000000e+00
