9.985681915283203125e+01 4.104643554687500000e+02 3.704429016113281250e+02 6.757437133789062500e+02 4.961269199848175049e-01 7.000000000000000000e+00
4.505675964355468750e+02 7.128773193359375000e+02 5.894328613281250000e+02 7.852933959960937500e+02 4.630125761032104492e-01 2.000000000000000000e+00
5.550742797851562500e+02 4.907007141113281250e+02 6.841829223632812500e+02 5.945697021484375000e+02 4.049224257469177246e-01 2.000000000000000000e+00
2.865425415039062500e+02 3.159325866699218750e+02 6.200725097656250000e+02 5.643740844726562500e+02 3.932968080043792725e-01 5.000000000000000000e+00
5.989695434570312500e+02 6.297456054687500000e+02 6.781848144531250000e+02 6.959444580078125000e+02 3.538682162761688232e-01 2.000000000000000000e+00
5.864710693359375000e+02 6.499276733398437500e+02 6.857719116210937500e+02 7.157440185546875000e+02 3.538508117198944092e-01 2.000000000000000000e+00
5.830767822265625000e+02 7.093229980468750000e+02 6.943463134765625000e+02 7.838895874023437500e+02 3.518289029598236084e-01 2.000000000000000000e+00
6.368403320312500000e+02 5.332164306640625000e+02 7.321738891601562500e+02 6.176696166992187500e+02 3.214102387428283691e-01 2.000000000000000000e+00
6.454978637695312500e+02 6.698226318359375000e+02 7.262514038085937500e+02 7.212933349609375000e+02 3.010238409042358398e-01 2.000000000000000000e+00
2.128588104248046875e+02 2.859811706542968750e+02 2.425800170898437500e+02 3.139179992675781250e+02 2.906604409217834473e-01 2.000000000000000000e+00
0.000000000000000000e+00 4.035242614746093750e+02 4.135530090332031250e+01 4.331474304199218750e+02 2.886898219585418701e-01 2.000000000000000000e+00
2.878334655761718750e+02 3.216627807617187500e+02 5.866602783203125000e+02 5.613776245117187500e+02 2.768343687057495117e-01 7.000000000000000000e+00
