1.736134033203125000e+02 6.253878784179687500e+02 2.873562927246093750e+02 6.881314697265625000e+02 8.492388129234313965e-01 2.000000000000000000e+00
1.343011352539062500e+03 2.422322082519531250e+02 1.899855834960937500e+03 5.555098266601562500e+02 8.381354212760925293e-01 5.000000000000000000e+00
1.752103149414062500e+03 8.365150146484375000e+02 1.883978027343750000e+03 9.452869873046875000e+02 8.118361234664916992e-01 2.000000000000000000e+00
1.613274902343750000e+03 7.434215698242187500e+02 1.735999633789062500e+03 8.395447998046875000e+02 7.991238236427307129e-01 2.000000000000000000e+00
2.242494049072265625e+02 6.624769287109375000e+02 3.388312683105468750e+02 7.307040405273437500e+02 7.278757095336914062e-01 2.000000000000000000e+00
5.820478515625000000e+02 1.210819473266601562e+02 6.240996704101562500e+02 1.570093688964843750e+02 5.819103717803955078e-01 2.000000000000000000e+00
1.373657592773437500e+03 7.908390502929687500e+02 1.464634765625000000e+03 8.937932739257812500e+02 5.610355734825134277e-01 2.000000000000000000e+00
1.699138061523437500e+03 6.526866455078125000e+02 1.786350341796875000e+03 7.213669433593750000e+02 5.188655853271484375e-01 2.000000000000000000e+00
1.884492553710937500e+03 9.303770751953125000e+02 1.916000000000000000e+03 9.921160278320312500e+02 4.170149564743041992e-01 2.000000000000000000e+00
1.124214111328125000e+03 6.285874023437500000e+02 1.203586669921875000e+03 7.114426269531250000e+02 4.128150641918182373e-01 2.000000000000000000e+00
8.401589965820312500e+02 2.135818328857421875e+02 9.174925537109375000e+02 2.690151367187500000e+02 4.054125547409057617e-01 2.000000000000000000e+00
1.673774291992187500e+03 2.544537963867187500e+02 1.768297851562500000e+03 3.046110839843750000e+02 3.788534402847290039e-01 2.000000000000000000e+00
1.070049682617187500e+03 5.942412109375000000e+02 1.127712280273437500e+03 6.365407714843750000e+02 3.602582216262817383e-01 5.800000000000000000e+01
7.754240112304687500e+02 1.648105316162109375e+02 8.289807739257812500e+02 2.114804840087890625e+02 3.147581517696380615e-01 2.000000000000000000e+00
7.552371826171875000e+02 1.603314056396484375e+02 8.160903320312500000e+02 2.037329254150390625e+02 2.940202355384826660e-01 2.000000000000000000e+00
4.056945495605468750e+02 6.370395278930664062e+01 4.378989257812500000e+02 9.247389221191406250e+01 2.915668487548828125e-01 2.000000000000000000e+00
3.040870971679687500e+02 1.165067367553710938e+02 3.974422302246093750e+02 1.766718444824218750e+02 2.647337317466735840e-01 2.000000000000000000e+00
