1.277179931640625000e+03 3.506903991699218750e+02 1.322704711914062500e+03 3.877074279785156250e+02 6.440127491950988770e-01 2.000000000000000000e+00
1.852327758789062500e+03 7.694675903320312500e+02 1.914793457031250000e+03 8.240055541992187500e+02 6.236332654953002930e-01 2.000000000000000000e+00
1.284619628906250000e+03 1.266822967529296875e+02 1.326740722656250000e+03 1.601835937500000000e+02 5.838535428047180176e-01 2.000000000000000000e+00
5.484725952148437500e+02 6.666472167968750000e+02 6.601085205078125000e+02 7.245263061523437500e+02 5.171540379524230957e-01 2.000000000000000000e+00
1.346342163085937500e+03 3.882294006347656250e+02 1.419416503906250000e+03 4.229177246093750000e+02 4.581978917121887207e-01 2.000000000000000000e+00
1.267813964843750000e+03 1.748002624511718750e+02 1.324210937500000000e+03 2.108161621093750000e+02 4.285034239292144775e-01 2.000000000000000000e+00
2.333587646484375000e+02 6.656698608398437500e+02 3.281992187500000000e+02 7.149763183593750000e+02 4.152511954307556152e-01 2.000000000000000000e+00
1.268538696289062500e+03 3.337552185058593750e+02 1.311515991210937500e+03 3.814041748046875000e+02 3.817676603794097900e-01 2.000000000000000000e+00
1.482792114257812500e+03 7.645981445312500000e+02 1.569621459960937500e+03 8.193916015625000000e+02 3.628481328487396240e-01 2.000000000000000000e+00
1.239520507812500000e+03 3.110868835449218750e+02 1.275535766601562500e+03 3.558628234863281250e+02 3.509375452995300293e-01 2.000000000000000000e+00
9.292880249023437500e+02 9.092888183593750000e+02 9.578087158203125000e+02 9.576198730468750000e+02 3.407995700836181641e-01 0.000000000000000000e+00
1.526313354492187500e+03 9.780189819335937500e+02 1.684587402343750000e+03 1.050509033203125000e+03 3.315121531486511230e-01 2.000000000000000000e+00
1.084474121093750000e+03 4.682471618652343750e+02 1.136116577148437500e+03 5.018912963867187500e+02 3.288464546203613281e-01 2.000000000000000000e+00
1.261134033203125000e+03 3.188843688964843750e+02 1.301416137695312500e+03 3.613970642089843750e+02 3.172277808189392090e-01 2.000000000000000000e+00
1.339637207031250000e+03 3.340853881835937500e+02 1.380193481445312500e+03 3.726967773437500000e+02 3.171803951263427734e-01 2.000000000000000000e+00
4.286756286621093750e+02 1.806837677955627441e+00 9.532051391601562500e+02 6.061705322265625000e+02 3.003351688385009766e-01 7.000000000000000000e+00
4.532405395507812500e+02 6.720919799804687500e+02 5.238182983398437500e+02 7.124903564453125000e+02 2.989616990089416504e-01 8.000000000000000000e+00
1.347671508789062500e+03 3.366945495605468750e+02 1.408388183593750000e+03 3.742415771484375000e+02 2.969778776168823242e-01 2.000000000000000000e+00
1.368420776367187500e+03 2.835725402832031250e+02 1.426918701171875000e+03 3.183290100097656250e+02 2.903272509574890137e-01 2.000000000000000000e+00
4.593670349121093750e+02 6.732908325195312500e+02 5.233009643554687500e+02 7.080050048828125000e+02 2.787585556507110596e-01 2.000000000000000000e+00
1.416188598632812500e+03 2.961493530273437500e+02 1.453090576171875000e+03 3.303782043457031250e+02 2.772887051105499268e-01 2.000000000000000000e+00
1.338663208007812500e+03 3.785857543945312500e+02 1.400737792968750000e+03 4.137450256347656250e+02 2.685779929161071777e-01 2.000000000000000000e+00
1.288334106445312500e+03 3.605611267089843750e+02 1.330006103515625000e+03 3.940164794921875000e+02 2.664069533348083496e-01 2.000000000000000000e+00
3.427356872558593750e+02 6.649208984375000000e+02 4.102238159179687500e+02 6.988048706054687500e+02 2.579435408115386963e-01 2.000000000000000000e+00
