1.252705444335937500e+03 3.919660034179687500e+02 1.293545898437500000e+03 4.127610168457031250e+02 4.918314814567565918e-01 2.000000000000000000e+00
3.522157287597656250e+02 5.106677856445312500e+02 3.930205993652343750e+02 5.296575317382812500e+02 4.333569705486297607e-01 2.000000000000000000e+00
6.374398803710937500e+02 3.439289550781250000e+02 6.773648071289062500e+02 3.669424438476562500e+02 4.225514531135559082e-01 2.000000000000000000e+00
5.333392944335937500e+02 5.082452697753906250e+02 5.770851440429687500e+02 5.289544067382812500e+02 4.202274084091186523e-01 2.000000000000000000e+00
7.974539184570312500e+02 5.101873779296875000e+02 8.418048706054687500e+02 5.258799438476562500e+02 3.801106214523315430e-01 2.000000000000000000e+00
2.314424285888671875e+02 3.101564331054687500e+02 2.642519836425781250e+02 3.322089233398437500e+02 3.685960173606872559e-01 2.000000000000000000e+00
5.592426757812500000e+02 3.592129821777343750e+02 5.986536254882812500e+02 3.798892211914062500e+02 3.606423735618591309e-01 2.000000000000000000e+00
6.651927490234375000e+02 3.223970336914062500e+02 6.962473754882812500e+02 3.415203552246093750e+02 2.904434800148010254e-01 2.000000000000000000e+00
5.271018676757812500e+02 3.359432678222656250e+02 5.599194946289062500e+02 3.540040283203125000e+02 2.871646583080291748e-01 2.000000000000000000e+00
1.732971801757812500e+02 2.982702331542968750e+02 2.046409149169921875e+02 3.179462585449218750e+02 2.736876904964447021e-01 2.000000000000000000e+00
1.098474609375000000e+03 5.165715942382812500e+02 1.150288452148437500e+03 5.393268432617187500e+02 2.532912194728851318e-01 2.000000000000000000e+00
