1.439184875488281250e+02 1.398560943603515625e+02 1.840092773437500000e+02 2.024799652099609375e+02 7.491432428359985352e-01 7.000000000000000000e+00
1.114822143554687500e+03 3.153246459960937500e+02 1.151693481445312500e+03 3.537548828125000000e+02 6.496996283531188965e-01 2.000000000000000000e+00
1.192546463012695312e+02 4.194570922851562500e+02 1.980102233886718750e+02 5.204317016601562500e+02 6.373901367187500000e-01 5.000000000000000000e+00
1.134532592773437500e+03 3.495000305175781250e+02 1.181944458007812500e+03 4.089470520019531250e+02 6.104248166084289551e-01 2.000000000000000000e+00
1.951485900878906250e+02 1.477355499267578125e+02 2.269564971923828125e+02 1.957491455078125000e+02 5.047579407691955566e-01 7.000000000000000000e+00
1.036588867187500000e+03 3.330084228515625000e+02 1.080933959960937500e+03 3.817172241210937500e+02 4.648797512054443359e-01 2.000000000000000000e+00
7.782237243652343750e+01 5.161965942382812500e+02 1.450756530761718750e+02 5.953288574218750000e+02 4.426352679729461670e-01 2.000000000000000000e+00
7.850450897216796875e+01 5.105744934082031250e+02 1.606860809326171875e+02 5.938559570312500000e+02 3.501862585544586182e-01 5.000000000000000000e+00
9.740596923828125000e+02 1.019672164916992188e+02 1.002470581054687500e+03 1.275834655761718750e+02 2.693271934986114502e-01 2.000000000000000000e+00
1.034440063476562500e+03 1.692067413330078125e+02 1.065744628906250000e+03 2.108723449707031250e+02 2.529843151569366455e-01 0.000000000000000000e+00
9.279672241210937500e+02 1.182597885131835938e+02 9.522299804687500000e+02 1.398869171142578125e+02 2.516401112079620361e-01 2.000000000000000000e+00
