1.051997924804687500e+03 3.361505432128906250e+02 1.104507324218750000e+03 3.729527587890625000e+02 5.375862121582031250e-01 2.000000000000000000e+00
1.096362670898437500e+03 3.965490722656250000e+02 1.140058471679687500e+03 4.359975585937500000e+02 5.028916001319885254e-01 2.000000000000000000e+00
9.355264892578125000e+02 1.563855285644531250e+02 9.690382690429687500e+02 1.858359680175781250e+02 4.584501087665557861e-01 2.000000000000000000e+00
1.431131591796875000e+03 2.837859191894531250e+02 1.509286743164062500e+03 3.227344665527343750e+02 4.376546740531921387e-01 2.000000000000000000e+00
8.144174804687500000e+02 2.232235870361328125e+02 8.744622192382812500e+02 2.668706054687500000e+02 4.361504018306732178e-01 2.000000000000000000e+00
1.313338134765625000e+03 2.983346252441406250e+02 1.368124633789062500e+03 3.318895874023437500e+02 4.203250706195831299e-01 2.000000000000000000e+00
8.118348999023437500e+02 1.560146636962890625e+02 8.797835083007812500e+02 2.179529876708984375e+02 4.027505218982696533e-01 7.000000000000000000e+00
5.631453857421875000e+02 2.934770107269287109e+00 7.245512695312500000e+02 2.282837371826171875e+02 4.007137119770050049e-01 7.000000000000000000e+00
1.153613769531250000e+03 3.876228332519531250e+02 1.227050659179687500e+03 4.387334899902343750e+02 3.982709944248199463e-01 2.000000000000000000e+00
9.092463378906250000e+02 1.147994384765625000e+02 9.405246582031250000e+02 1.500979003906250000e+02 3.916745185852050781e-01 2.000000000000000000e+00
1.038064208984375000e+03 5.025074462890625000e+02 1.091123291015625000e+03 5.552238769531250000e+02 3.741418123245239258e-01 2.000000000000000000e+00
1.233939285278320312e+02 4.762327194213867188e+01 3.054518127441406250e+02 2.297556762695312500e+02 3.193823099136352539e-01 7.000000000000000000e+00
1.115277587890625000e+03 3.388245544433593750e+02 1.168274658203125000e+03 3.708816528320312500e+02 3.154384195804595947e-01 2.000000000000000000e+00
1.152362060546875000e+03 3.924318542480468750e+02 1.228716796875000000e+03 4.434043579101562500e+02 2.778398096561431885e-01 7.000000000000000000e+00
9.564570922851562500e+02 2.608755187988281250e+02 9.832286987304687500e+02 2.948829956054687500e+02 2.595046460628509521e-01 2.000000000000000000e+00
8.789906005859375000e+02 2.171058654785156250e+02 9.208243408203125000e+02 2.581206359863281250e+02 2.541605830192565918e-01 2.000000000000000000e+00
8.385905761718750000e+02 2.473570861816406250e+02 8.984650268554687500e+02 2.810487365722656250e+02 2.538910806179046631e-01 2.000000000000000000e+00
