7.485211181640625000e+02 1.373832244873046875e+02 8.458168334960937500e+02 2.325608673095703125e+02 8.149755001068115234e-01 2.000000000000000000e+00
4.548811035156250000e+02 4.074040527343750000e+02 5.510053100585937500e+02 5.599660034179687500e+02 7.701272964477539062e-01 2.000000000000000000e+00
8.025635986328125000e+02 3.623046264648437500e+02 9.043175048828125000e+02 4.955870361328125000e+02 7.567849159240722656e-01 2.000000000000000000e+00
9.482839965820312500e+02 6.006651611328125000e+02 1.126210815429687500e+03 7.631903686523437500e+02 7.386771440505981445e-01 2.000000000000000000e+00
1.082843383789062500e+03 7.514948730468750000e+02 1.232057983398437500e+03 9.469143066406250000e+02 7.017062902450561523e-01 7.000000000000000000e+00
5.339805297851562500e+02 3.231868286132812500e+02 6.282982788085937500e+02 4.630139465332031250e+02 6.848227977752685547e-01 2.000000000000000000e+00
4.940795288085937500e+02 5.972415771484375000e+02 5.999054565429687500e+02 7.783419799804687500e+02 6.743535995483398438e-01 2.000000000000000000e+00
6.875521240234375000e+02 1.133921527862548828e+01 7.551603393554687500e+02 8.347202301025390625e+01 6.429287195205688477e-01 2.000000000000000000e+00
9.222678222656250000e+02 4.587178649902343750e+02 1.034907348632812500e+03 5.793195800781250000e+02 6.034903526306152344e-01 2.000000000000000000e+00
2.841400146484375000e+02 3.636890869140625000e+02 3.626232604980468750e+02 4.753649597167968750e+02 5.526295900344848633e-01 2.000000000000000000e+00
7.354301147460937500e+02 8.225199127197265625e+01 8.003828735351562500e+02 1.484254455566406250e+02 5.371676087379455566e-01 2.000000000000000000e+00
8.531848754882812500e+02 3.191447448730468750e+02 9.492015991210937500e+02 4.255818481445312500e+02 4.791222214698791504e-01 2.000000000000000000e+00
9.702244873046875000e+02 7.276004028320312500e+02 1.117810180664062500e+03 9.112459106445312500e+02 4.568071663379669189e-01 7.000000000000000000e+00
7.610296020507812500e+02 0.000000000000000000e+00 8.484233398437500000e+02 8.235280609130859375e+01 3.271497786045074463e-01 7.000000000000000000e+00
8.507658691406250000e+02 3.196300964355468750e+02 9.488314208984375000e+02 4.243660888671875000e+02 3.162018358707427979e-01 7.000000000000000000e+00
9.710612182617187500e+02 7.320487060546875000e+02 1.117197631835937500e+03 9.020942993164062500e+02 3.100787699222564697e-01 2.000000000000000000e+00
5.285887451171875000e+02 8.118069458007812500e+02 6.547029418945312500e+02 1.014173950195312500e+03 2.988749742507934570e-01 2.000000000000000000e+00
