1.102548461914062500e+03 6.438699340820312500e+02 1.184461669921875000e+03 7.013838500976562500e+02 6.754281520843505859e-01 2.000000000000000000e+00
1.105471069335937500e+03 5.594818115234375000e+02 1.173874389648437500e+03 6.110292358398437500e+02 6.342184543609619141e-01 2.000000000000000000e+00
1.258255126953125000e+03 4.875577392578125000e+02 1.320524291992187500e+03 5.298890380859375000e+02 6.315243244171142578e-01 2.000000000000000000e+00
1.583961029052734375e+02 9.791296386718750000e+02 3.416077880859375000e+02 1.077603271484375000e+03 5.453436970710754395e-01 7.000000000000000000e+00
1.422333984375000000e+03 4.029658508300781250e+02 1.477633666992187500e+03 4.379646301269531250e+02 5.172293782234191895e-01 2.000000000000000000e+00
5.735744018554687500e+02 3.523363037109375000e+02 6.362277221679687500e+02 4.134325866699218750e+02 4.200936853885650635e-01 2.000000000000000000e+00
3.591455993652343750e+02 3.672328186035156250e+02 4.905885314941406250e+02 5.193354492187500000e+02 3.973989188671112061e-01 5.000000000000000000e+00
1.621478515625000000e+03 3.049005432128906250e+02 1.661241455078125000e+03 3.372289123535156250e+02 3.880121111869812012e-01 2.000000000000000000e+00
1.340433715820312500e+03 4.416599731445312500e+02 1.403158691406250000e+03 4.900023498535156250e+02 3.509554266929626465e-01 2.000000000000000000e+00
1.306115478515625000e+03 9.191953735351562500e+02 1.438507934570312500e+03 1.062476318359375000e+03 3.241423666477203369e-01 7.000000000000000000e+00
5.193970336914062500e+02 3.094519653320312500e+02 5.889930419921875000e+02 3.521253356933593750e+02 3.064077198505401611e-01 2.000000000000000000e+00
1.104529541015625000e+03 2.896036682128906250e+02 1.262093750000000000e+03 4.567347106933593750e+02 2.548003494739532471e-01 5.000000000000000000e+00
