1.554253540039062500e+02 5.916712036132812500e+02 2.543223876953125000e+02 6.569478149414062500e+02 7.994304299354553223e-01 2.000000000000000000e+00
7.957068634033203125e+01 5.448255615234375000e+02 1.644893493652343750e+02 6.047630615234375000e+02 7.979750633239746094e-01 2.000000000000000000e+00
2.168563690185546875e+02 6.181219482421875000e+02 3.295479736328125000e+02 7.033992309570312500e+02 7.296558618545532227e-01 2.000000000000000000e+00
3.412360534667968750e+02 7.203189086914062500e+02 4.196174926757812500e+02 7.830197753906250000e+02 6.385608911514282227e-01 2.000000000000000000e+00
3.718741455078125000e+02 7.270441894531250000e+02 4.643002319335937500e+02 7.941989135742187500e+02 5.751491189002990723e-01 2.000000000000000000e+00
4.269213867187500000e+02 7.601224365234375000e+02 5.204013061523437500e+02 8.345318603515625000e+02 4.979873895645141602e-01 2.000000000000000000e+00
5.085715942382812500e+02 8.071218872070312500e+02 5.827249145507812500e+02 8.823089599609375000e+02 4.889791607856750488e-01 2.000000000000000000e+00
1.091205932617187500e+03 4.978566589355468750e+02 1.161113281250000000e+03 5.429863891601562500e+02 4.765205681324005127e-01 2.000000000000000000e+00
1.136558837890625000e+03 5.627956542968750000e+02 1.203126831054687500e+03 6.017308349609375000e+02 3.959811329841613770e-01 2.000000000000000000e+00
1.091461303710937500e+03 3.765702819824218750e+02 1.137433105468750000e+03 4.156873779296875000e+02 3.584649264812469482e-01 2.000000000000000000e+00
5.165627441406250000e+02 8.145057373046875000e+02 6.279733276367187500e+02 9.159522705078125000e+02 3.382987976074218750e-01 2.000000000000000000e+00
1.043711303710937500e+03 3.602470092773437500e+02 1.083027221679687500e+03 3.888748168945312500e+02 3.003797531127929688e-01 2.000000000000000000e+00
4.419882507324218750e+02 7.805072021484375000e+02 5.308860473632812500e+02 8.598914794921875000e+02 2.658544778823852539e-01 2.000000000000000000e+00
1.073069213867187500e+03 3.766107788085937500e+02 1.114861572265625000e+03 4.125624084472656250e+02 2.601043283939361572e-01 2.000000000000000000e+00
1.137904785156250000e+03 6.606712646484375000e+02 1.192069213867187500e+03 7.046288452148437500e+02 2.511676251888275146e-01 2.000000000000000000e+00
