1.099525634765625000e+03 5.600476074218750000e+02 1.258554443359375000e+03 6.521470336914062500e+02 8.783212304115295410e-01 2.000000000000000000e+00
7.518756103515625000e+02 4.852401428222656250e+02 8.527876586914062500e+02 6.079696655273437500e+02 8.488754630088806152e-01 2.000000000000000000e+00
1.101901611328125000e+03 6.833798828125000000e+02 1.331012329101562500e+03 7.882625122070312500e+02 7.733799815177917480e-01 2.000000000000000000e+00
7.202553710937500000e+02 3.870816345214843750e+02 8.089589233398437500e+02 4.847439880371093750e+02 7.503049969673156738e-01 2.000000000000000000e+00
2.323499450683593750e+02 1.199720687866210938e+02 2.881180725097656250e+02 1.830541229248046875e+02 7.284724116325378418e-01 2.000000000000000000e+00
6.574284667968750000e+02 1.607768707275390625e+02 7.173505249023437500e+02 2.334797821044921875e+02 7.049400210380554199e-01 2.000000000000000000e+00
6.968491821289062500e+02 2.908456726074218750e+02 7.699949340820312500e+02 3.725741882324218750e+02 6.773308515548706055e-01 2.000000000000000000e+00
1.219230957031250000e+03 8.433502807617187500e+02 1.398178466796875000e+03 9.577212524414062500e+02 6.653292179107666016e-01 2.000000000000000000e+00
1.470080871582031250e+02 2.269223480224609375e+02 2.220200500488281250e+02 3.109239501953125000e+02 6.364374756813049316e-01 2.000000000000000000e+00
8.154119873046875000e+02 3.356174621582031250e+02 8.951454467773437500e+02 4.319563903808593750e+02 6.046417951583862305e-01 2.000000000000000000e+00
3.087050170898437500e+02 3.377408142089843750e+02 3.958701171875000000e+02 5.507120971679687500e+02 5.970823764801025391e-01 2.000000000000000000e+00
7.053554077148437500e+02 1.629457702636718750e+02 7.725360717773437500e+02 2.218389739990234375e+02 5.878964662551879883e-01 2.000000000000000000e+00
2.803287658691406250e+02 0.000000000000000000e+00 3.609666137695312500e+02 8.796007537841796875e+01 5.761656165122985840e-01 7.000000000000000000e+00
6.739641723632812500e+02 4.174976348876953125e+01 7.787035522460937500e+02 1.047212829589843750e+02 5.555138587951660156e-01 2.000000000000000000e+00
1.907721862792968750e+02 1.573506774902343750e+02 2.545888061523437500e+02 2.387886199951171875e+02 5.337244868278503418e-01 2.000000000000000000e+00
6.155103759765625000e+02 3.435492515563964844e-01 6.515972900390625000e+02 3.458486175537109375e+01 4.620071649551391602e-01 2.000000000000000000e+00
9.153265380859375000e+02 9.928278198242187500e+02 1.030987060546875000e+03 1.050000000000000000e+03 4.613696634769439697e-01 2.000000000000000000e+00
1.109657382965087891e+01 4.352840270996093750e+02 1.555458526611328125e+02 5.741781005859375000e+02 4.350604116916656494e-01 7.000000000000000000e+00
4.695969543457031250e+02 4.460784912109375000e+02 5.488108520507812500e+02 6.743345947265625000e+02 2.903783619403839111e-01 9.000000000000000000e+00
8.393517456054687500e+02 4.153081054687500000e+02 9.218361206054687500e+02 5.147072143554687500e+02 2.700426280498504639e-01 2.000000000000000000e+00
