3.953772583007812500e+02 3.111077270507812500e+02 4.551371765136718750e+02 3.343806152343750000e+02 6.919575929641723633e-01 2.000000000000000000e+00
4.777144470214843750e+02 5.459238891601562500e+02 5.290684204101562500e+02 5.985880126953125000e+02 6.312540173530578613e-01 2.000000000000000000e+00
7.821807861328125000e+02 8.279288482666015625e+01 7.988831787109375000e+02 9.951557922363281250e+01 5.576781630516052246e-01 2.000000000000000000e+00
9.180693969726562500e+02 8.943495178222656250e+01 9.434443359375000000e+02 1.199585266113281250e+02 4.043200612068176270e-01 2.000000000000000000e+00
9.444437255859375000e+02 2.274090290069580078e+00 9.723032226562500000e+02 4.387897491455078125e+01 3.975623250007629395e-01 2.000000000000000000e+00
7.986972045898437500e+02 4.038933410644531250e+02 8.741760864257812500e+02 4.542322998046875000e+02 3.925355970859527588e-01 5.000000000000000000e+00
1.343652954101562500e+03 5.130064086914062500e+02 1.399656005859375000e+03 5.681652221679687500e+02 3.363146185874938965e-01 7.000000000000000000e+00
4.253316650390625000e+02 4.684938049316406250e+02 4.510774536132812500e+02 4.925918273925781250e+02 3.140141367912292480e-01 2.000000000000000000e+00
4.961744079589843750e+02 3.449277038574218750e+02 5.366838989257812500e+02 3.615690307617187500e+02 3.102959394454956055e-01 2.000000000000000000e+00
9.201505737304687500e+02 5.717230224609375000e+01 9.551165161132812500e+02 9.603525543212890625e+01 2.837008535861968994e-01 2.000000000000000000e+00
2.707978820800781250e+02 2.733187561035156250e+02 3.370252380371093750e+02 3.010519714355468750e+02 2.621836960315704346e-01 2.000000000000000000e+00
5.133862304687500000e+01 7.526751708984375000e+02 1.421017150878906250e+02 7.858295898437500000e+02 2.613567113876342773e-01 2.000000000000000000e+00
