1.116594238281250000e+03 5.023071899414062500e+02 1.190567993164062500e+03 5.618267822265625000e+02 6.992329359054565430e-01 2.000000000000000000e+00
7.661755371093750000e+02 8.286376342773437500e+02 8.467789306640625000e+02 9.305269165039062500e+02 6.725533604621887207e-01 2.000000000000000000e+00
1.387976562500000000e+03 2.576267089843750000e+02 1.906068725585937500e+03 6.355029296875000000e+02 5.854680538177490234e-01 7.000000000000000000e+00
1.075604492187500000e+03 5.088851623535156250e+02 1.178224243164062500e+03 5.731619873046875000e+02 5.441166758537292480e-01 2.000000000000000000e+00
1.218985107421875000e+03 4.738517456054687500e+02 1.285022338867187500e+03 5.211066284179687500e+02 5.439956784248352051e-01 2.000000000000000000e+00
1.255057739257812500e+03 4.540242004394531250e+02 1.359602905273437500e+03 5.099533691406250000e+02 5.136482119560241699e-01 2.000000000000000000e+00
1.434180541992187500e+03 4.968718261718750000e+02 1.648136840820312500e+03 6.518594970703125000e+02 3.945698142051696777e-01 7.000000000000000000e+00
3.010043334960937500e+02 8.154427490234375000e+02 4.611539916992187500e+02 1.067812011718750000e+03 3.569134175777435303e-01 7.700000000000000000e+01
4.890657653808593750e+02 1.023846435546875000e+03 5.358428344726562500e+02 1.076630493164062500e+03 3.058960437774658203e-01 0.000000000000000000e+00
5.464738769531250000e+02 5.739887695312500000e+02 6.721707153320312500e+02 6.339396972656250000e+02 2.988051176071166992e-01 7.000000000000000000e+00
8.693496093750000000e+02 5.785462646484375000e+02 9.208574829101562500e+02 6.358018798828125000e+02 2.700603902339935303e-01 2.000000000000000000e+00
