4.987142333984375000e+02 9.317771148681640625e+01 5.964030761718750000e+02 1.425112915039062500e+02 7.965549826622009277e-01 2.000000000000000000e+00
1.144195312500000000e+03 9.023798217773437500e+02 1.265650634765625000e+03 1.059907592773437500e+03 7.283750772476196289e-01 2.000000000000000000e+00
1.208727539062500000e+03 8.228270263671875000e+02 1.351055664062500000e+03 9.405285034179687500e+02 7.022792100906372070e-01 2.000000000000000000e+00
7.125446777343750000e+02 1.898544616699218750e+02 8.079813842773437500e+02 2.694812927246093750e+02 6.436890959739685059e-01 2.000000000000000000e+00
4.591754455566406250e+02 3.159917907714843750e+02 5.654351196289062500e+02 4.253344726562500000e+02 4.578948318958282471e-01 7.000000000000000000e+00
1.590275634765625000e+03 7.292787475585937500e+02 1.694346069335937500e+03 8.235386352539062500e+02 4.040676951408386230e-01 2.000000000000000000e+00
4.576892089843750000e+02 3.158844604492187500e+02 5.666544799804687500e+02 4.279198303222656250e+02 4.002384245395660400e-01 5.000000000000000000e+00
1.703376312255859375e+02 5.889445190429687500e+02 4.028656311035156250e+02 7.909785766601562500e+02 3.968436121940612793e-01 7.000000000000000000e+00
8.799253540039062500e+02 3.659691162109375000e+02 1.038736450195312500e+03 4.970741882324218750e+02 3.319755792617797852e-01 7.000000000000000000e+00
1.044767089843750000e+03 5.495288696289062500e+02 1.200563720703125000e+03 6.898847656250000000e+02 2.635584771633148193e-01 2.000000000000000000e+00
