3.499848022460937500e+02 6.225425415039062500e+02 3.969348144531250000e+02 6.536933593750000000e+02 7.283980250358581543e-01 2.000000000000000000e+00
4.640247802734375000e+02 6.223089599609375000e+02 5.102550659179687500e+02 6.486115722656250000e+02 6.898036599159240723e-01 2.000000000000000000e+00
2.309402313232421875e+02 6.309208984375000000e+02 2.877214965820312500e+02 6.567291259765625000e+02 6.124654412269592285e-01 2.000000000000000000e+00
3.014985351562500000e+02 6.506013183593750000e+02 3.558300170898437500e+02 6.947832641601562500e+02 5.889425277709960938e-01 2.000000000000000000e+00
1.117584228515625000e+02 6.204928588867187500e+02 1.771306915283203125e+02 6.662582397460937500e+02 5.809208750724792480e-01 2.000000000000000000e+00
1.700120697021484375e+02 6.381384887695312500e+02 2.196914062500000000e+02 6.638286743164062500e+02 5.705649256706237793e-01 2.000000000000000000e+00
4.313612365722656250e+02 5.889742431640625000e+02 4.712808532714843750e+02 6.089917602539062500e+02 5.323867201805114746e-01 2.000000000000000000e+00
3.376420593261718750e+02 5.874204711914062500e+02 3.833567504882812500e+02 6.098930664062500000e+02 5.312808752059936523e-01 2.000000000000000000e+00
9.321843719482421875e+01 5.896275634765625000e+02 1.381045074462890625e+02 6.147417602539062500e+02 5.126261711120605469e-01 2.000000000000000000e+00
4.836591796875000000e+02 5.848984985351562500e+02 5.243542480468750000e+02 6.086556396484375000e+02 4.646574854850769043e-01 2.000000000000000000e+00
6.896700439453125000e+02 5.578425903320312500e+02 7.155531616210937500e+02 5.913591918945312500e+02 3.951503038406372070e-01 2.000000000000000000e+00
7.256416625976562500e+02 7.478287963867187500e+02 7.542833862304687500e+02 7.866904296875000000e+02 3.871096670627593994e-01 2.000000000000000000e+00
0.000000000000000000e+00 3.196372985839843750e+02 1.581247406005859375e+02 4.480710144042968750e+02 3.698987364768981934e-01 5.000000000000000000e+00
9.048137207031250000e+02 8.409756469726562500e+02 9.457583007812500000e+02 8.951937255859375000e+02 3.577629923820495605e-01 5.000000000000000000e+00
3.130443725585937500e+02 6.445166625976562500e+02 3.586410827636718750e+02 6.790070800781250000e+02 3.560950160026550293e-01 2.000000000000000000e+00
2.946716308593750000e+02 6.303442382812500000e+02 3.353909912109375000e+02 6.563894653320312500e+02 3.351577222347259521e-01 2.000000000000000000e+00
7.755659179687500000e+02 7.948295288085937500e+02 8.090497436523437500e+02 8.460010375976562500e+02 3.019612133502960205e-01 2.000000000000000000e+00
7.200053100585937500e+02 4.986813964843750000e+02 7.346127319335937500e+02 5.178148803710937500e+02 2.825369536876678467e-01 2.000000000000000000e+00
