9.286777343750000000e+02 7.580177001953125000e+02 1.043694091796875000e+03 9.741842041015625000e+02 8.856849670410156250e-01 0.000000000000000000e+00
5.351682128906250000e+02 4.785316772460937500e+02 6.144223632812500000e+02 7.016314086914062500e+02 8.681851029396057129e-01 0.000000000000000000e+00
6.107966308593750000e+02 5.917860107421875000e+02 7.102389526367187500e+02 8.481661376953125000e+02 8.512415289878845215e-01 0.000000000000000000e+00
7.237120361328125000e+02 5.128853149414062500e+02 7.978816528320312500e+02 7.261959228515625000e+02 8.284977674484252930e-01 0.000000000000000000e+00
7.445975341796875000e+02 6.067651367187500000e+02 8.317703247070312500e+02 8.381658935546875000e+02 8.013494014739990234e-01 0.000000000000000000e+00
6.920410156250000000e+02 3.543478088378906250e+02 7.849626464843750000e+02 5.523627929687500000e+02 8.001554012298583984e-01 0.000000000000000000e+00
9.586101074218750000e+02 7.969587707519531250e+01 1.243080566406250000e+03 2.608385925292968750e+02 7.669061422348022461e-01 2.500000000000000000e+01
8.769815673828125000e+02 9.417827148437500000e+02 9.604833374023437500e+02 1.049677734375000000e+03 3.575269877910614014e-01 0.000000000000000000e+00
8.318420410156250000e+02 3.680554199218750000e+02 9.407763061523437500e+02 4.973453674316406250e+02 3.328133523464202881e-01 0.000000000000000000e+00
1.200915771484375000e+03 5.919694900512695312e-01 1.398945678710937500e+03 2.281786041259765625e+02 3.319298028945922852e-01 2.500000000000000000e+01
8.891091918945312500e+02 2.164581298828125000e+00 9.818239746093750000e+02 1.027352600097656250e+02 2.816645205020904541e-01 5.800000000000000000e+01
