1.904315338134765625e+02 5.609169921875000000e+02 2.616462097167968750e+02 6.331207885742187500e+02 7.571934461593627930e-01 2.000000000000000000e+00
3.139802169799804688e+01 3.998463745117187500e+02 9.222815704345703125e+01 4.481887207031250000e+02 6.981046199798583984e-01 2.000000000000000000e+00
9.835831909179687500e+02 4.314451293945312500e+02 1.039820434570312500e+03 4.809402465820312500e+02 6.553359627723693848e-01 2.000000000000000000e+00
1.007378082275390625e+02 3.049518127441406250e+02 3.303996276855468750e+02 4.596436767578125000e+02 5.812786221504211426e-01 7.000000000000000000e+00
8.892313842773437500e+02 7.487010498046875000e+02 9.164821777343750000e+02 7.909562377929687500e+02 4.298479259014129639e-01 0.000000000000000000e+00
1.247928344726562500e+03 8.411467285156250000e+02 1.400000000000000000e+03 9.747219238281250000e+02 4.236939251422882080e-01 2.000000000000000000e+00
2.755217895507812500e+02 4.160303955078125000e+02 7.655188598632812500e+02 8.907827148437500000e+02 4.000809192657470703e-01 7.000000000000000000e+00
4.410771484375000000e+02 3.932411804199218750e+02 5.047861633300781250e+02 4.348256225585937500e+02 3.929754495620727539e-01 2.000000000000000000e+00
1.970880317687988281e+01 2.288789672851562500e+02 2.289725341796875000e+02 3.570823669433593750e+02 3.558196127414703369e-01 7.000000000000000000e+00
1.068607910156250000e+03 8.845814819335937500e+02 1.087065917968750000e+03 9.119982299804687500e+02 3.523347377777099609e-01 0.000000000000000000e+00
1.247273559570312500e+03 8.198937988281250000e+02 1.400000000000000000e+03 9.756726684570312500e+02 3.513070046901702881e-01 7.000000000000000000e+00
4.316180114746093750e+02 5.630366210937500000e+02 7.821176147460937500e+02 8.808577880859375000e+02 3.500447273254394531e-01 7.000000000000000000e+00
3.776429443359375000e+02 3.843523559570312500e+02 5.023710937500000000e+02 4.388380432128906250e+02 3.493972420692443848e-01 2.000000000000000000e+00
9.030219726562500000e+02 8.779090576171875000e+02 1.240880859375000000e+03 1.049180175781250000e+03 3.308998644351959229e-01 7.000000000000000000e+00
2.743604431152343750e+02 4.122914733886718750e+02 6.169289550781250000e+02 7.160821533203125000e+02 3.056466281414031982e-01 5.000000000000000000e+00
2.268323707580566406e+01 2.291365661621093750e+02 2.314695434570312500e+02 3.563224182128906250e+02 2.925579845905303955e-01 5.000000000000000000e+00
6.594649658203125000e+02 4.939746398925781250e+02 6.805155029296875000e+02 5.249464111328125000e+02 2.673999965190887451e-01 0.000000000000000000e+00
6.549862060546875000e+02 7.698835449218750000e+02 9.968718872070312500e+02 1.046511718750000000e+03 2.568708062171936035e-01 7.000000000000000000e+00
