1.046310424804687500e+03 2.854238586425781250e+02 1.179989624023437500e+03 3.926044311523437500e+02 7.241148352622985840e-01 7.000000000000000000e+00
1.212659545898437500e+03 2.684961853027343750e+02 1.292516479492187500e+03 3.249356994628906250e+02 6.964548230171203613e-01 2.000000000000000000e+00
1.556464599609375000e+03 4.192072143554687500e+02 1.642794311523437500e+03 4.807785339355468750e+02 6.953143477439880371e-01 2.000000000000000000e+00
8.042790527343750000e+02 4.298362731933593750e+02 9.029534912109375000e+02 4.874975891113281250e+02 6.843597888946533203e-01 2.000000000000000000e+00
4.944869995117187500e+02 8.154276123046875000e+02 6.299932861328125000e+02 9.192086181640625000e+02 6.549713015556335449e-01 2.000000000000000000e+00
2.324953460693359375e+02 5.930650024414062500e+02 3.904516296386718750e+02 7.179575805664062500e+02 6.390986442565917969e-01 7.000000000000000000e+00
5.609003067016601562e+01 2.138337402343750000e+02 1.399833679199218750e+02 2.629203491210937500e+02 5.957493185997009277e-01 2.000000000000000000e+00
1.526651245117187500e+03 1.523956909179687500e+02 1.595444702148437500e+03 1.946234130859375000e+02 5.897887945175170898e-01 2.000000000000000000e+00
9.004430541992187500e+02 5.599196166992187500e+02 1.040128417968750000e+03 6.938054809570312500e+02 5.848426222801208496e-01 5.000000000000000000e+00
9.222194552421569824e-01 1.021981933593750000e+03 9.192407226562500000e+01 1.074993652343750000e+03 5.614386796951293945e-01 2.000000000000000000e+00
3.632694091796875000e+02 8.625953979492187500e+02 4.548456115722656250e+02 9.207626953125000000e+02 5.241841077804565430e-01 2.000000000000000000e+00
1.599338989257812500e+02 9.206737060546875000e+02 3.636731567382812500e+02 1.033224487304687500e+03 5.185201764106750488e-01 2.000000000000000000e+00
6.608211059570312500e+02 4.775474243164062500e+02 7.701463012695312500e+02 5.357180786132812500e+02 5.090633630752563477e-01 2.000000000000000000e+00
1.815853515625000000e+03 9.427892303466796875e+01 1.878806030273437500e+03 1.316847839355468750e+02 5.080255866050720215e-01 2.000000000000000000e+00
5.609993286132812500e+02 5.250015869140625000e+02 6.586752319335937500e+02 5.809314575195312500e+02 4.797711372375488281e-01 2.000000000000000000e+00
4.989663391113281250e+02 1.427799835205078125e+02 5.785270996093750000e+02 1.967378997802734375e+02 4.457148909568786621e-01 2.000000000000000000e+00
1.366178955078125000e+03 4.261689758300781250e+02 1.466889282226562500e+03 4.851544494628906250e+02 4.419229030609130859e-01 2.000000000000000000e+00
4.436315002441406250e+02 5.661185913085937500e+02 5.523710937500000000e+02 6.376965332031250000e+02 4.123317599296569824e-01 2.000000000000000000e+00
1.519272705078125000e+03 8.113754272460937500e+02 1.915661010742187500e+03 1.072766479492187500e+03 3.787727653980255127e-01 2.000000000000000000e+00
9.151121520996093750e+01 6.891749267578125000e+02 2.023471679687500000e+02 7.734963378906250000e+02 3.686838150024414062e-01 2.000000000000000000e+00
1.750677124023437500e+03 6.907174682617187500e+01 1.811279785156250000e+03 1.066018218994140625e+02 3.685134947299957275e-01 2.000000000000000000e+00
8.660728454589843750e+01 6.847243652343750000e+02 2.034046783447265625e+02 7.767553100585937500e+02 3.675224483013153076e-01 7.000000000000000000e+00
1.680822753906250000e+02 7.686008300781250000e+02 3.928644104003906250e+02 9.079689941406250000e+02 3.543093502521514893e-01 5.000000000000000000e+00
1.508787109375000000e+03 8.126111450195312500e+02 1.915135009765625000e+03 1.071356445312500000e+03 3.519420027732849121e-01 5.000000000000000000e+00
1.703731079101562500e+02 7.687122802734375000e+02 3.963599548339843750e+02 9.105269165039062500e+02 3.505823016166687012e-01 7.000000000000000000e+00
7.671757812500000000e+02 6.527459716796875000e+02 8.975215454101562500e+02 7.920953979492187500e+02 3.263479471206665039e-01 7.000000000000000000e+00
0.000000000000000000e+00 7.656379394531250000e+02 4.879153442382812500e+01 8.174202880859375000e+02 3.172185719013214111e-01 2.000000000000000000e+00
5.123834609985351562e+01 3.222983093261718750e+02 9.779843139648437500e+01 3.491119384765625000e+02 3.137079775333404541e-01 2.000000000000000000e+00
9.647650756835937500e+02 7.224951171875000000e+02 1.354657348632812500e+03 1.072048095703125000e+03 3.130490779876708984e-01 5.000000000000000000e+00
1.511348144531250000e+03 8.111392211914062500e+02 1.916000000000000000e+03 1.074859130859375000e+03 3.036817610263824463e-01 7.000000000000000000e+00
1.701337280273437500e+02 7.671773071289062500e+02 3.905485534667968750e+02 9.085357055664062500e+02 2.698391973972320557e-01 2.000000000000000000e+00
