1.076330688476562500e+03 1.282967662811279297e+01 1.146732666015625000e+03 5.269096755981445312e+01 6.585275530815124512e-01 2.000000000000000000e+00
1.338216430664062500e+03 4.938699340820312500e+01 1.399976440429687500e+03 8.446368408203125000e+01 4.697028398513793945e-01 2.000000000000000000e+00
6.402567138671875000e+02 1.565107879638671875e+02 7.615793457031250000e+02 3.024548034667968750e+02 4.526220560073852539e-01 7.000000000000000000e+00
3.208375244140625000e+02 3.816064758300781250e+02 4.787932739257812500e+02 5.189315185546875000e+02 4.314261972904205322e-01 7.000000000000000000e+00
6.528556518554687500e+02 7.008576660156250000e+02 8.147823486328125000e+02 7.875078735351562500e+02 4.241078495979309082e-01 2.000000000000000000e+00
1.204301269531250000e+03 5.940993881225585938e+01 1.386125976562500000e+03 1.439508209228515625e+02 4.193207323551177979e-01 7.000000000000000000e+00
9.072040405273437500e+02 3.500030822753906250e+02 9.517767944335937500e+02 4.269985656738281250e+02 3.921305835247039795e-01 2.000000000000000000e+00
8.544802246093750000e+02 1.686145210266113281e+01 1.053319458007812500e+03 8.760304260253906250e+01 3.449419736862182617e-01 7.000000000000000000e+00
9.946412353515625000e+02 5.742118835449218750e+00 1.061296752929687500e+03 3.493172836303710938e+01 3.130819499492645264e-01 2.000000000000000000e+00
0.000000000000000000e+00 6.604797973632812500e+02 7.855875396728515625e+01 7.611647338867187500e+02 2.908962965011596680e-01 2.000000000000000000e+00
1.041646850585937500e+03 6.220755767822265625e+01 1.186948364257812500e+03 1.134674072265625000e+02 2.891680598258972168e-01 2.000000000000000000e+00
1.947238311767578125e+02 1.872985382080078125e+02 3.029765625000000000e+02 3.400575866699218750e+02 2.854407429695129395e-01 6.000000000000000000e+00
9.282227783203125000e+02 0.000000000000000000e+00 9.830628662109375000e+02 2.978411102294921875e+01 2.854210436344146729e-01 2.000000000000000000e+00
8.907816162109375000e+02 1.736806030273437500e+02 9.358699340820312500e+02 2.518537597656250000e+02 2.583993375301361084e-01 2.000000000000000000e+00
4.841463928222656250e+02 6.610360107421875000e+02 5.859652709960937500e+02 7.795709228515625000e+02 2.580048441886901855e-01 7.000000000000000000e+00
